date,ticker,returns,weights
2019-01-01,SPY,0.008720693,7.542806e-19
2019-01-02,SPY,0.0,0.0
2019-01-03,SPY,0.0010397921,0.0
2019-01-04,SPY,-0.024152149,0.0
2019-01-07,SPY,0.032947,0.0
2019-01-08,SPY,0.007853702,3.1074747e-17
2019-01-09,SPY,0.00935153,0.0
2019-01-10,SPY,0.0046625566,1.216805e-17
2019-01-11,SPY,0.0035213348,0.021158615
2019-01-14,SPY,0.00038620477,0.0
2019-01-15,SPY,-0.0061195437,0.0
2019-01-16,SPY,0.011395585,0.029272307
2019-01-17,SPY,0.0024168964,0.031849094
2019-01-18,SPY,0.0075581535,0.0
2019-01-21,SPY,0.013222209,2.9256946e-18
2019-01-22,SPY,0.0,0.0
2019-01-23,SPY,-0.013602568,4.1440615e-18
2019-01-24,SPY,0.0020901826,2.7466456e-18
2019-01-25,SPY,0.0005313496,0.0
2019-01-28,SPY,0.0084257955,0.1167057
2019-01-29,SPY,-0.0076293,7.617824e-18
2019-01-30,SPY,-0.0013278452,0.0
2019-01-31,SPY,0.015706833,0.0036057432
2019-02-01,SPY,0.008744079,0.0
2019-02-04,SPY,0.0004814904,0.0
2019-02-05,SPY,0.0070108403,5.782412e-19
2019-02-06,SPY,0.0041830316,0.0
2019-02-07,SPY,-0.001319068,0.0
2019-02-08,SPY,-0.009578617,2.194271e-18
2019-02-11,SPY,0.0012208433,3.6571183e-19
2019-02-12,SPY,0.0005544364,3.1803264e-18
2019-02-13,SPY,0.012777381,0.050730847
2019-02-14,SPY,0.0032417302,0.0
2019-02-15,SPY,-0.0022207266,1.7434627e-19
2019-02-18,SPY,0.010838348,0.0
2019-02-19,SPY,0.0,3.9571062e-19
2019-02-20,SPY,0.0017290448,2.7540249e-18
2019-02-21,SPY,0.0020134477,8.177565e-19
2019-02-22,SPY,-0.0035622441,0.0
2019-02-25,SPY,0.0061808447,0.0
2019-02-26,SPY,0.0013603983,1.1944098e-18
2019-02-27,SPY,-0.00071576843,1.3586412e-17
2019-02-28,SPY,-0.00042970708,0.0
2019-03-01,SPY,-0.0018642007,2.023844e-18
2019-03-04,SPY,0.006224309,1.407776e-18
2019-03-05,SPY,-0.0036440324,0.0
2019-03-06,SPY,-0.001360983,0.0
2019-03-07,SPY,-0.006075331,1.1120917e-19
2019-03-08,SPY,-0.008400672,2.2406844e-18
2019-03-11,SPY,-0.0020019298,0.0
2019-03-12,SPY,0.014397065,0.07708026
2019-03-13,SPY,0.0037639174,0.0
2019-03-14,SPY,0.0065973885,0.0
2019-03-15,SPY,-0.00064000004,0.0
2019-03-18,SPY,0.0005333618,0.0
2019-03-19,SPY,0.0036193354,0.0
2019-03-20,SPY,0.00024790608,0.017059121
2019-03-21,SPY,-0.003014454,0.0
2019-03-22,SPY,0.011231311,0.0
2019-03-25,SPY,-0.019433925,0.0
2019-03-26,SPY,-0.00075229723,0.0
2019-03-27,SPY,0.0074264836,0.06416149
2019-03-28,SPY,-0.005242803,0.077492334
2019-03-29,SPY,0.0037832868,0.016286567
2019-04-01,SPY,0.0062856437,0.022399269
2019-04-02,SPY,0.0117894765,0.044035483
2019-04-03,SPY,0.0004896817,0.008321394
2019-04-04,SPY,0.0015723548,1.5419764e-18
2019-04-05,SPY,0.0026499317,0.011285021
2019-04-08,SPY,0.004828494,0.023807755
2019-04-09,SPY,0.00076208956,0.0
2019-04-10,SPY,-0.0051380084,0.11860547
2019-04-11,SPY,0.0034051458,0.003932532
2019-04-12,SPY,-0.00027753686,0.082505904
2019-04-15,SPY,0.006743114,0.0034917556
2019-04-16,SPY,-0.0006550256,0.030527512
2019-04-17,SPY,0.0006550256,0.0
2019-04-18,SPY,-0.0024499244,0.024852142
2019-04-19,SPY,0.0019673156,0.026603455
2019-04-22,SPY,0.0,0.06981371
2019-04-23,SPY,0.0008616382,0.001539229
2019-04-24,SPY,0.008951444,7.2280143e-19
2019-04-25,SPY,-0.0022218053,0.0344255
2019-04-26,SPY,-0.000616143,0.0076268157
2019-04-29,SPY,0.004645928,3.9320398e-17
2019-04-30,SPY,0.0015665444,0.0
2019-05-01,SPY,0.0005102996,0.0
2019-05-02,SPY,-0.007544887,0.007454934
2019-05-03,SPY,-0.0021612728,0.0
2019-05-06,SPY,0.00974017,0.0
2019-05-07,SPY,-0.004123717,0.06133646
2019-05-08,SPY,-0.01684069,8.4997797e-19
2019-05-09,SPY,-0.0013901924,0.06509014
2019-05-10,SPY,-0.003030358,1.7916147e-18
2019-05-13,SPY,0.0050107976,0.0
2019-05-14,SPY,-0.025451317,0.0
2019-05-15,SPY,0.009003003,4.059127e-19
2019-05-16,SPY,0.0058403574,3.7862654e-18
2019-05-17,SPY,0.009218586,0.016183002
2019-05-20,SPY,-0.006486057,0.011513789
2019-05-21,SPY,-0.0066340473,1.4183616e-17
2019-05-22,SPY,0.008975273,1.3733228e-18
2019-05-23,SPY,-0.0030761727,0.047239363
2019-05-24,SPY,-0.012293865,0.029695971
2019-05-27,SPY,0.0022658084,0.0
2019-05-28,SPY,0.0,0.0
2019-05-29,SPY,-0.009344036,3.090829e-19
2019-05-30,SPY,-0.0067333085,0.03598393
2019-05-31,SPY,0.0027274375,2.9860246e-19
2019-06-03,SPY,-0.013566868,9.396353e-18
2019-06-04,SPY,-0.0025461966,0.002592949
2019-06-05,SPY,0.021474434,1.6796388e-19
2019-06-06,SPY,0.008624874,0.0
2019-06-07,SPY,0.0064816345,0.011097424
2019-06-10,SPY,0.009957284,0.0
2019-06-11,SPY,0.004578413,0.0
2019-06-12,SPY,-0.00024226903,0.0
2019-06-13,SPY,-0.0017668768,0.0
2019-06-14,SPY,0.0041178665,1.5419764e-18
2019-06-17,SPY,-0.0011056598,2.6127715e-19
2019-06-18,SPY,0.00038020842,1.2143064e-17
2019-06-19,SPY,0.010416582,4.514106e-18
2019-06-20,SPY,0.0022546384,0.0
2019-06-21,SPY,0.009509003,0.0
2019-06-24,SPY,-0.006306602,0.0
2019-06-25,SPY,-0.0012252401,0.0
2019-06-26,SPY,-0.009856342,0.0
2019-06-27,SPY,-0.0009978838,9.93852e-20
2019-06-28,SPY,0.003539705,1.2621968e-18
2019-07-01,SPY,0.0051326035,0.013759503
2019-07-02,SPY,0.009037537,1.445603e-19
2019-07-03,SPY,0.0026009574,8.616466e-27
2019-07-04,SPY,0.00796335,0.0
2019-07-05,SPY,0.0,0.0
2019-07-08,SPY,-0.0011385328,1.445603e-19
2019-07-09,SPY,-0.005510026,1.3877788e-17
2019-07-10,SPY,0.0012457705,2.0902172e-18
2019-07-11,SPY,0.004766709,0.0
2019-07-12,SPY,0.0023414514,6.6683584e-19
2019-07-15,SPY,0.004466972,2.421385e-18
2019-07-16,SPY,0.00033255736,1.0817901e-18
2019-07-17,SPY,-0.0034640145,0.0
2019-07-18,SPY,-0.006594718,0.0068380362
2019-07-19,SPY,0.0036542274,2.9860246e-19
2019-07-22,SPY,-0.0055704843,7.950816e-18
2019-07-23,SPY,0.0024534941,0.0031937838
2019-07-24,SPY,0.00712461,0.04254153
2019-07-25,SPY,0.004688522,0.0015664952
2019-07-26,SPY,-0.0047885166,0.0
2019-07-29,SPY,0.0066776546,0.0
2019-07-30,SPY,-0.001822792,0.05475736
2019-07-31,SPY,-0.0024577382,0.0
2019-08-01,SPY,-0.011000696,3.2526065e-19
2019-08-02,SPY,-0.008746067,6.1213504e-18
2019-08-05,SPY,-0.0075579975,3.6953223e-18
2019-08-06,SPY,-0.030534605,8.6736174e-19
2019-08-07,SPY,0.01392556,0.0
2019-08-08,SPY,0.0005905136,1.1219526e-18
2019-08-09,SPY,0.019430107,0.0
2019-08-12,SPY,-0.006834829,0.0049665356
2019-08-13,SPY,-0.012248078,0.0
2019-08-14,SPY,0.015432086,3.1730224e-18
2019-08-15,SPY,-0.03001353,0.014656743
2019-08-16,SPY,0.002638292,1.7347235e-18
2019-08-19,SPY,0.014647167,0.02162329
2019-08-20,SPY,0.011975779,9.035018e-20
2019-08-21,SPY,-0.0076920814,1.3343797e-18
2019-08-22,SPY,0.008102492,0.11898846
2019-08-23,SPY,-0.00030779227,0.0
2019-08-26,SPY,-0.026023194,0.0
2019-08-27,SPY,0.0109977545,0.0
2019-08-28,SPY,-0.0039313287,1.1219526e-18
2019-08-29,SPY,0.0070168413,4.1739655e-19
2019-08-30,SPY,0.01269214,0.0
2019-09-02,SPY,-0.00044442166,0.0
2019-09-03,SPY,0.0,0.019698568
2019-09-04,SPY,-0.0058643147,0.0
2019-09-05,SPY,0.011286415,1.7735658e-19
2019-09-06,SPY,0.012773464,0.0
2019-09-09,SPY,0.0007719805,0.0010917649
2019-09-10,SPY,0.0005031447,0.0
2019-09-11,SPY,-0.00023476934,0.0
2019-09-12,SPY,0.007085828,7.4650614e-20
2019-09-13,SPY,0.0034577951,2.8048816e-19
2019-09-16,SPY,-0.0006640327,0.0
2019-09-17,SPY,-0.0030935577,2.2880413e-17
2019-09-18,SPY,0.002528783,0.0
2019-09-19,SPY,0.0005979868,4.4557087e-19
2019-09-20,SPY,-6.6425324e-05,0.0
2019-09-23,SPY,-0.009343367,4.5956785e-19
2019-09-24,SPY,-0.00023470637,0.0
2019-09-25,SPY,-0.007877768,3.2526065e-19
2019-09-26,SPY,0.005897336,0.0
2019-09-27,SPY,-0.0020853663,7.34842e-20
2019-09-30,SPY,-0.0054017687,6.505213e-19
2019-10-01,SPY,0.004627058,1.0774259e-18
2019-10-02,SPY,-0.011966041,0.0
2019-10-03,SPY,-0.017822595,1.3323187e-18
2019-10-04,SPY,0.008159359,0.0
2019-10-07,SPY,0.013441385,0.0041747657
2019-10-08,SPY,-0.0043239263,1.7079524e-17
2019-10-09,SPY,-0.015646543,0.017451733
2019-10-10,SPY,0.009451605,5.687593e-19
2019-10-11,SPY,0.0067407144,0.0034418132
2019-10-14,SPY,0.010313567,0.018038986
2019-10-15,SPY,-0.001114432,0.0
2019-10-16,SPY,0.009851634,0.0096940035
2019-10-17,SPY,-0.0016072867,1.445603e-19
2019-10-18,SPY,0.0029447216,0.0
2019-10-21,SPY,-0.00438678,9.035018e-21
2019-10-22,SPY,0.0067563304,0.0
2019-10-23,SPY,-0.0032721232,0.0
2019-10-24,SPY,0.002905377,0.0073370715
2019-10-25,SPY,0.0016326534,4.1148e-05
2019-10-28,SPY,0.004086588,5.664667e-19
2019-10-29,SPY,0.0056207785,0.0
2019-10-30,SPY,-0.00029677994,8.518297e-20
2019-10-31,SPY,0.0030624869,0.03010208
2019-11-01,SPY,-0.0026668,0.0
2019-11-04,SPY,0.0092211915,0.0
2019-11-05,SPY,0.00400972,0.0
2019-11-06,SPY,-0.001106771,2.6127715e-19
2019-11-07,SPY,0.00022796476,4.3368087e-19
2019-11-08,SPY,0.0035106004,0.046991125
2019-11-11,SPY,0.0024630555,2.6020852e-18
2019-11-12,SPY,-0.0019115818,0.0
2019-11-13,SPY,0.0021057755,0.100577414
2019-11-14,SPY,0.00032357225,0.0
2019-11-15,SPY,0.0014547808,0.0061985375
2019-11-18,SPY,0.007210254,5.05961e-19
2019-11-19,SPY,0.00073740404,0.13953409
2019-11-20,SPY,-0.00028848465,8.6736174e-19
2019-11-21,SPY,-0.003725715,0.0
2019-11-22,SPY,-0.0016102026,0.0024472724
2019-11-25,SPY,0.0022214004,0.0
2019-11-26,SPY,0.0077203144,0.0
2019-11-27,SPY,0.0022631295,0.0083306795
2019-11-28,SPY,0.004447558,1.445603e-19
2019-11-29,SPY,0.0,0.0
2019-12-02,SPY,-0.0037155284,0.09566694
2019-12-03,SPY,-0.008531084,0.0
2019-12-04,SPY,-0.0067290454,0.0042625954
2019-12-05,SPY,0.006151289,2.9860246e-19
2019-12-06,SPY,0.0017963692,0.03862911
2019-12-09,SPY,0.009092567,3.975408e-18
2019-12-10,SPY,-0.003149108,0.032650236
2019-12-11,SPY,-0.001115698,8.6736174e-19
2019-12-12,SPY,0.0028346225,0.0
2019-12-13,SPY,0.008582112,0.06632366
2019-12-16,SPY,0.00059894397,0.014649098
2019-12-17,SPY,0.0068465453,1.9351779e-18
2019-12-18,SPY,0.00021906833,0.013769932
2019-12-19,SPY,6.258214e-05,0.017314272
2019-12-20,SPY,0.004090624,0.08457874
2019-12-23,SPY,-0.0005299004,0.012610916
2019-12-24,SPY,0.0015265989,0.02197993
2019-12-25,SPY,3.113083e-05,0.005543865
2019-12-26,SPY,0.0,0.044883605
2019-12-27,SPY,0.00530917,0.06846186
2019-12-30,SPY,-0.0002477547,0.03662083
2019-12-31,SPY,-0.0055284793,2.2452534e-18
2019-01-01,IWM,0.0077973106,0.03626171
2019-01-02,IWM,0.0,1.8514345e-18
2019-01-03,IWM,0.0056598303,4.1702937e-20
2019-01-04,IWM,-0.018059012,0.000345876
2019-01-07,IWM,0.036672756,1.4261761e-18
2019-01-08,IWM,0.017342728,0.049383245
2019-01-09,IWM,0.015214285,0.0
2019-01-10,IWM,0.008221245,1.4993278e-18
2019-01-11,IWM,0.0051650843,0.00848823
2019-01-14,IWM,0.00027843518,0.030391565
2019-01-15,IWM,-0.010002531,1.4643613e-19
2019-01-16,IWM,0.008400469,0.040000126
2019-01-17,IWM,0.0074313637,0.028383035
2019-01-18,IWM,0.009023653,0.0
2019-01-21,IWM,0.010233409,1.3408874e-18
2019-01-22,IWM,0.0,0.0044813985
2019-01-23,IWM,-0.015941227,0.0
2019-01-24,IWM,-0.0027624327,0.0
2019-01-25,IWM,0.00599857,0.021408262
2019-01-28,IWM,0.0127729615,0.04423787
2019-01-29,IWM,-0.005376174,0.010926286
2019-01-30,IWM,-0.00239112,2.7556534e-18
2019-01-31,IWM,0.010884461,0.0
2019-02-01,IWM,0.008488901,1.0688405e-18
2019-02-04,IWM,0.0008047211,0.0
2019-02-05,IWM,0.01186127,0.008214938
2019-02-06,IWM,0.0010593222,0.04285779
2019-02-07,IWM,-0.00125807,0.086153716
2019-02-08,IWM,-0.008249665,0.0076971045
2019-02-11,IWM,0.0010683049,1.2134974e-17
2019-02-12,IWM,0.008307075,6.0640957e-19
2019-02-13,IWM,0.01243069,0.004697129
2019-02-14,IWM,0.0028066987,4.3368087e-19
2019-02-15,IWM,0.002278721,1.1564824e-18
2019-02-18,IWM,0.015807291,0.0
2019-02-19,IWM,0.0,0.0027997184
2019-02-20,IWM,0.0027487471,0.0
2019-02-21,IWM,0.004712784,2.1656469e-19
2019-02-22,IWM,-0.0038194712,6.120175e-19
2019-02-25,IWM,0.008636619,1.8983386e-18
2019-02-26,IWM,0.00025289247,1.3793093e-19
2019-02-27,IWM,-0.006914297,0.0
2019-02-28,IWM,0.0013994023,1.1145428e-18
2019-03-01,IWM,-0.0034383987,0.026005596
2019-03-04,IWM,0.0092693195,0.046668857
2019-03-05,IWM,-0.009077987,0.0
2019-03-06,IWM,-0.004666185,2.0069374e-19
2019-03-07,IWM,-0.019800065,0.007426197
2019-03-08,IWM,-0.008795593,2.8325342e-18
2019-03-11,IWM,-0.00026374785,0.00010789266
2019-03-12,IWM,0.017324658,0.0073325676
2019-03-13,IWM,0.0005183697,1.5619238e-18
2019-03-14,IWM,0.003943758,0.0
2019-03-15,IWM,-0.0040733255,0.0012886723
2019-03-18,IWM,0.002652779,2.1554809e-18
2019-03-19,IWM,0.006376628,9.558472e-19
2019-03-20,IWM,-0.0050851386,0.086636886
2019-03-21,IWM,-0.011031194,4.8281192e-18
2019-03-22,IWM,0.013029711,0.0
2019-03-25,IWM,-0.03706679,8.89068e-18
2019-03-26,IWM,0.0044014743,0.048131987
2019-03-27,IWM,0.010458823,0.026475994
2019-03-28,IWM,-0.0038927242,0.019199543
2019-03-29,IWM,0.008884853,0.018250339
2019-04-01,IWM,0.0030748118,0.0
2019-04-02,IWM,0.010849546,0.024579413
2019-04-03,IWM,-0.0025879932,0.064675495
2019-04-04,IWM,0.005169306,0.0
2019-04-05,IWM,0.0048862128,0.10414958
2019-04-08,IWM,0.009320208,5.556536e-19
2019-04-09,IWM,-0.0016534185,1.5933607e-19
2019-04-10,IWM,-0.012295237,0.056593053
2019-04-11,IWM,0.013503773,0.0042498196
2019-04-12,IWM,-0.0012721838,0.04045817
2019-04-15,IWM,0.003621466,6.8496733e-19
2019-04-16,IWM,-0.0032396407,0.0
2019-04-17,IWM,0.0023513723,0.0
2019-04-18,IWM,-0.009182567,0.013621096
2019-04-19,IWM,-0.0029511794,0.019864213
2019-04-22,IWM,0.0,0.016905256
2019-04-23,IWM,-0.00263776,0.0
2019-04-24,IWM,0.014961916,0.0
2019-04-25,IWM,0.0031049037,0.0119730765
2019-04-26,IWM,-0.008322529,0.008168993
2019-04-29,IWM,0.009650256,0.0
2019-04-30,IWM,0.004790428,0.0
2019-05-01,IWM,-0.00466407,0.0
2019-05-02,IWM,-0.009521463,0.0077655506
2019-05-03,IWM,0.004645104,0.0
2019-05-06,IWM,0.018928407,5.9689762e-18
2019-05-07,IWM,0.0011206575,2.1684043e-19
2019-05-08,IWM,-0.019985583,4.7279865e-18
2019-05-09,IWM,-0.004899943,0.03747588
2019-05-10,IWM,-0.0036427584,0.0
2019-05-13,IWM,0.0027492745,8.570227e-20
2019-05-14,IWM,-0.032379147,2.9776153e-18
2019-05-15,IWM,0.012517776,7.968532e-18
2019-05-16,IWM,0.0032511896,2.0821368e-19
2019-05-17,IWM,0.006212808,0.0077955904
2019-05-20,IWM,-0.0140334945,0.0
2019-05-21,IWM,-0.0069595184,2.9380468e-19
2019-05-22,IWM,0.013350984,3.1682605e-19
2019-05-23,IWM,-0.00842179,4.445229e-18
2019-05-24,IWM,-0.020800961,3.3971669e-18
2019-05-27,IWM,0.009327805,3.6932005e-18
2019-05-28,IWM,0.0,2.104799e-18
2019-05-29,IWM,-0.007989922,0.0
2019-05-30,IWM,-0.0083912825,0.0
2019-05-31,IWM,-0.0027677475,0.0
2019-06-03,IWM,-0.014091931,4.585381e-17
2019-06-04,IWM,0.003490405,0.0
2019-06-05,IWM,0.02556373,1.3103275e-18
2019-06-06,IWM,0.00019976695,0.0
2019-06-07,IWM,-0.0026000882,0.0
2019-06-10,IWM,0.0070511834,0.0
2019-06-11,IWM,0.0058821756,0.0
2019-06-12,IWM,-0.002969809,2.6371062e-17
2019-06-13,IWM,0.0011229648,0.0
2019-06-14,IWM,0.0105077475,0.0
2019-06-17,IWM,-0.008792708,0.0
2019-06-18,IWM,0.0033555974,0.0
2019-06-19,IWM,0.011559312,0.0
2019-06-20,IWM,0.003564835,0.0
2019-06-21,IWM,0.004711966,0.0
2019-06-24,IWM,-0.008666462,0.0
2019-06-25,IWM,-0.012221176,3.8567813e-19
2019-06-26,IWM,-0.006133977,2.488174e-18
2019-06-27,IWM,-0.0023182656,1.7361017e-19
2019-06-28,IWM,0.01859266,3.590189e-18
2019-07-01,IWM,0.012098618,8.436448e-19
2019-07-02,IWM,0.003851096,0.0
2019-07-03,IWM,-0.0061044367,0.0
2019-07-04,IWM,0.0071288957,6.4843536e-19
2019-07-05,IWM,0.0,9.471665e-18
2019-07-08,IWM,0.0026842223,1.0131325e-18
2019-07-09,IWM,-0.009555336,0.0
2019-07-10,IWM,0.0013522652,0.0
2019-07-11,IWM,0.0017359441,0.0
2019-07-12,IWM,-0.0048940787,0.0
2019-07-15,IWM,0.007716584,0.0
2019-07-16,IWM,-0.0052665505,6.0804285e-18
2019-07-17,IWM,-0.00032203007,5.2917287e-18
2019-07-18,IWM,-0.0071759042,0.025167018
2019-07-19,IWM,0.0037559946,0.0
2019-07-22,IWM,-0.005769309,1.0448044e-17
2019-07-23,IWM,-0.00091056916,1.1564824e-18
2019-07-24,IWM,0.006615239,2.6020852e-18
2019-07-25,IWM,0.01641273,0.0
2019-07-26,IWM,-0.012155482,0.0
2019-07-29,IWM,0.011773876,0.0
2019-07-30,IWM,-0.0067017963,2.5840152e-18
2019-07-31,IWM,0.010764778,0.0
2019-08-01,IWM,-0.008142538,0.0
2019-08-02,IWM,-0.014605375,0.0
2019-08-05,IWM,-0.0111449,7.189783e-18
2019-08-06,IWM,-0.030476775,1.0458969e-18
2019-08-07,IWM,0.009147226,5.1871974e-19
2019-08-08,IWM,-0.0002678452,0.0
2019-08-09,IWM,0.021335203,0.0
2019-08-12,IWM,-0.012666748,0.0
2019-08-13,IWM,-0.0130310245,1.168327e-19
2019-08-14,IWM,0.010704592,0.0
2019-08-15,IWM,-0.028347718,0.0
2019-08-16,IWM,-0.003978603,0.0
2019-08-19,IWM,0.021352641,7.228015e-20
2019-08-20,IWM,0.010041589,5.0251905e-18
2019-08-21,IWM,-0.0065490743,0.0
2019-08-22,IWM,0.008212913,1.4456029e-18
2019-08-23,IWM,-0.0023301498,0.0
2019-08-26,IWM,-0.031140404,8.0087394e-19
2019-08-27,IWM,0.010941776,1.1165401e-18
2019-08-28,IWM,-0.014937923,4.6809593e-18
2019-08-29,IWM,0.011599705,0.0
2019-08-30,IWM,0.017385859,0.0
2019-09-02,IWM,-0.0018123852,0.0
2019-09-03,IWM,0.0,7.228015e-20
2019-09-04,IWM,-0.014754921,2.0534672e-18
2019-09-05,IWM,0.008013626,0.0
2019-09-06,IWM,0.018430304,2.0912261e-18
2019-09-09,IWM,-0.004592507,0.0
2019-09-10,IWM,0.013319835,5.829782e-19
2019-09-11,IWM,0.0126898615,1.8194068e-19
2019-09-12,IWM,0.020267705,0.0
2019-09-13,IWM,0.0002547446,0.0
2019-09-16,IWM,0.0017178309,0.0
2019-09-17,IWM,0.0037435405,0.0
2019-09-18,IWM,-0.0025999572,0.0
2019-09-19,IWM,-0.0061781667,0.0
2019-09-20,IWM,-0.0048674364,2.3070646e-19
2019-09-23,IWM,-0.0021208916,2.002899e-18
2019-09-24,IWM,-0.0007723499,0.0
2019-09-25,IWM,-0.018717645,0.0
2019-09-26,IWM,0.010896268,0.0
2019-09-27,IWM,-0.011224342,1.981718e-19
2019-09-30,IWM,-0.008038523,6.549947e-20
2019-10-01,IWM,0.0011900828,0.0
2019-10-02,IWM,-0.019819807,1.5970755e-19
2019-10-03,IWM,-0.0075773313,0.0
2019-10-04,IWM,0.0033221496,0.0
2019-10-07,IWM,0.00943149,3.7043575e-19
2019-10-08,IWM,-0.0017448497,3.677823e-19
2019-10-09,IWM,-0.016388258,0.039976016
2019-10-10,IWM,0.004564196,0.024538485
2019-10-11,IWM,0.0040020403,0.0
2019-10-14,IWM,0.016782297,0.0
2019-10-15,IWM,-0.0036680158,0.0
2019-10-16,IWM,0.011426418,1.445603e-19
2019-10-17,IWM,0.0010563149,1.9293468e-19
2019-10-18,IWM,0.011742075,5.7633144e-20
2019-10-21,IWM,-0.0047720307,0.00027028646
2019-10-22,IWM,0.009326661,3.1567702e-18
2019-10-23,IWM,0.001103001,3.3501146e-18
2019-10-24,IWM,0.0012313278,2.8550658e-18
2019-10-25,IWM,-0.0014258865,5.623364e-06
2019-10-28,IWM,0.005304366,0.0
2019-10-29,IWM,0.008608006,8.299217e-19
2019-10-30,IWM,0.0032568118,0.0
2019-10-31,IWM,-0.003320777,9.396419e-19
2019-11-01,IWM,-0.005645021,0.0
2019-11-04,IWM,0.016903607,1.0473241e-17
2019-11-05,IWM,0.005361943,5.4154274e-19
2019-11-06,IWM,0.0012574664,0.0
2019-11-07,IWM,-0.005797483,1.4073722e-19
2019-11-08,IWM,0.0026508472,2.1684043e-18
2019-11-11,IWM,0.0027067023,0.0
2019-11-12,IWM,-0.001887624,1.1564824e-18
2019-11-13,IWM,0.00031485155,1.1564824e-18
2019-11-14,IWM,-0.0042904983,0.0
2019-11-15,IWM,-0.00031620552,0.0
2019-11-18,IWM,0.005173187,0.0
2019-11-19,IWM,-0.0025201626,6.505213e-19
2019-11-20,IWM,0.0037150185,5.409153e-19
2019-11-21,IWM,-0.0037781042,0.004547805
2019-11-22,IWM,-0.004932972,0.0
2019-11-25,IWM,0.0031017591,0.0
2019-11-26,IWM,0.021013906,8.750245e-19
2019-11-27,IWM,0.0006805457,0.0
2019-11-28,IWM,0.00702579,7.863113e-19
2019-11-29,IWM,0.0,1.5011984e-19
2019-12-02,IWM,-0.0065311384,0.031763744
2019-12-03,IWM,-0.009814963,1.7529117e-18
2019-12-04,IWM,-0.0031887982,0.0
2019-12-05,IWM,0.006865158,0.0
2019-12-06,IWM,0.0009946538,0.0
2019-12-09,IWM,0.011613672,0.0071052313
2019-12-10,IWM,-0.0019057578,2.7755576e-17
2019-12-11,IWM,0.0006151575,4.226683e-19
2019-12-12,IWM,-0.00030753145,1.579878e-17
2019-12-13,IWM,0.008575331,0.0464358
2019-12-16,IWM,-0.0038498016,3.2526065e-19
2019-12-17,IWM,0.0033617585,0.0075607877
2019-12-18,IWM,0.0049911845,9.486769e-18
2019-12-19,IWM,0.0019410414,5.13189e-18
2019-12-20,IWM,0.0042932793,0.0
2019-12-23,IWM,0.001447091,0.0034555104
2019-12-24,IWM,0.0019863371,0.0
2019-12-25,IWM,0.0022824204,0.0
2019-12-26,IWM,0.0,0.0
2019-12-27,IWM,0.0,0.0
2019-12-30,IWM,-0.0049317474,7.806256e-18
2019-12-31,IWM,-0.0025354677,0.0
2019-01-01,EEM,-0.004597709,0.02793058
2019-01-02,EEM,0.0,0.0041756434
2019-01-03,EEM,0.002556892,0.0
2019-01-04,EEM,-0.01829712,3.312106e-18
2019-01-07,EEM,0.031740572,0.01988989
2019-01-08,EEM,0.0022650065,2.5478751e-18
2019-01-09,EEM,0.0037636478,6.105338e-19
2019-01-10,EEM,0.017624883,0.000182496
2019-01-11,EEM,0.007110487,0.0011212729
2019-01-14,EEM,-0.004898369,1.9121344e-17
2019-01-15,EEM,-0.008382692,8.790976e-20
2019-01-16,EEM,0.0069084903,0.0
2019-01-17,EEM,0.012219116,0.0
2019-01-18,EEM,0.0043625855,0.0
2019-01-21,EEM,0.0048251,2.2360528e-18
2019-01-22,EEM,0.0,1.2429501e-18
2019-01-23,EEM,-0.017480416,0.0007458449
2019-01-24,EEM,0.010234008,0.004937612
2019-01-25,EEM,0.009650256,2.2406844e-18
2019-01-28,EEM,0.013118853,1.8070036e-19
2019-01-29,EEM,-0.0104812775,0.0
2019-01-30,EEM,0.0016748419,0.0
2019-01-31,EEM,0.021521464,0.0
2019-02-01,EEM,0.008387747,0.0015728804
2019-02-04,EEM,-0.007919911,7.6612993e-19
2019-02-05,EEM,0.0016357055,2.578648e-18
2019-02-06,EEM,0.013681373,0.0066001792
2019-02-07,EEM,-0.013681373,7.228015e-20
2019-02-08,EEM,-0.010090429,0.0
2019-02-11,EEM,-0.005676458,5.0285377e-18
2019-02-12,EEM,-0.0033262088,5.621245e-18
2019-02-13,EEM,0.008294869,0.0142560685
2019-02-14,EEM,-0.007105667,0.038882494
2019-02-15,EEM,0.0018997869,0.0
2019-02-18,EEM,-0.0014245017,1.0004857e-20
2019-02-19,EEM,0.0,0.0
2019-02-20,EEM,0.0078097666,0.013493328
2019-02-21,EEM,0.005641764,0.0
2019-02-22,EEM,-0.0021119332,0.0
2019-02-25,EEM,0.010980136,6.5621677e-18
2019-02-26,EEM,0.011090687,0.0
2019-02-27,EEM,-0.0034526447,0.0
2019-02-28,EEM,-0.008567842,0.0045627514
2019-03-01,EEM,-0.013108802,0.001769018
2019-03-04,EEM,0.0011774404,0.0
2019-03-05,EEM,0.0014111008,1.8387846e-19
2019-03-06,EEM,0.009822343,0.0
2019-03-07,EEM,-0.0056009484,0.026109153
2019-03-08,EEM,-0.018661223,3.469447e-18
2019-03-11,EEM,-0.0071787816,5.1445175e-19
2019-03-12,EEM,0.018558705,1.6263033e-19
2019-03-13,EEM,0.0051728305,0.0
2019-03-14,EEM,0.0011719209,0.0
2019-03-15,EEM,-0.0054022446,0.0
2019-03-18,EEM,0.014496396,1.8416218e-17
2019-03-19,EEM,0.011080446,0.0024218406
2019-03-20,EEM,0.00045903146,0.0
2019-03-21,EEM,0.0016049527,0.0
2019-03-22,EEM,0.0013736266,4.6259294e-18
2019-03-25,EEM,-0.029721249,0.0
2019-03-26,EEM,0.00235405,0.0
2019-03-27,EEM,0.0030520037,1.5419764e-18
2019-03-28,EEM,-0.010841492,2.2131185e-20
2019-03-29,EEM,0.006613156,0.0
2019-04-01,EEM,0.01030454,0.0
2019-04-02,EEM,0.016407069,0.0
2019-04-03,EEM,-0.0032139604,0.0
2019-04-04,EEM,0.006874454,0.0
2019-04-05,EEM,0.006146861,7.517135e-18
2019-04-08,EEM,0.007687128,1.1835874e-18
2019-04-09,EEM,0.0,2.9668295e-18
2019-04-10,EEM,-0.0020290841,0.0
2019-04-11,EEM,0.0047281412,0.0
2019-04-12,EEM,-0.010840215,1.3877788e-17
2019-04-15,EEM,0.0072398507,0.0025536488
2019-04-16,EEM,-0.005198339,1.1465438e-17
2019-04-17,EEM,0.007450085,0.0
2019-04-18,EEM,0.00291971,4.6259294e-18
2019-04-19,EEM,-0.000673023,8.675424e-18
2019-04-22,EEM,0.0,0.0
2019-04-23,EEM,-0.006529349,0.014216508
2019-04-24,EEM,0.0022563187,0.0023181
2019-04-25,EEM,-0.013614914,4.5695515e-19
2019-04-26,EEM,-0.0013717423,0.0
2019-04-29,EEM,0.0038817266,0.023601148
2019-04-30,EEM,0.0020489478,0.0023556885
2019-05-01,EEM,-0.0009101252,0.0031702481
2019-05-02,EEM,-0.0075403075,5.329927e-19
2019-05-03,EEM,0.0022909518,0.002029941
2019-05-06,EEM,0.011829074,0.0
2019-05-07,EEM,-0.02079362,1.4206049e-18
2019-05-08,EEM,-0.019821098,0.0005014341
2019-05-09,EEM,-0.001414094,4.7433845e-19
2019-05-10,EEM,-0.015928067,0.0
2019-05-13,EEM,0.0059730196,0.008103589
2019-05-14,EEM,-0.03391798,0.004825834
2019-05-15,EEM,0.013948592,4.983653e-18
2019-05-16,EEM,0.0019422196,4.6259294e-18
2019-05-17,EEM,-0.00486264,1.4275329e-18
2019-05-20,EEM,-0.018200208,4.856322e-20
2019-05-21,EEM,-0.0042283363,1.066416e-18
2019-05-22,EEM,0.012631747,0.0
2019-05-23,EEM,-0.004934626,0.0
2019-05-24,EEM,-0.012945165,0.0
2019-05-27,EEM,0.0010017531,2.6102206e-19
2019-05-28,EEM,0.0,4.276113e-17
2019-05-29,EEM,0.0034982543,0.0065036197
2019-05-30,EEM,0.006464468,4.490404e-18
2019-05-31,EEM,0.0054374826,3.4329125e-18
2019-06-03,EEM,0.0034448854,0.0
2019-06-04,EEM,0.009047623,0.0
2019-06-05,EEM,0.0021884507,0.004788961
2019-06-06,EEM,-0.008047842,0.0078076217
2019-06-07,EEM,0.0004895961,0.0062800227
2019-06-10,EEM,0.0078011123,0.0
2019-06-11,EEM,0.010387821,0.009431095
2019-06-12,EEM,0.0112320455,0.0
2019-06-13,EEM,-0.010751507,0.011215713
2019-06-14,EEM,-0.001682895,0.013279345
2019-06-17,EEM,-0.011130045,0.0025055485
2019-06-18,EEM,-0.0036563112,0.0
2019-06-19,EEM,0.023888215,0.007501021
2019-06-20,EEM,0.008310626,0.006485614
2019-06-21,EEM,0.014554247,0.0010742163
2019-06-24,EEM,-0.0032679767,0.01374515
2019-06-25,EEM,-0.0014038373,0.024143748
2019-06-26,EEM,-0.010355471,0.0049100607
2019-06-27,EEM,0.009418483,0.0
2019-06-28,EEM,0.0070061004,0.0
2019-07-01,EEM,-0.0013972988,0.018910764
2019-07-02,EEM,0.011815266,0.0
2019-07-03,EEM,-0.0025366093,2.3129647e-18
2019-07-04,EEM,-0.0018488566,1.5022273e-19
2019-07-05,EEM,0.0,0.0073745674
2019-07-08,EEM,-0.0069638165,6.7173807e-19
2019-07-09,EEM,-0.0060747853,0.0
2019-07-10,EEM,-0.0030512875,0.0018642311
2019-07-11,EEM,0.008427016,0.0154134175
2019-07-12,EEM,-0.0018665427,0.0051765107
2019-07-15,EEM,0.0007003619,0.015591794
2019-07-16,EEM,0.0037270018,0.0058303378
2019-07-17,EEM,-0.0013959984,0.006205709
2019-07-18,EEM,-0.0030313653,1.2020504e-18
2019-07-19,EEM,0.0060535693,0.0017913765
2019-07-22,EEM,-0.005119862,1.9285309e-18
2019-07-23,EEM,0.00023329057,0.0
2019-07-24,EEM,0.0011656372,0.009656933
2019-07-25,EEM,0.0016296128,7.327614e-27
2019-07-26,EEM,-0.008878563,0.0
2019-07-29,EEM,0.0021099527,1.4442704e-17
2019-07-30,EEM,-0.0018752936,0.0
2019-07-31,EEM,-0.007772975,0.0
2019-08-01,EEM,-0.012372273,0.0019433161
2019-08-02,EEM,-0.019826569,0.0025193894
2019-08-05,EEM,-0.00981603,0.0023906047
2019-08-06,EEM,-0.037692904,0.005158861
2019-08-07,EEM,0.014238736,0.0
2019-08-08,EEM,0.0045340126,6.282263e-18
2019-08-09,EEM,0.012239443,0.00086685945
2019-08-12,EEM,-0.010230906,2.5636865e-18
2019-08-13,EEM,-0.012112184,0.01703845
2019-08-14,EEM,0.012613689,0.03355966
2019-08-15,EEM,-0.029253008,0.035178974
2019-08-16,EEM,0.0066889883,0.0
2019-08-19,EEM,0.0137511715,0.004152878
2019-08-20,EEM,0.0040383697,0.007096539
2019-08-21,EEM,0.0020130856,0.008029254
2019-08-22,EEM,0.009507202,0.0
2019-08-23,EEM,-0.013032766,0.0
2019-08-26,EEM,-0.014995833,4.0987756e-19
2019-08-27,EEM,0.0053633125,0.0
2019-08-28,EEM,0.0017813976,0.0
2019-08-29,EEM,0.0027929433,3.7585677e-18
2019-08-30,EEM,0.011094416,0.008306708
2019-09-02,EEM,0.007743263,1.4729377e-18
2019-09-03,EEM,0.0,7.035267e-18
2019-09-04,EEM,-0.0062398803,0.0042600515
2019-09-05,EEM,0.016636014,0.0
2019-09-06,EEM,0.011263587,0.0
2019-09-09,EEM,0.004373185,0.0
2019-09-10,EEM,0.0031465595,0.0
2019-09-11,EEM,0.00072472525,1.951968e-19
2019-09-12,EEM,0.006978731,8.852596e-18
2019-09-13,EEM,0.0071684895,0.0
2019-09-16,EEM,0.005698021,0.0013460512
2019-09-17,EEM,-0.007843178,2.377094e-19
2019-09-18,EEM,0.0,1.445603e-19
2019-09-19,EEM,-0.0040645604,0.009399412
2019-09-20,EEM,-0.004081148,0.015999312
2019-09-23,EEM,0.0009617697,0.009444711
2019-09-24,EEM,0.0009608456,5.07445e-18
2019-09-25,EEM,-0.010620424,0.0
2019-09-26,EEM,-0.0007282437,0.0
2019-09-27,EEM,-0.00024286582,0.007544452
2019-09-30,EEM,-0.012957033,0.0
2019-10-01,EEM,0.0056434944,0.0076692123
2019-10-02,EEM,-0.007120963,0.0
2019-10-03,EEM,-0.0076685594,0.0
2019-10-04,EEM,0.012830178,1.5433776e-17
2019-10-07,EEM,0.004403138,0.0037147407
2019-10-08,EEM,-0.008333381,0.0
2019-10-09,EEM,-0.0071631772,0.0
2019-10-10,EEM,0.0076553035,0.022047075
2019-10-11,EEM,0.010279092,0.006488378
2019-10-14,EEM,0.015942367,9.251859e-18
2019-10-15,EEM,-0.0043227733,0.046837162
2019-10-16,EEM,0.0088655185,0.007070264
2019-10-17,EEM,0.002858506,0.022103798
2019-10-18,EEM,0.003798675,0.014466905
2019-10-21,EEM,-0.005226907,0.011064111
2019-10-22,EEM,0.009011206,2.2604456e-18
2019-10-23,EEM,0.00070796465,0.007089894
2019-10-24,EEM,0.00023587687,0.0
2019-10-25,EEM,0.0,1.4702487e-19
2019-10-28,EEM,0.007050558,8.5165275e-19
2019-10-29,EEM,0.0058377283,0.0
2019-10-30,EEM,-0.005135399,0.010180743
2019-10-31,EEM,0.004436668,1.7347235e-18
2019-11-01,EEM,-0.007953258,0.0
2019-11-04,EEM,0.0149186915,0.0130440155
2019-11-05,EEM,0.009899931,0.020707596
2019-11-06,EEM,0.0057110377,0.011865934
2019-11-07,EEM,-0.003194162,7.05635e-18
2019-11-08,EEM,0.0072860066,0.011563087
2019-11-11,EEM,-0.009115834,0.032528095
2019-11-12,EEM,-0.0071223737,0.0
2019-11-13,EEM,-0.0064770062,1.1564824e-18
2019-11-14,EEM,-0.0076878653,4.5426924e-20
2019-11-15,EEM,0.0007013443,1.039027e-18
2019-11-18,EEM,0.00791438,0.0011773027
2019-11-19,EEM,-0.0016243188,0.0049197893
2019-11-20,EEM,0.0020879256,0.0009350295
2019-11-21,EEM,-0.0044129672,0.01631026
2019-11-22,EEM,-0.0020971696,0.0
2019-11-25,EEM,0.0,5.4114776e-18
2019-11-26,EEM,0.009980354,0.0011550146
2019-11-27,EEM,-0.0030068255,3.1803264e-18
2019-11-28,EEM,0.0011575415,9.6362535e-05
2019-11-29,EEM,0.0,0.021890966
2019-12-02,EEM,-0.015858542,0.0
2019-12-03,EEM,-0.00023510051,1.445603e-19
2019-12-04,EEM,-0.0051862444,0.0
2019-12-05,EEM,0.007534766,2.1445784e-17
2019-12-06,EEM,0.0044470523,0.0
2019-12-09,EEM,0.0058214157,0.0004973824
2019-12-10,EEM,-0.003954873,0.009356735
2019-12-11,EEM,0.003490405,3.6140072e-19
2019-12-12,EEM,0.0145281,4.819017e-19
2019-12-13,EEM,0.017249633,0.014150457
2019-12-16,EEM,-0.0004501463,0.0
2019-12-17,EEM,-0.012687076,0.0
2019-12-18,EEM,0.009078592,0.0
2019-12-19,EEM,0.0054078544,1.1745524e-17
2019-12-20,EEM,0.00044933724,3.135603e-17
2019-12-23,EEM,0.0020195227,8.6736174e-19
2019-12-24,EEM,0.0013440863,0.0
2019-12-25,EEM,-0.0022411484,0.0
2019-12-26,EEM,0.0,0.0
2019-12-27,EEM,0.0071540656,0.011279762
2019-12-30,EEM,0.004001784,2.1684043e-18
2019-12-31,EEM,-0.0066785645,1.0297843e-18
2019-01-01,TLT,0.0037928806,3.305328e-17
2019-01-02,TLT,0.0,5.782412e-19
2019-01-03,TLT,0.005253234,0.0
2019-01-04,TLT,0.011315193,0.0
2019-01-07,TLT,-0.011642712,3.3248866e-17
2019-01-08,TLT,-0.0029525158,1.2490009e-16
2019-01-09,TLT,-0.002631797,0.0
2019-01-10,TLT,-0.0015659129,0.0
2019-01-11,TLT,-0.006454305,6.373781e-18
2019-01-14,TLT,0.0038941181,0.0
2019-01-15,TLT,-0.0037281017,4.6259294e-18
2019-01-16,TLT,-0.0036587436,9.7144515e-17
2019-01-17,TLT,0.0009991674,5.3776428e-17
2019-01-18,TLT,0.00024963595,1.1398869e-16
2019-01-21,TLT,-0.0052554864,9.251859e-18
2019-01-22,TLT,0.0,0.0
2019-01-23,TLT,0.006751995,4.3368087e-19
2019-01-24,TLT,-0.0004154722,2.8912057e-18
2019-01-25,TLT,0.006544363,0.0
2019-01-28,TLT,-0.004800539,0.0
2019-01-29,TLT,-0.0009960987,8.951424e-18
2019-01-30,TLT,0.005053235,0.0
2019-01-31,TLT,-0.0007439554,0.0
2019-02-01,TLT,0.0085632475,0.0
2019-02-04,TLT,-0.0083152,0.0
2019-02-05,TLT,-0.0044742804,4.6259294e-18
2019-02-06,TLT,0.004556949,0.176855
2019-02-07,TLT,0.0004958678,1.6190752e-17
2019-02-08,TLT,0.0065881815,0.0
2019-02-11,TLT,0.0042591593,8.251795e-18
2019-02-12,TLT,-0.003930887,0.12358771
2019-02-13,TLT,-0.0025880677,0.0
2019-02-14,TLT,-0.0037501848,1.8503718e-17
2019-02-15,TLT,0.0056815995,0.0
2019-02-18,TLT,0.0015588468,2.7755576e-17
2019-02-19,TLT,0.0,0.0
2019-02-20,TLT,0.0025381763,0.0
2019-02-21,TLT,-0.0028661527,0.0
2019-02-22,TLT,-0.008979013,1.110223e-16
2019-02-25,TLT,0.0059401216,0.0
2019-02-26,TLT,-0.00296565,0.0
2019-02-27,TLT,0.004937875,6.027944e-17
2019-02-28,TLT,-0.011393783,0.18824714
2019-03-01,TLT,-0.0034102758,0.12554695
2019-03-04,TLT,-0.011396134,0.17347261
2019-03-05,TLT,0.007806965,6.071532e-18
2019-03-06,TLT,0.002088294,0.0
2019-03-07,TLT,0.0036648384,0.15353899
2019-03-08,TLT,0.0064639323,0.036200322
2019-03-11,TLT,0.004203938,0.1381254
2019-03-12,TLT,-0.00296565,1.629163e-17
2019-03-13,TLT,0.0069881487,0.0
2019-03-14,TLT,-0.0018860968,0.24104373
2019-03-15,TLT,-0.0072493935,0.0
2019-03-18,TLT,0.0065925247,0.0
2019-03-19,TLT,-0.000575114,0.0
2019-03-20,TLT,-0.0022214004,8.07371e-18
2019-03-21,TLT,0.010406092,0.0
2019-03-22,TLT,0.0021984293,0.0
2019-03-25,TLT,0.015415341,0.105489135
2019-03-26,TLT,0.0016005125,3.2039247e-18
2019-03-27,TLT,-0.00071991363,0.025864944
2019-03-28,TLT,0.009160127,2.7755576e-17
2019-03-29,TLT,0.0034826694,0.0
2019-04-01,TLT,-0.00094861665,1.5108222e-17
2019-04-02,TLT,-0.016506894,9.251859e-18
2019-04-03,TLT,0.0018476127,2.031072e-17
2019-04-04,TLT,-0.00870552,1.1333527e-16
2019-04-05,TLT,0.0028295424,0.0
2019-04-08,TLT,0.0012908432,1.3877788e-17
2019-04-09,TLT,-0.0035538361,0.0
2019-04-10,TLT,0.0031506268,0.0
2019-04-11,TLT,0.0024168224,0.15249047
2019-04-12,TLT,-0.005891152,1.1275703e-17
2019-04-15,TLT,-0.0071481094,0.10616874
2019-04-16,TLT,0.0025239175,0.0
2019-04-17,TLT,-0.006280864,9.251859e-18
2019-04-18,TLT,0.00040904814,2.891206e-19
2019-04-19,TLT,0.005221092,8.326673e-17
2019-04-22,TLT,0.0,0.0
2019-04-23,TLT,-0.0048122113,0.02206948
2019-04-24,TLT,0.0021234897,0.19255266
2019-04-25,TLT,0.008125502,1.4460381e-17
2019-04-26,TLT,-0.0014577262,0.0
2019-04-29,TLT,0.0033980615,0.0
2019-04-30,TLT,-0.0064011887,9.251859e-18
2019-05-01,TLT,0.00510805,0.0
2019-05-02,TLT,0.0020197947,0.18250151
2019-05-03,TLT,-0.0047732787,0.23845011
2019-05-06,TLT,0.0028343543,0.0
2019-05-07,TLT,0.0027457015,2.3129647e-18
2019-05-08,TLT,0.0076320916,1.8503718e-17
2019-05-09,TLT,-0.004331094,0.0
2019-05-10,TLT,0.0040909695,0.10526155
2019-05-13,TLT,-0.0013617978,3.7007435e-17
2019-05-14,TLT,0.007825016,1.6732853e-17
2019-05-15,TLT,-0.0029471526,0.0
2019-05-16,TLT,0.006123523,9.251859e-18
2019-05-17,TLT,-0.0033354543,0.0
2019-05-20,TLT,0.002224872,3.2324662e-19
2019-05-21,TLT,-0.002065788,7.563971e-18
2019-05-22,TLT,-0.0015919767,1.2721306e-17
2019-05-23,TLT,0.0057192943,0.0
2019-05-24,TLT,0.011184742,0.0
2019-05-27,TLT,0.00086122536,0.16565758
2019-05-28,TLT,0.0,0.0
2019-05-29,TLT,0.007873136,0.1680295
2019-05-30,TLT,0.0023266645,0.0
2019-05-31,TLT,0.008561894,0.0
2019-06-03,TLT,0.012441484,9.251859e-18
2019-06-04,TLT,0.004616499,1.3284022e-18
2019-06-05,TLT,-0.011466883,0.14484465
2019-06-06,TLT,-0.005667907,0.15242575
2019-06-07,TLT,0.0032208618,0.16902256
2019-06-10,TLT,0.0086145,0.0
2019-06-11,TLT,-0.009457056,9.251859e-18
2019-06-12,TLT,0.000612839,0.0
2019-06-13,TLT,0.00076552096,0.15480317
2019-06-14,TLT,0.0034376108,0.0
2019-06-17,TLT,0.0025134252,0.15595935
2019-06-18,TLT,0.0017480529,0.07469989
2019-06-19,TLT,0.004999253,1.4356787e-17
2019-06-20,TLT,0.001434558,0.1884364
2019-06-21,TLT,0.0026372317,0.0
2019-06-24,TLT,-0.011047328,0.12365807
2019-06-25,TLT,0.007428779,0.11243206
2019-06-26,TLT,0.0030916587,0.090963386
2019-06-27,TLT,-0.006420204,1.8503718e-17
2019-06-28,TLT,0.0070223417,0.0
2019-07-01,TLT,-0.0006774303,4.6259294e-18
2019-07-02,TLT,-0.004301082,0.17718832
2019-07-03,TLT,0.007683654,0.12851226
2019-07-04,TLT,0.0071036303,0.0
2019-07-05,TLT,0.0,0.0
2019-07-08,TLT,-0.013351534,0.16310194
2019-07-09,TLT,0.0013582858,2.3129647e-18
2019-07-10,TLT,-0.00037711658,0.17795716
2019-07-11,TLT,-0.0055221594,0.0
2019-07-12,TLT,-0.013440447,0.12879725
2019-07-15,TLT,0.0011525607,0.0
2019-07-16,TLT,0.0057429615,0.03434387
2019-07-17,TLT,-0.0029822236,0.111202106
2019-07-18,TLT,0.010740097,0.0
2019-07-19,TLT,7.576044e-05,0.0
2019-07-22,TLT,-0.0023512468,0.19430959
2019-07-23,TLT,0.001896598,1.9062326e-17
2019-07-24,TLT,-0.00547197,0.0
2019-07-25,TLT,0.004334443,0.16561279
2019-07-26,TLT,-0.004791795,0.0
2019-07-29,TLT,0.0023607367,9.251859e-18
2019-07-30,TLT,0.00030420563,3.469447e-18
2019-07-31,TLT,0.0024303193,0.11751347
2019-08-01,TLT,0.008008504,0.0
2019-08-02,TLT,0.017677134,1.8503718e-17
2019-08-05,TLT,0.0091990195,0.17918974
2019-08-06,TLT,0.017140372,0.0583269
2019-08-07,TLT,0.007961311,0.10780888
2019-08-08,TLT,0.0003571301,0.0
2019-08-09,TLT,0.0021401064,3.455433e-18
2019-08-12,TLT,-0.00199729,0.0
2019-08-13,TLT,0.020635316,0.16605851
2019-08-14,TLT,-0.003433179,0.18195072
2019-08-15,TLT,0.022279438,0.24814896
2019-08-16,TLT,0.011058133,0.042434413
2019-08-19,TLT,-0.008042573,0.1363258
2019-08-20,TLT,-0.014405598,0.18446673
2019-08-21,TLT,0.010291212,0.17660971
2019-08-22,TLT,-0.006687605,1.3518537e-17
2019-08-23,TLT,-0.0066629895,0.10792561
2019-08-26,TLT,0.016300956,0.18460509
2019-08-27,TLT,-0.004050395,0.16739678
2019-08-28,TLT,0.015291444,0.0035670141
2019-08-29,TLT,0.001286348,0.0
2019-08-30,TLT,-0.0037961,0.15137269
2019-09-02,TLT,0.0002716284,0.0
2019-09-03,TLT,0.0,0.22709669
2019-09-04,TLT,-0.00047539815,3.9956633e-18
2019-09-05,TLT,0.001493348,0.13712166
2019-09-06,TLT,-0.018276287,0.0
2019-09-09,TLT,0.0070900316,0.17581564
2019-09-10,TLT,-0.017924976,0.1325301
2019-09-11,TLT,-0.017683366,0.16623197
2019-09-12,TLT,-0.0017785371,0.15551576
2019-09-13,TLT,-0.0065723914,0.13595457
2019-09-16,TLT,-0.021590348,0.09710467
2019-09-17,TLT,0.012663003,0.163872
2019-09-18,TLT,0.005409122,0.18032393
2019-09-19,TLT,0.0042347093,0.11172203
2019-09-20,TLT,0.0030036496,0.17501117
2019-09-23,TLT,0.013124013,0.12348402
2019-09-24,TLT,-0.00021145375,0.12268771
2019-09-25,TLT,0.011982066,0.16014913
2019-09-26,TLT,-0.01473504,0.16936077
2019-09-27,TLT,0.0064118593,0.19125305
2019-09-30,TLT,0.002455194,0.0992103
2019-10-01,TLT,0.0024491807,0.15090597
2019-10-02,TLT,0.0012572468,0.19304845
2019-10-03,TLT,0.0024401308,0.11223732
2019-10-04,TLT,0.009080574,0.005597921
2019-10-07,TLT,0.00735626,0.13352227
2019-10-08,TLT,-0.008322777,0.15742414
2019-10-09,TLT,0.0026901206,0.14445208
2019-10-10,TLT,-0.0056645633,0.1271667
2019-10-11,TLT,-0.015006389,0.120870836
2019-10-14,TLT,-0.012454166,0.19318041
2019-10-15,TLT,0.0072366404,2.2948235e-17
2019-10-16,TLT,-0.01216188,0.15926333
2019-10-17,TLT,0.0012157187,0.21289569
2019-10-18,TLT,-0.002432917,0.049555022
2019-10-21,TLT,0.0,0.13751642
2019-10-22,TLT,-0.007551005,0.07266893
2019-10-23,TLT,0.0058300807,0.1428694
2019-10-24,TLT,0.0010042322,0.21378939
2019-10-25,TLT,-0.002009474,0.20273075
2019-10-28,TLT,-0.004897028,0.0074158018
2019-10-29,TLT,-0.009137782,0.18947375
2019-10-30,TLT,0.0006554751,0.08913405
2019-10-31,TLT,0.0145281,0.18795736
2019-11-01,TLT,0.013400058,0.0
2019-11-04,TLT,-0.004826127,0.10719502
2019-11-05,TLT,-0.013249021,0.19358061
2019-11-06,TLT,-0.011310206,0.17612198
2019-11-07,TLT,0.0060335295,0.15502682
2019-11-08,TLT,-0.01828472,1.1564824e-18
2019-11-11,TLT,-0.0042161383,0.16918185
2019-11-12,TLT,0.000666889,0.05301893
2019-11-13,TLT,0.0045820787,0.20398727
2019-11-14,TLT,0.0064677573,0.11742805
2019-11-15,TLT,0.010276684,0.15963994
2019-11-18,TLT,-0.0010882578,0.15015648
2019-11-19,TLT,0.0018131057,0.0
2019-11-20,TLT,0.008298204,0.17865811
2019-11-21,TLT,0.010294629,0.17322652
2019-11-22,TLT,-0.0062785596,0.17126702
2019-11-25,TLT,0.0012874617,0.1866771
2019-11-26,TLT,0.0029263787,0.18212068
2019-11-27,TLT,0.005827191,0.18408513
2019-11-28,TLT,-0.002909351,0.16304174
2019-11-29,TLT,0.0,0.16407132
2019-12-02,TLT,-0.0021341688,0.0
2019-12-03,TLT,-0.015140389,0.17637044
2019-12-04,TLT,0.0207506,0.14449598
2019-12-05,TLT,-0.010035315,0.09638752
2019-12-06,TLT,-0.00487596,0.14962853
2019-12-09,TLT,-0.005550164,0.13984624
2019-12-10,TLT,0.0021660659,0.0
2019-12-11,TLT,7.212145e-05,0.14888985
2019-12-12,TLT,0.007830218,1.0386903e-17
2019-12-13,TLT,-0.016594898,6.360653e-18
2019-12-16,TLT,0.011501447,0.19998428
2019-12-17,TLT,-0.009030875,0.195465
2019-12-18,TLT,-0.0013798615,0.18047968
2019-12-19,TLT,-0.008246115,0.17043681
2019-12-20,TLT,0.0,0.06850548
2019-12-23,TLT,0.0013181021,0.15727577
2019-12-24,TLT,-0.0014646652,0.16812421
2019-12-25,TLT,0.002854113,0.047593735
2019-12-26,TLT,0.0,1.0681985e-17
2019-12-27,TLT,0.0024086724,4.7704896e-18
2019-12-30,TLT,0.0010929361,0.0
2019-12-31,TLT,-0.0036477752,0.06260041
2019-01-01,USO,0.01354893,0.0
2019-01-02,USO,0.0,0.0
2019-01-03,USO,0.019477807,1.4799726e-18
2019-01-04,USO,0.010101096,0.0
2019-01-07,USO,0.02285246,1.9684983e-19
2019-01-08,USO,0.010747539,8.673617e-18
2019-01-09,USO,0.020202707,9.9542185e-20
2019-01-10,USO,0.05105517,0.0
2019-01-11,USO,0.0045146802,2.4177143e-18
2019-01-14,USO,-0.018182319,0.0028257896
2019-01-15,USO,-0.019454064,0.0
2019-01-16,USO,0.028586548,4.4045713e-19
2019-01-17,USO,0.0054397234,0.009521971
2019-01-18,USO,-0.002716163,0.0033129628
2019-01-21,USO,0.025068456,0.0
2019-01-22,USO,0.0,1.7074399e-19
2019-01-23,USO,-0.016942002,0.018684644
2019-01-24,USO,-0.0063148607,0.0
2019-01-25,USO,0.010801185,3.6140072e-19
2019-01-28,USO,0.0071365153,0.0
2019-01-29,USO,-0.027028672,2.7434223e-18
2019-01-30,USO,0.018996501,7.045624e-18
2019-01-31,USO,0.021277398,0.0
2019-02-01,USO,-0.0043956116,1.0388264e-18
2019-02-04,USO,0.024370223,2.1026038e-19
2019-02-05,USO,-0.011240931,0.021374343
2019-02-06,USO,-0.018429657,0.000556487
2019-02-07,USO,0.0026536947,0.0
2019-02-08,USO,-0.022332326,4.371092e-19
2019-02-11,USO,0.0009029346,0.0014926186
2019-02-12,USO,-0.0063377307,0.0
2019-02-13,USO,0.013532006,0.0
2019-02-14,USO,0.016000342,0.0
2019-02-15,USO,0.012270093,0.0
2019-02-18,USO,0.019836787,0.0
2019-02-19,USO,0.0,6.1377153e-18
2019-02-20,USO,0.0059600007,0.0
2019-02-21,USO,0.012653057,0.011916058
2019-02-22,USO,-0.004199922,0.0
2019-02-25,USO,0.0058749644,0.0
2019-02-26,USO,-0.03231574,7.877301e-20
2019-02-27,USO,0.0051724254,0.0
2019-02-28,USO,0.022109745,2.0531086e-18
2019-03-01,USO,0.0050335675,2.7844159e-18
2019-03-04,USO,-0.024567097,0.0013656389
2019-03-05,USO,0.0119353505,0.02504887
2019-03-06,USO,0.0016934805,0.0
2019-03-07,USO,-0.0059397714,6.9771896e-20
2019-03-08,USO,0.0050933897,0.00018980925
2019-03-11,USO,-0.0067969677,3.083454e-19
2019-03-12,USO,0.0110217305,0.00096089655
2019-03-13,USO,0.002526317,0.0
2019-03-14,USO,0.024918232,6.765783e-18
2019-03-15,USO,0.0024580103,3.5961202e-19
2019-03-18,USO,-0.001638002,1.7239824e-18
2019-03-19,USO,0.008975988,0.0
2019-03-20,USO,-0.0024400174,0.0
2019-03-21,USO,0.017756721,0.0
2019-03-22,USO,-0.004811557,6.938894e-18
2019-03-25,USO,-0.017025137,4.416098e-18
2019-03-26,USO,0.0016339873,0.0
2019-03-27,USO,0.017799823,0.030126574
2019-03-28,USO,-0.010479741,0.007401595
2019-03-29,USO,0.0008100446,0.0
2019-04-01,USO,0.012072581,0.0
2019-04-02,USO,0.025277806,0.028161328
2019-04-03,USO,0.014711841,0.0
2019-04-04,USO,-0.0015384619,0.01572458
2019-04-05,USO,-0.0054033324,0.00032701326
2019-04-08,USO,0.01764526,0.0
2019-04-09,USO,0.018832948,5.0739408e-18
2019-04-10,USO,-0.005237573,1.6017204e-17
2019-04-11,USO,0.005983563,0.004674503
2019-04-12,USO,-0.010494849,0.016787423
2019-04-15,USO,0.002258187,0.0
2019-04-16,USO,-0.0045214845,0.00636997
2019-04-17,USO,0.00977084,0.0
2019-04-18,USO,-0.006754247,0.003683841
2019-04-19,USO,0.0030075212,0.010207778
2019-04-22,USO,0.0,0.0060446584
2019-04-23,USO,0.025936985,0.0
2019-04-24,USO,0.008740041,0.0
2019-04-25,USO,-0.00800878,0.018552076
2019-04-26,USO,-0.01102547,0.010277329
2019-04-29,USO,-0.033060864,3.3087648e-17
2019-04-30,USO,0.010638398,0.0
2019-05-01,USO,0.0045248945,4.2778555e-18
2019-05-02,USO,-0.005281038,0.008438741
2019-05-03,USO,-0.030724382,0.0
2019-05-06,USO,0.00389257,1.33992895e-17
2019-05-07,USO,0.015420506,0.004292035
2019-05-08,USO,-0.026358115,4.6783015e-18
2019-05-09,USO,0.012490405,0.0048491037
2019-05-10,USO,-0.006225701,0.0
2019-05-13,USO,0.0023391824,5.162888e-19
2019-05-14,USO,-0.0125393495,0.0
2019-05-15,USO,0.0148730725,3.6693025e-18
2019-05-16,USO,0.0077399765,0.0
2019-05-17,USO,0.013022015,0.01447937
2019-05-20,USO,-0.004576667,0.0008577006
2019-05-21,USO,0.0053374125,5.915905e-19
2019-05-22,USO,-0.0015220703,0.0
2019-05-23,USO,-0.030153038,0.0
2019-05-24,USO,-0.052367985,0.0
2019-05-27,USO,0.011513285,5.7768536e-18
2019-05-28,USO,0.0,0.019082777
2019-05-29,USO,0.0,7.434167e-19
2019-05-30,USO,0.0008173274,3.4333068e-18
2019-05-31,USO,-0.040005334,0.0
2019-06-03,USO,-0.057758834,0.0
2019-06-04,USO,-0.00995934,0.0
2019-06-05,USO,0.015350188,5.090412e-19
2019-06-06,USO,-0.035571467,2.8104952e-18
2019-06-07,USO,0.026570505,0.0
2019-06-10,USO,0.015253773,0.0
2019-06-11,USO,-0.010743165,1.1715739e-17
2019-06-12,USO,0.0,0.0
2019-06-13,USO,-0.04322512,0.0
2019-06-14,USO,0.022305757,0.0
2019-06-17,USO,0.0054995557,2.6649704e-18
2019-06-18,USO,-0.011954165,0.0
2019-06-19,USO,0.039896496,0.0
2019-06-20,USO,0.0070859464,0.0
2019-06-21,USO,0.044873793,5.9817566e-19
2019-06-24,USO,0.010075652,3.367438e-18
2019-06-25,USO,0.0033361164,3.3842054e-18
2019-06-26,USO,-0.0008329863,0.0
2019-06-27,USO,0.023879273,0.0
2019-06-28,USO,0.0,6.0246604e-18
2019-07-01,USO,-0.020551484,0.0
2019-07-02,USO,0.019737482,3.1309153e-19
2019-07-03,USO,-0.04838308,0.0
2019-07-04,USO,0.0059650796,0.0
2019-07-05,USO,0.0,0.0
2019-07-08,USO,0.015177357,3.612498e-19
2019-07-09,USO,-0.0016750423,3.5409896e-19
2019-07-10,USO,0.0091782035,1.8840323e-18
2019-07-11,USO,0.03989133,3.4144142e-18
2019-07-12,USO,0.0015948967,3.728059e-19
2019-07-15,USO,-0.0023933,0.0
2019-07-16,USO,-0.017728103,2.8310026e-19
2019-07-17,USO,-0.018876227,0.0
2019-07-18,USO,-0.026869794,0.03377181
2019-07-19,USO,-0.016302377,9.053044e-19
2019-07-22,USO,0.009470583,0.0
2019-07-23,USO,0.0008565311,0.0
2019-07-24,USO,0.011068652,7.846913e-18
2019-07-25,USO,-0.018803973,0.0054702787
2019-07-26,USO,0.00086244073,0.0
2019-07-29,USO,0.004301082,0.0
2019-07-30,USO,0.014486832,0.0
2019-07-31,USO,0.02175818,5.835641e-19
2019-08-01,USO,-0.0033167526,5.3880064e-20
2019-08-02,USO,-0.06254715,0.0
2019-08-05,USO,0.0149191,0.0
2019-08-06,USO,-0.009628084,0.0
2019-08-07,USO,-0.020436073,0.0017914355
2019-08-08,USO,-0.027299238,5.38404e-05
2019-08-09,USO,0.011009285,1.2156566e-17
2019-08-12,USO,0.028778965,1.4004278e-19
2019-08-13,USO,0.007067167,0.0
2019-08-14,USO,0.043915797,6.2536492e-18
2019-08-15,USO,-0.03689822,1.0842022e-19
2019-08-16,USO,-0.007898242,0.0
2019-08-19,USO,0.0043956116,1.8070036e-19
2019-08-20,USO,0.022550825,0.0
2019-08-21,USO,-0.0025762145,0.0
2019-08-22,USO,-0.0017211708,6.7762636e-20
2019-08-23,USO,-0.0069144615,0.0
2019-08-26,USO,-0.029931812,2.1684043e-18
2019-08-27,USO,-0.0008940546,0.0
2019-08-28,USO,0.021239737,0.0
2019-08-29,USO,0.019081239,0.0
2019-08-30,USO,0.011955736,0.0
2019-09-02,USO,-0.027540468,3.0288632e-19
2019-09-03,USO,0.0,0.009458199
2019-09-04,USO,-0.02116481,0.0
2019-09-05,USO,0.042745277,4.1311543e-19
2019-09-06,USO,-0.0008543358,1.838275e-20
2019-09-09,USO,0.0059650796,0.0020443923
2019-09-10,USO,0.025997272,2.002041e-18
2019-09-11,USO,-0.0083126,0.0
2019-09-12,USO,-0.025360616,4.1732663e-19
2019-09-13,USO,-0.018143047,7.2332095e-19
2019-09-16,USO,-0.0026189452,3.6768217e-19
2019-09-17,USO,0.114670195,9.532701e-20
2019-09-18,USO,-0.043000255,2.891206e-19
2019-09-19,USO,-0.015580471,9.081436e-19
2019-09-20,USO,0.007410491,0.0
2019-09-23,USO,0.0008200082,0.0
2019-09-24,USO,0.0008193364,0.0
2019-09-25,USO,-0.025716888,1.0199437e-18
2019-09-26,USO,-0.008438868,0.0032883678
2019-09-27,USO,0.0,2.026431e-18
2019-09-30,USO,-0.0119353505,0.0
2019-10-01,USO,-0.027827883,7.990344e-19
2019-10-02,USO,-0.013315776,0.0
2019-10-03,USO,-0.018945087,1.8323653e-18
2019-10-04,USO,-0.004564134,2.609157e-17
2019-10-07,USO,0.010013739,0.0003013207
2019-10-08,USO,0.0,0.0
2019-10-09,USO,-0.013680104,0.0018868065
2019-10-10,USO,0.009140831,0.0
2019-10-11,USO,0.018034754,0.0
2019-10-14,USO,0.020345682,0.0
2019-10-15,USO,-0.021239737,3.4886492e-05
2019-10-16,USO,-0.010791471,0.0
2019-10-17,USO,0.0072072386,0.0
2019-10-18,USO,0.0124890115,0.0
2019-10-21,USO,-0.005333346,0.0
2019-10-22,USO,-0.000891663,2.9192457e-18
2019-10-23,USO,0.011530061,1.6679031e-18
2019-10-24,USO,0.026969882,1.8070036e-19
2019-10-25,USO,0.0068434826,0.0
2019-10-28,USO,0.0084890155,0.0
2019-10-29,USO,-0.015332498,0.0006119627
2019-10-30,USO,-0.006026708,0.0
2019-10-31,USO,-0.009544541,2.909276e-17
2019-11-01,USO,-0.014932205,0.004873066
2019-11-04,USO,0.03393105,0.0
2019-11-05,USO,0.0102128545,0.0
2019-11-06,USO,0.010109606,8.0794535e-19
2019-11-07,USO,-0.010109606,0.0
2019-11-08,USO,0.0059096836,0.0
2019-11-11,USO,0.009216655,1.3495816e-21
2019-11-12,USO,-0.008375258,1.0133782e-17
2019-11-13,USO,-0.0016835021,0.0
2019-11-14,USO,0.0075535397,0.0
2019-11-15,USO,-0.004189365,6.360653e-18
2019-11-18,USO,0.014172809,3.6140073e-20
2019-11-19,USO,-0.015012792,0.0
2019-11-20,USO,-0.02812286,0.0
2019-11-21,USO,0.02812286,0.0
2019-11-22,USO,0.024897551,1.5811281e-20
2019-11-25,USO,-0.007404394,0.0
2019-11-26,USO,0.0,2.1792127e-18
2019-11-27,USO,0.006584386,2.48463e-19
2019-11-28,USO,-0.004110158,0.011309211
2019-11-29,USO,0.0,1.4498166e-18
2019-12-02,USO,-0.043778036,1.7347235e-18
2019-12-03,USO,0.004293695,0.0
2019-12-04,USO,0.007682496,0.0
2019-12-05,USO,0.035912,7.9769085e-19
2019-12-06,USO,0.0,0.0020691582
2019-12-09,USO,0.010608015,0.0
2019-12-10,USO,0.0008113591,8.6736174e-19
2019-12-11,USO,0.0048543783,0.0074979155
2019-12-12,USO,-0.007290433,1.3576358e-18
2019-12-13,USO,0.0056749242,1.1564824e-18
2019-12-16,USO,0.009654137,0.004904114
2019-12-17,USO,0.007974524,0.0
2019-12-18,USO,0.01027271,0.0027708425
2019-12-19,USO,0.0015710923,6.610245e-18
2019-12-20,USO,0.0031347987,0.01206292
2019-12-23,USO,-0.011806512,1.8070037e-20
2019-12-24,USO,0.005527057,9.251859e-18
2019-12-25,USO,0.0054966765,1.4450382e-18
2019-12-26,USO,0.0,1.0785553e-18
2019-12-27,USO,0.009353147,0.0046361354
2019-12-30,USO,0.0015503879,0.0
2019-12-31,USO,-0.0015503879,1.9166468e-18
2019-01-01,GLD,0.0015682393,0.1627422
2019-01-02,GLD,0.0,0.026232151
2019-01-03,GLD,0.00065957627,0.144433
2019-01-04,GLD,0.009025332,0.021420361
2019-01-07,GLD,-0.008119124,0.18669431
2019-01-08,GLD,0.003452531,0.12616108
2019-01-09,GLD,-0.0027116989,0.030070227
2019-01-10,GLD,0.0063976594,0.003017174
2019-01-11,GLD,-0.005904076,1.0148164e-18
2019-01-14,GLD,0.001725626,0.0
2019-01-15,GLD,0.0023781224,0.09654909
2019-01-16,GLD,-0.0017215236,0.0
2019-01-17,GLD,0.00319476,8.836248e-18
2019-01-18,GLD,-0.0013094363,0.0064297817
2019-01-21,GLD,-0.008966457,0.18571879
2019-01-22,GLD,0.0,0.028312722
2019-01-23,GLD,0.0035468342,0.1731298
2019-01-24,GLD,-0.0014007336,0.025426447
2019-01-25,GLD,-0.0015678512,0.16558059
2019-01-28,GLD,0.014511425,3.1374783e-18
2019-01-29,GLD,0.0034938082,0.10631069
2019-01-30,GLD,0.0055809584,0.088403866
2019-01-31,GLD,0.0057103946,0.10207214
2019-02-01,GLD,0.00048107762,0.024623273
2019-02-04,GLD,-0.0020060188,0.13433412
2019-02-05,GLD,-0.004346783,0.0996185
2019-02-06,GLD,0.0025781516,0.0011173205
2019-02-07,GLD,-0.0067818766,0.15926652
2019-02-08,GLD,0.0024273822,0.15575568
2019-02-11,GLD,0.0037910915,0.030326558
2019-02-12,GLD,-0.0049231364,0.035421222
2019-02-13,GLD,0.0021013506,0.015227844
2019-02-14,GLD,-0.0039639254,0.33333334
2019-02-15,GLD,0.0055773496,0.11569292
2019-02-18,GLD,0.0059471363,0.19549134
2019-02-19,GLD,0.0,0.17576632
2019-02-20,GLD,0.015109631,0.09781883
2019-02-21,GLD,-0.0017378944,0.107064866
2019-02-22,GLD,-0.011370536,0.059762992
2019-02-25,GLD,0.0035921012,0.055932008
2019-02-26,GLD,-0.0010363935,0.05522537
2019-02-27,GLD,0.0016736406,0.09796798
2019-02-28,GLD,-0.0071123485,0.029277923
2019-03-01,GLD,-0.0056297397,0.00015545975
2019-03-04,GLD,-0.017163964,0.0075284257
2019-03-05,GLD,-0.002628986,0.04286386
2019-03-06,GLD,0.0013153569,0.037379842
2019-03-07,GLD,-0.000904122,0.015134137
2019-03-08,GLD,-0.0008226391,0.0
2019-03-11,GLD,0.010886132,0.059240352
2019-03-12,GLD,-0.00489637,0.0
2019-03-13,GLD,0.006035415,0.11984421
2019-03-14,GLD,0.006968669,0.016605783
2019-03-15,GLD,-0.011614344,0.031538025
2019-03-18,GLD,0.004564357,0.0
2019-03-19,GLD,0.00056908256,0.022351205
2019-03-20,GLD,0.002759518,0.01680409
2019-03-21,GLD,0.006463102,0.118140474
2019-03-22,GLD,-0.004034541,0.10251615
2019-03-25,GLD,0.002342016,0.019893758
2019-03-26,GLD,0.0076339315,0.16794395
2019-03-27,GLD,-0.004975534,4.6259294e-18
2019-03-28,GLD,-0.0052430048,0.0
2019-03-29,GLD,-0.014253957,6.039854e-18
2019-04-01,GLD,0.0009019721,0.11160254
2019-04-02,GLD,-0.003941863,0.007542699
2019-04-03,GLD,0.003695951,0.115109205
2019-04-04,GLD,-0.0014767416,0.06811225
2019-04-05,GLD,0.0025419225,0.07557235
2019-04-08,GLD,-0.001065181,0.111373045
2019-04-09,GLD,0.0043355622,0.032490525
2019-04-10,GLD,0.0052104653,0.0
2019-04-11,GLD,0.003080917,0.0
2019-04-12,GLD,-0.012872917,3.512815e-17
2019-04-15,GLD,-0.0009844943,0.02054925
2019-04-16,GLD,-0.0018896608,0.0
2019-04-17,GLD,-0.0090042325,0.03875092
2019-04-18,GLD,-0.0019103789,0.0
2019-04-19,GLD,0.00074797426,1.0408341e-17
2019-04-22,GLD,0.0,0.0005998358
2019-04-23,GLD,0.0,0.0
2019-04-24,GLD,-0.0020790892,0.022302216
2019-04-25,GLD,0.0029095162,0.0
2019-04-26,GLD,0.00082973787,0.11861644
2019-04-29,GLD,0.006613234,0.012382805
2019-04-30,GLD,-0.004459132,0.19550595
2019-05-01,GLD,0.0030574745,0.031408463
2019-05-02,GLD,-0.0066225408,0.00977306
2019-05-03,GLD,-0.003827915,0.06398867
2019-05-06,GLD,0.0059021744,0.061092485
2019-05-07,GLD,0.0013252714,0.030075382
2019-05-08,GLD,0.003305515,0.018922234
2019-05-09,GLD,-0.0024781113,5.464379e-17
2019-05-10,GLD,0.0023956064,0.012275627
2019-05-13,GLD,0.0018958914,0.031981185
2019-05-14,GLD,0.010159858,0.011848703
2019-05-15,GLD,-0.001713377,0.049201354
2019-05-16,GLD,-0.0005717787,0.038706854
2019-05-17,GLD,-0.0072161034,0.08659854
2019-05-20,GLD,-0.0071027717,9.251859e-18
2019-05-21,GLD,-8.288781e-05,0.036371928
2019-05-22,GLD,-0.0023236524,0.0035285866
2019-05-23,GLD,-0.0009975063,0.0
2019-05-24,GLD,0.007704773,0.087760285
2019-05-27,GLD,0.0010722977,0.33333334
2019-05-28,GLD,0.0,0.12922412
2019-05-29,GLD,-0.003882217,0.005445334
2019-05-30,GLD,0.00033098884,0.07901741
2019-05-31,GLD,0.0067612394,0.06229416
2019-06-03,GLD,0.013386862,0.0497601
2019-06-04,GLD,0.014329661,0.074081145
2019-06-05,GLD,0.00031966754,0.011862798
2019-06-06,GLD,0.0025536683,0.003166801
2019-06-07,GLD,0.003262386,0.004413859
2019-06-10,GLD,0.0056244456,0.0
2019-06-11,GLD,-0.010003259,0.036092326
2019-06-12,GLD,-0.0011975571,0.07293147
2019-06-13,GLD,0.005179088,0.002840178
2019-06-14,GLD,0.0061007203,0.1360305
2019-06-17,GLD,-0.0003160057,0.018699115
2019-06-18,GLD,-0.0006323111,0.026305193
2019-06-19,GLD,0.0050473292,0.1060096
2019-06-20,GLD,0.0060389973,0.027511287
2019-06-21,GLD,0.024866147,0.012690432
2019-06-24,GLD,0.0066137305,0.0
2019-06-25,GLD,0.014741543,0.33333334
2019-06-26,GLD,0.001939286,4.6259294e-18
2019-06-27,GLD,-0.0092076855,0.043015882
2019-06-28,GLD,-0.0009781424,0.054136947
2019-07-01,GLD,0.0027063617,0.019302808
2019-07-02,GLD,-0.019559413,0.002450741
2019-07-03,GLD,0.021134749,2.3129647e-18
2019-07-04,GLD,0.0016476936,0.03259837
2019-07-05,GLD,0.0,0.008585011
2019-07-08,GLD,-0.01121282,0.06822774
2019-07-09,GLD,-0.0064533497,0.12314539
2019-07-10,GLD,0.0034975705,0.009832076
2019-07-11,GLD,0.015664151,0.029088212
2019-07-12,GLD,-0.008479397,0.02413648
2019-07-15,GLD,0.0062352302,0.041136634
2019-07-16,GLD,0.0,0.039169546
2019-07-17,GLD,-0.008498528,0.0
2019-07-18,GLD,0.016331173,0.0134834
2019-07-19,GLD,0.014019266,0.0
2019-07-22,GLD,-0.014836958,0.022181002
2019-07-23,GLD,-0.00014874311,0.0645208
2019-07-24,GLD,-0.0056686956,7.401487e-17
2019-07-25,GLD,0.0050735017,0.010786197
2019-07-26,GLD,-0.007095142,0.08762676
2019-07-29,GLD,0.0016475702,0.21967822
2019-07-30,GLD,0.006637605,0.105383255
2019-07-31,GLD,0.0033393968,0.105403826
2019-08-01,GLD,-0.0131997885,0.0
2019-08-02,GLD,0.023738226,0.0
2019-08-05,GLD,-0.0038193215,0.043742415
2019-08-06,GLD,0.013885052,0.016486418
2019-08-07,GLD,0.008095454,0.01552783
2019-08-08,GLD,0.015075482,0.04008429
2019-08-09,GLD,0.005022115,0.04514125
2019-08-12,GLD,-0.0033216751,0.07222525
2019-08-13,GLD,0.009651701,0.043750446
2019-08-14,GLD,-0.005977304,0.11357334
2019-08-15,GLD,0.006818288,0.027905276
2019-08-16,GLD,0.0066329446,0.037617743
2019-08-19,GLD,-0.006422809,0.015584145
2019-08-20,GLD,-0.011765256,0.01600199
2019-08-21,GLD,0.00776511,1.8503718e-17
2019-08-22,GLD,-0.0031693515,4.6413675e-18
2019-08-23,GLD,-0.0025427334,0.015013071
2019-08-26,GLD,0.019400405,0.03456206
2019-08-27,GLD,0.00013871549,0.06523254
2019-08-28,GLD,0.009525197,0.09552708
2019-08-29,GLD,-0.0028204883,0.10672762
2019-08-30,GLD,-0.0071902964,9.251859e-18
2019-09-02,GLD,-0.0025706063,3.7007435e-17
2019-09-03,GLD,0.0,0.0061520906
2019-09-04,GLD,0.0138171455,0.029865686
2019-09-05,GLD,0.0062241573,0.02012087
2019-09-06,GLD,-0.02429381,0.025045
2019-09-09,GLD,-0.008559654,0.0022932058
2019-09-10,GLD,-0.003741489,5.551115e-17
2019-09-11,GLD,-0.008594719,0.0
2019-09-12,GLD,0.0060453224,0.0
2019-09-13,GLD,0.0020541889,0.014693292
2019-09-16,GLD,-0.008313545,0.005598155
2019-09-17,GLD,0.008313545,1.05529014e-17
2019-09-18,GLD,0.0019793587,0.002614061
2019-09-19,GLD,-0.0063051465,9.251859e-18
2019-09-20,GLD,0.0040427023,0.01007243
2019-09-23,GLD,0.011751182,0.005164134
2019-09-24,GLD,0.005580761,0.0069769197
2019-09-25,GLD,0.0052730297,0.0
2019-09-26,GLD,-0.018719552,9.251859e-18
2019-09-27,GLD,-0.00028206754,1.8503718e-17
2019-09-30,GLD,-0.005161758,0.0
2019-10-01,GLD,-0.015647087,0.0074608787
2019-10-02,GLD,0.005457823,1.3877788e-17
2019-10-03,GLD,0.011606097,0.014368638
2019-10-04,GLD,0.00452042,0.032532554
2019-10-07,GLD,0.0,0.031328596
2019-10-08,GLD,-0.0085636955,0.0
2019-10-09,GLD,0.00870463,0.0
2019-10-10,GLD,0.00091558974,0.0
2019-10-11,GLD,-0.008767644,0.0
2019-10-14,GLD,-0.0055547785,0.0036381588
2019-10-15,GLD,0.0039911675,0.0
2019-10-16,GLD,-0.006995032,0.0
2019-10-17,GLD,0.005713893,0.08674355
2019-10-18,GLD,0.0014233865,0.0031831644
2019-10-21,GLD,-0.0010673499,0.0
2019-10-22,GLD,-0.0047814543,0.014585676
2019-10-23,GLD,0.0029286782,0.0
2019-10-24,GLD,0.0023510144,2.3129647e-18
2019-10-25,GLD,0.0070907194,9.251859e-18
2019-10-28,GLD,0.002328947,0.10760984
2019-10-29,GLD,-0.0086372215,3.7007435e-17
2019-10-30,GLD,-0.0027768896,0.0070779254
2019-10-31,GLD,0.0054751798,0.0
2019-11-01,GLD,0.009948927,0.12619273
2019-11-04,GLD,0.00091231277,6.938894e-18
2019-11-05,GLD,-0.0028801255,0.0
2019-11-06,GLD,-0.016312419,1.8503718e-17
2019-11-07,GLD,0.004281134,6.476301e-17
2019-11-08,GLD,-0.015643258,0.0
2019-11-11,GLD,-0.0063846987,0.0
2019-11-12,GLD,-0.0024048109,0.0
2019-11-13,GLD,0.0026959104,0.0046186913
2019-11-14,GLD,0.0039940504,0.023046533
2019-11-15,GLD,0.004194698,0.0
2019-11-18,GLD,-0.002529177,4.6259294e-18
2019-11-19,GLD,0.002962109,2.8912057e-18
2019-11-20,GLD,0.0005048502,0.03818977
2019-11-21,GLD,0.00050459546,0.0
2019-11-22,GLD,-0.005492137,3.2572286e-18
2019-11-25,GLD,-0.0018858351,0.035798974
2019-11-26,GLD,-0.004803153,0.056715813
2019-11-27,GLD,0.004803153,0.012382367
2019-11-28,GLD,-0.0053139343,1.8503718e-17
2019-11-29,GLD,0.0,1.445603e-19
2019-12-02,GLD,0.0061847614,4.899934e-19
2019-12-03,GLD,-0.0005078905,1.8503718e-17
2019-12-04,GLD,0.0095342,9.309503e-18
2019-12-05,GLD,-0.0013667592,1.1564824e-18
2019-12-06,GLD,0.00057570526,1.3877788e-17
2019-12-09,GLD,-0.009977669,1.8503718e-17
2019-12-10,GLD,-0.00029069767,4.481369e-18
2019-12-11,GLD,0.0028307042,0.0
2019-12-12,GLD,0.0068619577,0.0
2019-12-13,GLD,-0.003533445,3.6140072e-19
2019-12-16,GLD,0.004468798,0.0
2019-12-17,GLD,-7.191916e-05,0.0
2019-12-18,GLD,-0.00021578853,2.3129647e-18
2019-12-19,GLD,7.1934686e-05,0.017594524
2019-12-20,GLD,0.0025862083,0.0
2019-12-23,GLD,0.0010039442,0.0071493224
2019-12-24,GLD,0.0030772558,0.0
2019-12-25,GLD,0.009387737,1.8503718e-17
2019-12-26,GLD,0.0,0.011504715
2019-12-27,GLD,0.007826587,0.0013020309
2019-12-30,GLD,-0.0003512346,0.005843754
2019-12-31,GLD,0.0021055595,7.340688e-18
2019-01-01,XLF,0.00970267,0.04302568
2019-01-02,XLF,0.0,0.0
2019-01-03,XLF,0.008361253,0.10960703
2019-01-04,XLF,-0.022737822,0.004493723
2019-01-07,XLF,0.032679908,0.11257135
2019-01-08,XLF,0.0012358394,0.02715624
2019-01-09,XLF,0.0008230453,0.00045950065
2019-01-10,XLF,0.004924097,1.649329e-17
2019-01-11,XLF,0.00040924904,0.0077985753
2019-01-14,XLF,0.0024519833,2.250839e-18
2019-01-15,XLF,0.006914813,0.0
2019-01-16,XLF,0.008878185,0.038108166
2019-01-17,XLF,0.021070149,0.06706486
2019-01-18,XLF,0.0054923636,2.0700615e-17
2019-01-21,XLF,0.01706791,0.0763678
2019-01-22,XLF,0.0,0.0
2019-01-23,XLF,-0.011605546,0.070531994
2019-01-24,XLF,0.0011666344,1.0339022e-20
2019-01-25,XLF,0.0023291935,0.03842209
2019-01-28,XLF,0.008109719,0.0
2019-01-29,XLF,-0.0030816665,0.13610134
2019-01-30,XLF,-0.0034782644,0.005717669
2019-01-31,XLF,0.005790404,0.013290164
2019-02-01,XLF,-0.0015408323,6.7318853e-18
2019-02-04,XLF,0.0042315894,3.493851e-18
2019-02-05,XLF,0.0042137583,0.116395615
2019-02-06,XLF,-0.0026794274,0.023283064
2019-02-07,XLF,-0.0011505275,0.041165575
2019-02-08,XLF,-0.01002708,0.037396118
2019-02-11,XLF,-0.005051497,1.9705313e-17
2019-02-12,XLF,0.0031116323,0.0
2019-02-13,XLF,0.014649453,0.0040868456
2019-02-14,XLF,0.0026753312,0.0
2019-02-15,XLF,-0.012288941,0.08325123
2019-02-18,XLF,0.021029258,1.9142929e-19
2019-02-19,XLF,0.0,0.06879505
2019-02-20,XLF,0.0015122877,0.14299092
2019-02-21,XLF,0.0064018294,0.07770879
2019-02-22,XLF,-0.0052691125,0.0
2019-02-25,XLF,-0.0015105742,0.0
2019-02-26,XLF,0.004148601,0.006039341
2019-02-27,XLF,-0.0030154565,0.007886843
2019-02-28,XLF,0.003767902,0.0209946
2019-03-01,XLF,-0.0026360399,0.043757692
2019-03-04,XLF,0.006389798,0.072236456
2019-03-05,XLF,-0.006389798,0.12699391
2019-03-06,XLF,-0.0037778663,0.0010471827
2019-03-07,XLF,-0.00645531,0.021981696
2019-03-08,XLF,-0.010338978,0.012104966
2019-03-11,XLF,-0.00038498556,0.010942785
2019-03-12,XLF,0.010342939,0.047373097
2019-03-13,XLF,0.002283975,0.0
2019-03-14,XLF,0.006820792,0.0011593516
2019-03-15,XLF,0.0037693223,0.006665742
2019-03-18,XLF,0.0018793466,1.3435748e-17
2019-03-19,XLF,0.010087887,0.0010806181
2019-03-20,XLF,-0.0078373235,0.0
2019-03-21,XLF,-0.020822255,0.0
2019-03-22,XLF,-0.0030651365,0.08262092
2019-03-25,XLF,-0.028017396,0.021966312
2019-03-26,XLF,-0.004350412,0.06110888
2019-03-27,XLF,0.011820469,0.01109746
2019-03-28,XLF,-0.0043179654,0.050712895
2019-03-29,XLF,0.008617367,0.020856667
2019-04-01,XLF,0.0027263893,0.011044575
2019-04-02,XLF,0.024208674,0.0037181254
2019-04-03,XLF,-0.00075958984,0.011830474
2019-04-04,XLF,0.0030349037,0.13808171
2019-04-05,XLF,0.006042314,0.030927222
2019-04-08,XLF,0.0015048912,0.020845424
2019-04-09,XLF,0.001127184,0.0
2019-04-10,XLF,-0.008295674,0.0684471
2019-04-11,XLF,0.003024577,0.032899663
2019-04-12,XLF,0.0060218475,0.047736462
2019-04-15,XLF,0.018219505,0.018652458
2019-04-16,XLF,-0.0062835175,0.009939161
2019-04-17,XLF,0.013991391,0.0038532186
2019-04-18,XLF,0.0025561452,0.018028699
2019-04-19,XLF,-0.0029218427,0.0
2019-04-22,XLF,0.0,0.0127513055
2019-04-23,XLF,-0.002930405,9.486769e-19
2019-04-24,XLF,0.0062168785,0.0430378
2019-04-25,XLF,-0.0010942916,5.9224544e-18
2019-04-26,XLF,0.0018231545,0.0130430255
2019-04-29,XLF,0.0090662455,1.2634436e-18
2019-04-30,XLF,0.010057556,0.0
2019-05-01,XLF,0.0014285716,0.0044365837
2019-05-02,XLF,-0.008242297,0.053660985
2019-05-03,XLF,0.0010789428,0.08861513
2019-05-06,XLF,0.008946204,0.005669776
2019-05-07,XLF,-0.0067918045,0.04534918
2019-05-08,XLF,-0.016636912,0.0
2019-05-09,XLF,-0.0021905813,0.0
2019-05-10,XLF,-0.0021953906,0.02448866
2019-05-13,XLF,0.006571765,0.0
2019-05-14,XLF,-0.029544245,1.3499864e-17
2019-05-15,XLF,0.00784025,0.010052476
2019-05-16,XLF,-0.0037257867,8.955037e-19
2019-05-17,XLF,0.010027939,0.010684627
2019-05-20,XLF,-0.006674107,0.009270122
2019-05-21,XLF,0.0011154491,0.019374935
2019-05-22,XLF,0.010351294,0.0027760968
2019-05-23,XLF,-0.0059018983,0.0175084
2019-05-24,XLF,-0.01415821,0.037887853
2019-05-27,XLF,0.00784904,0.00022814561
2019-05-28,XLF,0.0,0.115006536
2019-05-29,XLF,-0.011608443,0.03567203
2019-05-30,XLF,-0.0018850147,0.04451519
2019-05-31,XLF,-0.0034020066,0.0
2019-06-03,XLF,-0.015261647,0.030877573
2019-06-04,XLF,0.006514681,0.14464933
2019-06-05,XLF,0.02675871,0.045355517
2019-06-06,XLF,0.0063021523,0.023862693
2019-06-07,XLF,0.00368868,0.048535347
2019-06-10,XLF,-0.0014738396,0.015539384
2019-06-11,XLF,0.0084450655,0.0
2019-06-12,XLF,0.00036556387,0.0
2019-06-13,XLF,-0.009917437,0.037823796
2019-06-14,XLF,0.0033167526,0.14771828
2019-06-17,XLF,0.0022050727,0.011143076
2019-06-18,XLF,-0.009220054,0.01823079
2019-06-19,XLF,0.013250102,0.012401504
2019-06-20,XLF,-0.0018298266,0.032277137
2019-06-21,XLF,0.004385972,0.013951514
2019-06-24,XLF,-0.007320677,0.02400232
2019-06-25,XLF,-0.0040493337,0.02939221
2019-06-26,XLF,-0.003325331,0.040314306
2019-06-27,XLF,-0.0018521954,0.036405817
2019-06-28,XLF,0.008859416,0.019340564
2019-07-01,XLF,0.01423122,0.0070017367
2019-07-02,XLF,0.011885608,0.04980548
2019-07-03,XLF,-0.0025094117,0.04588832
2019-07-04,XLF,0.0078656105,7.51956e-18
2019-07-05,XLF,0.0,0.006228182
2019-07-08,XLF,0.002844952,0.0074950797
2019-07-09,XLF,-0.0049839905,0.10392252
2019-07-10,XLF,0.0017828494,0.03783182
2019-07-11,XLF,-0.003568883,0.0
2019-07-12,XLF,0.005704115,0.03644876
2019-07-15,XLF,0.006731646,0.010838121
2019-07-16,XLF,-0.0056657377,0.0
2019-07-17,XLF,-0.0024888902,0.01162128
2019-07-18,XLF,-0.008580674,0.01597413
2019-07-19,XLF,0.0075121084,0.009916915
2019-07-22,XLF,-0.0042857206,0.02978924
2019-07-23,XLF,0.0021451563,0.0073473863
2019-07-24,XLF,0.010303875,0.0
2019-07-25,XLF,0.010198787,0.05528118
2019-07-26,XLF,-0.007022501,0.17834522
2019-07-29,XLF,0.010863958,0.0
2019-07-30,XLF,-0.007697729,0.03388648
2019-07-31,XLF,-0.0028139309,0.032190006
2019-08-01,XLF,-0.004943513,0.0060958858
2019-08-02,XLF,-0.022915432,4.5917975e-19
2019-08-05,XLF,-0.00036225322,0.02946236
2019-08-06,XLF,-0.03390155,0.029725172
2019-08-07,XLF,0.015988443,0.042555545
2019-08-08,XLF,-0.01336819,0.013762821
2019-08-09,XLF,0.018885953,0.0015459958
2019-08-12,XLF,-0.0033070028,0.015307295
2019-08-13,XLF,-0.019324273,0.021568513
2019-08-14,XLF,0.0123067,0.024239833
2019-08-15,XLF,-0.03776884,0.0
2019-08-16,XLF,0.0049913717,0.0
2019-08-19,XLF,0.017464377,0.033464815
2019-08-20,XLF,0.010110552,0.015236862
2019-08-21,XLF,-0.013503581,0.031335667
2019-08-22,XLF,0.0045214845,0.02446715
2019-08-23,XLF,0.0067441245,0.0
2019-08-26,XLF,-0.025720026,0.026441155
2019-08-27,XLF,0.009532961,0.019523676
2019-08-28,XLF,-0.0060906163,1.1815004e-17
2019-08-29,XLF,0.00912207,0.004315673
2019-08-30,XLF,0.015020936,0.03614395
2019-09-02,XLF,0.0033488404,0.028087724
2019-09-03,XLF,0.0,0.04624476
2019-09-04,XLF,-0.010455659,0.008576594
2019-09-05,XLF,0.009712441,0.013427429
2019-09-06,XLF,0.020239882,0.014817511
2019-09-09,XLF,-0.00036436509,0.032577924
2019-09-10,XLF,0.0151901655,0.019779382
2019-09-11,XLF,0.003582949,0.03534286
2019-09-12,XLF,0.0057061496,0.046094727
2019-09-13,XLF,0.005320105,0.07647724
2019-09-16,XLF,0.0077519766,0.03136597
2019-09-17,XLF,-0.003516178,0.05987462
2019-09-18,XLF,0.0010561522,0.06057779
2019-09-19,XLF,0.0035124728,0.034223184
2019-09-20,XLF,-0.0045686252,0.0102366125
2019-09-23,XLF,-0.010979392,0.050118014
2019-09-24,XLF,0.0017790433,0.022299657
2019-09-25,XLF,-0.009644655,0.049262095
2019-09-26,XLF,0.008221673,0.055209935
2019-09-27,XLF,-0.0046387236,0.040943317
2019-09-30,XLF,0.003926473,0.033397578
2019-10-01,XLF,-0.0024968802,0.030107986
2019-10-02,XLF,-0.0212966,0.051464908
2019-10-03,XLF,-0.020642089,0.029353052
2019-10-04,XLF,0.004088465,7.7964287e-20
2019-10-07,XLF,0.018376114,0.05905526
2019-10-08,XLF,-0.0051113656,0.040125236
2019-10-09,XLF,-0.019963695,0.057751216
2019-10-10,XLF,0.00929202,0.050396793
2019-10-11,XLF,0.010305575,0.04645041
2019-10-14,XLF,0.012372793,0.05908531
2019-10-15,XLF,0.0014456093,0.010618337
2019-10-16,XLF,0.014342304,0.050776448
2019-10-17,XLF,-0.0024951003,0.029613258
2019-10-18,XLF,0.00071352127,0.032507047
2019-10-21,XLF,0.0024933228,0.039940227
2019-10-22,XLF,0.013778702,0.01592674
2019-10-23,XLF,-0.0028109646,0.04250195
2019-10-24,XLF,0.0042134896,0.017539639
2019-10-25,XLF,-0.0014025248,0.028380563
2019-10-28,XLF,0.004900255,0.017056795
2019-10-29,XLF,0.0052237627,0.043248177
2019-10-30,XLF,0.0024284488,0.02401523
2019-10-31,XLF,-0.0006932409,0.013130213
2019-11-01,XLF,-0.00486619,0.0
2019-11-04,XLF,0.0145281,0.038443796
2019-11-05,XLF,0.008548521,0.02604103
2019-11-06,XLF,0.003738322,0.04252232
2019-11-07,XLF,0.005075294,0.051195953
2019-11-08,XLF,0.0073974784,0.010151622
2019-11-11,XLF,-0.0003350645,0.00826816
2019-11-12,XLF,-0.0026845653,0.0
2019-11-13,XLF,0.0013431836,9.48742e-05
2019-11-14,XLF,-0.0063962513,0.032604404
2019-11-15,XLF,0.0020242922,0.004890291
2019-11-18,XLF,0.0026926978,0.024245705
2019-11-19,XLF,0.0020147758,0.024544002
2019-11-20,XLF,0.0020107245,0.06511277
2019-11-21,XLF,-0.0046979953,0.02797905
2019-11-22,XLF,-0.0010095912,0.03727832
2019-11-25,XLF,0.0073801074,0.05231291
2019-11-26,XLF,0.0063301893,0.06295263
2019-11-27,XLF,-0.0009968434,0.063068
2019-11-28,XLF,0.0039814254,0.042323645
2019-11-29,XLF,0.0,0.06450879
2019-12-02,XLF,-0.0016570012,0.020437423
2019-12-03,XLF,-0.0063217646,0.07065196
2019-12-04,XLF,-0.014117882,0.079009615
2019-12-05,XLF,0.009434032,0.008355374
2019-12-06,XLF,0.0046838494,0.002903036
2019-12-09,XLF,0.013262793,0.0631066
2019-12-10,XLF,-0.0023083275,0.009132657
2019-12-11,XLF,0.00033008747,0.04680616
2019-12-12,XLF,-0.0023129038,0.12085176
2019-12-13,XLF,0.01932902,0.05542717
2019-12-16,XLF,-0.0035754954,0.033299062
2019-12-17,XLF,0.0035754954,0.024728537
2019-12-18,XLF,0.0038860152,0.029875575
2019-12-19,XLF,-0.0042105326,0.06448827
2019-12-20,XLF,-0.00032462264,0.0074545257
2019-12-23,XLF,-0.0039037135,0.03554912
2019-12-24,XLF,-0.0022842234,0.04010147
2019-12-25,XLF,0.0022842234,0.031429715
2019-12-26,XLF,0.0,0.051652122
2019-12-27,XLF,0.005525774,0.031430572
2019-12-30,XLF,-0.002596561,0.017816965
2019-12-31,XLF,-0.0029292128,0.019716319
2019-01-01,XLB,0.008348289,0.0
2019-01-02,XLB,0.0,2.2905094e-19
2019-01-03,XLB,0.0051332787,0.0
2019-01-04,XLB,-0.028767465,0.0
2019-01-07,XLB,0.038565703,1.1274004e-18
2019-01-08,XLB,0.0035039943,1.488971e-17
2019-01-09,XLB,0.010438912,0.0
2019-01-10,XLB,0.00038454143,2.8917239e-05
2019-01-11,XLB,0.0088038845,0.0
2019-01-14,XLB,-0.004009552,2.1314405e-18
2019-01-15,XLB,-0.0076820045,1.7623096e-19
2019-01-16,XLB,-0.006576426,1.5924219e-18
2019-01-17,XLB,0.0038737217,1.6263033e-19
2019-01-18,XLB,0.017438402,1.4696908e-17
2019-01-21,XLB,0.016392265,0.020795198
2019-01-22,XLB,0.0,0.0
2019-01-23,XLB,-0.013925705,0.0
2019-01-24,XLB,-0.0068454347,0.0
2019-01-25,XLB,-0.0053568142,2.1684043e-19
2019-01-28,XLB,0.018812906,0.0
2019-01-29,XLB,-0.0015071593,1.5025688e-19
2019-01-30,XLB,0.010316137,0.0
2019-01-31,XLB,0.010580145,7.250602e-19
2019-02-01,XLB,-0.015068651,3.0426112e-18
2019-02-04,XLB,0.0029945746,1.2663664e-18
2019-02-05,XLB,-0.0016833446,0.04136515
2019-02-06,XLB,0.007274116,0.0016054525
2019-02-07,XLB,-0.005964603,0.0
2019-02-08,XLB,-0.013930948,5.3008784e-19
2019-02-11,XLB,-0.0009483168,0.0
2019-02-12,XLB,0.0015168756,1.7900062e-19
2019-02-13,XLB,0.0221107,5.421011e-20
2019-02-14,XLB,0.0012964165,0.0
2019-02-15,XLB,-0.0051957807,2.0727697e-19
2019-02-18,XLB,0.013489995,1.6166594e-18
2019-02-19,XLB,0.0,0.0
2019-02-20,XLB,0.006221429,0.0
2019-02-21,XLB,0.017001675,0.0
2019-02-22,XLB,-0.0039532846,6.099304e-20
2019-02-25,XLB,0.0043119,2.5391455e-18
2019-02-26,XLB,0.006433189,1.8995644e-19
2019-02-27,XLB,-0.005716343,1.748326e-18
2019-02-28,XLB,-0.0016136265,2.6737257e-18
2019-03-01,XLB,-0.012276738,1.8700351e-19
2019-03-04,XLB,-0.0012723805,0.00355557
2019-03-05,XLB,0.004536801,3.0714162e-19
2019-03-06,XLB,-0.004718702,0.0
2019-03-07,XLB,0.0021806296,2.2832771e-20
2019-03-08,XLB,-0.008201996,0.0
2019-03-11,XLB,0.00164579,0.0
2019-03-12,XLB,0.014151179,8.131516e-20
2019-03-13,XLB,0.0037759643,0.0
2019-03-14,XLB,0.0048339544,1.2081201e-18
2019-03-15,XLB,-0.007529616,1.7373853e-19
2019-03-18,XLB,-0.0030638936,6.071532e-18
2019-03-19,XLB,0.0023438216,0.0
2019-03-20,XLB,-0.001261375,0.0
2019-03-21,XLB,-0.00090195733,1.08223607e-19
2019-03-22,XLB,0.010591608,1.2684408e-20
2019-03-25,XLB,-0.03027513,0.0
2019-03-26,XLB,-0.0018422997,9.7712145e-05
2019-03-27,XLB,0.0060667526,0.0077864304
2019-03-28,XLB,-0.0012838149,0.0
2019-03-29,XLB,0.009679557,0.015501154
2019-04-01,XLB,0.008686265,0.0
2019-04-02,XLB,0.014844232,0.0
2019-04-03,XLB,0.0033673048,0.0
2019-04-04,XLB,0.013007741,0.0
2019-04-05,XLB,0.010078278,0.0
2019-04-08,XLB,-0.00034584125,0.0
2019-04-09,XLB,0.00034584125,0.0
2019-04-10,XLB,-0.007287903,8.583267e-19
2019-04-11,XLB,-0.0005226026,0.00033136652
2019-04-12,XLB,-0.0005228758,0.019050289
2019-04-15,XLB,0.013162643,0.0
2019-04-16,XLB,-0.004656385,0.0
2019-04-17,XLB,0.0044843126,0.0
2019-04-18,XLB,-0.0062144166,7.985032e-05
2019-04-19,XLB,0.0012113872,0.0007608282
2019-04-22,XLB,0.0,0.014145393
2019-04-23,XLB,-0.0067679216,0.090147376
2019-04-24,XLB,0.004517033,1.615878e-05
2019-04-25,XLB,-0.0062598013,0.0314492
2019-04-26,XLB,-0.012815062,3.6140073e-20
2019-04-29,XLB,0.0082696,0.0
2019-04-30,XLB,-0.0019293175,0.0
2019-05-01,XLB,0.008565737,6.609542e-18
2019-05-02,XLB,-0.018268557,0.005617042
2019-05-03,XLB,-0.0051541924,0.00014304004
2019-05-06,XLB,0.009752715,2.5903301e-20
2019-05-07,XLB,-0.0143964095,0.0
2019-05-08,XLB,-0.017699577,0.0051042945
2019-05-09,XLB,-0.000911494,0.0
2019-05-10,XLB,-0.007873336,2.6293695e-20
2019-05-13,XLB,0.013511252,6.481049e-18
2019-05-14,XLB,-0.022744928,2.99238e-19
2019-05-15,XLB,0.008498112,0.0
2019-05-16,XLB,-0.0025787451,0.0
2019-05-17,XLB,0.0139196385,1.7347235e-18
2019-05-20,XLB,-0.006020268,3.2751942e-20
2019-05-21,XLB,-0.014375478,9.516407e-19
2019-05-22,XLB,0.015289973,1.6159545e-18
2019-05-23,XLB,-0.006971226,1.1093707e-05
2019-05-24,XLB,-0.015397763,0.0
2019-05-27,XLB,0.0055928556,0.00013155537
2019-05-28,XLB,0.0,4.049141e-19
2019-05-29,XLB,-0.010089772,1.1963061e-19
2019-05-30,XLB,0.00018777579,4.517509e-21
2019-05-31,XLB,0.0016883974,0.0
2019-06-03,XLB,-0.011310206,0.0
2019-06-04,XLB,0.030984187,0.009767046
2019-06-05,XLB,0.027731728,0.00040315685
2019-06-06,XLB,0.007302553,1.4578161e-19
2019-06-07,XLB,0.011819843,0.003835698
2019-06-10,XLB,0.008904467,0.0
2019-06-11,XLB,0.0017367146,0.0
2019-06-12,XLB,-0.0006943239,0.0
2019-06-13,XLB,0.0032937536,0.00086347107
2019-06-14,XLB,0.0058671436,0.0
2019-06-17,XLB,-0.004310723,8.636453e-19
2019-06-18,XLB,-0.009200655,2.8233893e-18
2019-06-19,XLB,0.00781729,0.0027242159
2019-06-20,XLB,-0.005552678,0.0
2019-06-21,XLB,0.012622282,0.0
2019-06-24,XLB,-0.009148248,0.0
2019-06-25,XLB,0.0038075505,0.0
2019-06-26,XLB,0.00051809,9.992777e-19
2019-06-27,XLB,-0.0017280115,5.3493605e-19
2019-06-28,XLB,0.003280673,0.0
2019-07-01,XLB,0.008411345,0.0
2019-07-02,XLB,0.007662873,0.0
2019-07-03,XLB,-0.00101833,7.136793e-19
2019-07-04,XLB,0.005081312,0.0
2019-07-05,XLB,0.0,0.0
2019-07-08,XLB,-0.004572017,0.0
2019-07-09,XLB,-0.011608188,0.0
2019-07-10,XLB,-0.009835296,3.0605396e-19
2019-07-11,XLB,-0.0020829726,2.639033e-18
2019-07-12,XLB,0.0043346407,1.7573096e-18
2019-07-15,XLB,0.009813284,9.163646e-19
2019-07-16,XLB,0.0006850488,0.0
2019-07-17,XLB,0.002393982,0.0
2019-07-18,XLB,-0.008920972,0.0059795845
2019-07-19,XLB,0.004298863,0.0
2019-07-22,XLB,0.0022281266,0.0
2019-07-23,XLB,-0.0025713565,0.0
2019-07-24,XLB,0.020388067,0.027532872
2019-07-25,XLB,-0.00067294756,2.182984e-18
2019-07-26,XLB,-0.007262932,2.1250363e-17
2019-07-29,XLB,0.0011859383,0.0
2019-07-30,XLB,-0.0033921334,2.1684043e-19
2019-07-31,XLB,0.0066040372,6.5669935e-18
2019-08-01,XLB,-0.015477816,0.0030086713
2019-08-02,XLB,-0.005672555,0.0
2019-08-05,XLB,-0.011791362,3.7668742e-18
2019-08-06,XLB,-0.019018006,1.61782e-18
2019-08-07,XLB,0.0012436708,6.02664e-19
2019-08-08,XLB,0.013754405,2.2057228e-18
2019-08-09,XLB,0.018909402,0.009734741
2019-08-12,XLB,-0.007936549,0.0
2019-08-13,XLB,-0.015712613,0.020792255
2019-08-14,XLB,0.010676569,0.0084801195
2019-08-15,XLB,-0.032198075,9.035018e-19
2019-08-16,XLB,0.00035951825,6.786561e-18
2019-08-19,XLB,0.017459912,0.0
2019-08-20,XLB,0.007916305,0.0069750743
2019-08-21,XLB,-0.011809426,8.660135e-18
2019-08-22,XLB,0.00512867,0.017380385
2019-08-23,XLB,-0.006725689,0.0
2019-08-26,XLB,-0.024448458,8.836361e-20
2019-08-27,XLB,0.0032703518,0.0
2019-08-28,XLB,0.0007252947,0.0
2019-08-29,XLB,0.007763874,0.0
2019-08-30,XLB,0.012688938,0.0
2019-09-02,XLB,0.006725689,0.0
2019-09-03,XLB,0.0,0.0
2019-09-04,XLB,-0.007969581,0.0
2019-09-05,XLB,0.012194196,0.0011972445
2019-09-06,XLB,0.0015796405,0.0
2019-09-09,XLB,0.0038508712,4.517509e-21
2019-09-10,XLB,-0.0052548726,0.0
2019-09-11,XLB,0.009786866,0.0
2019-09-12,XLB,0.0095197605,0.0
2019-09-13,XLB,0.007722046,0.0
2019-09-16,XLB,0.01088076,0.00034657973
2019-09-17,XLB,-0.016537756,0.0
2019-09-18,XLB,0.008047299,0.0
2019-09-19,XLB,0.00051146536,1.1306296e-18
2019-09-20,XLB,0.0017029977,0.0035175409
2019-09-23,XLB,-0.0073435563,0.014217396
2019-09-24,XLB,-0.0024026097,0.0
2019-09-25,XLB,-0.008628181,7.3909125e-18
2019-09-26,XLB,0.005185837,0.0010011079
2019-09-27,XLB,-0.0022438949,0.00018997601
2019-09-30,XLB,-0.002768647,6.186176e-18
2019-10-01,XLB,0.008454886,0.008538064
2019-10-02,XLB,-0.023821,0.022265827
2019-10-03,XLB,-0.01811129,1.5251067e-18
2019-10-04,XLB,0.0035771814,0.0
2019-10-07,XLB,0.005341893,0.007993989
2019-10-08,XLB,-0.0035580895,0.0
2019-10-09,XLB,-0.017620018,0.005375453
2019-10-10,XLB,0.011183377,1.589464e-18
2019-10-11,XLB,0.009106393,0.014511561
2019-10-14,XLB,0.019189041,5.782412e-19
2019-10-15,XLB,-0.0071747615,0.048977926
2019-10-16,XLB,0.007000379,0.0
2019-10-17,XLB,0.002090593,0.0008682263
2019-10-18,XLB,0.0026071102,0.013783793
2019-10-21,XLB,-0.001737318,0.012274995
2019-10-22,XLB,-0.0031347987,0.0
2019-10-23,XLB,-0.004195077,6.4031374e-19
2019-10-24,XLB,0.0062860344,0.0123544345
2019-10-25,XLB,0.003128261,8.668968e-05
2019-10-28,XLB,0.010872486,0.0
2019-10-29,XLB,0.0030848354,5.000435e-19
2019-10-30,XLB,0.006141268,0.0023061323
2019-10-31,XLB,0.0008499788,0.0074461433
2019-11-01,XLB,-0.011278315,1.2412732e-18
2019-11-04,XLB,0.013993402,0.009456352
2019-11-05,XLB,0.0077650626,0.0074961344
2019-11-06,XLB,0.0016801079,0.0005236413
2019-11-07,XLB,-0.0006717045,7.2157963e-20
2019-11-08,XLB,0.0066968272,0.028030965
2019-11-11,XLB,0.003996675,0.0
2019-11-12,XLB,-0.0014968818,0.026661193
2019-11-13,XLB,0.0051465207,0.0
2019-11-14,XLB,-0.0058125216,0.0
2019-11-15,XLB,0.0061436472,0.014005986
2019-11-18,XLB,-0.0008280203,0.00799246
2019-11-19,XLB,-0.0024881824,0.028449388
2019-11-20,XLB,-0.002161444,0.0
2019-11-21,XLB,-0.012561928,0.010043352
2019-11-22,XLB,-0.0016869099,2.9454158e-18
2019-11-25,XLB,0.0016869099,0.0
2019-11-26,XLB,0.0065518925,0.001745046
2019-11-27,XLB,0.0050108675,0.017209219
2019-11-28,XLB,0.0039906935,0.0
2019-11-29,XLB,0.0,6.938894e-18
2019-12-02,XLB,-0.003657527,0.00875648
2019-12-03,XLB,-0.010043606,0.0
2019-12-04,XLB,-0.006413524,7.228015e-20
2019-12-05,XLB,0.0021987325,2.0192728e-18
2019-12-06,XLB,0.0050556227,0.0014981732
2019-12-09,XLB,0.010201611,1.1103398e-18
2019-12-10,XLB,-0.0019986683,0.030525204
2019-12-11,XLB,-0.006020085,2.068157e-19
2019-12-12,XLB,0.0075194607,1.19604626e-17
2019-12-13,XLB,0.013886816,7.228014e-18
2019-12-16,XLB,-0.0077462276,0.023465673
2019-12-17,XLB,0.0042925607,0.014067777
2019-12-18,XLB,0.0014816037,0.0052837497
2019-12-19,XLB,-0.0013168727,0.009218291
2019-12-20,XLB,0.003453099,3.1170812e-19
2019-12-23,XLB,-0.0006568145,7.7701154e-19
2019-12-24,XLB,0.002788487,0.033107825
2019-12-25,XLB,0.0011459443,0.008320678
2019-12-26,XLB,0.0,7.705741e-18
2019-12-27,XLB,0.0044078105,0.0029206376
2019-12-30,XLB,-0.0037535743,0.020104477
2019-12-31,XLB,-0.0031114412,6.3491112e-18
2019-01-01,XLK,0.009401917,0.0
2019-01-02,XLK,0.0,0.0
2019-01-03,XLK,0.0006451613,3.475389e-19
2019-01-04,XLK,-0.051785618,0.0
2019-01-07,XLK,0.043365877,0.0
2019-01-08,XLK,0.008903337,9.920705e-19
2019-01-09,XLK,0.008345419,6.571377e-19
2019-01-10,XLK,0.012862424,0.0
2019-01-11,XLK,0.0044080676,4.1922485e-18
2019-01-14,XLK,-0.0018867931,3.2552169e-18
2019-01-15,XLK,-0.009328868,0.0
2019-01-16,XLK,0.014978601,0.034506794
2019-01-17,XLK,0.0009385266,0.0
2019-01-18,XLK,0.006389798,0.0
2019-01-21,XLK,0.015109754,1.5250747e-18
2019-01-22,XLK,0.0,0.0
2019-01-23,XLK,-0.016975716,3.7007435e-17
2019-01-24,XLK,0.0034182756,6.6716616e-18
2019-01-25,XLK,0.008341105,9.707803e-19
2019-01-28,XLK,0.014052469,7.2280143e-19
2019-01-29,XLK,-0.013437368,0.0
2019-01-30,XLK,-0.010819271,1.3764256e-17
2019-01-31,XLK,0.030606827,0.0036783817
2019-02-01,XLK,-0.0010555682,1.4469303e-18
2019-02-04,XLK,0.0058668843,6.718415e-18
2019-02-05,XLK,0.015921772,4.1681127e-20
2019-02-06,XLK,0.008379322,0.0
2019-02-07,XLK,0.0033613476,0.0
2019-02-08,XLK,-0.013809534,0.0
2019-02-11,XLK,0.0057526524,4.578745e-19
2019-02-12,XLK,-0.00044133872,5.915607e-19
2019-02-13,XLK,0.013156161,0.025492765
2019-02-14,XLK,0.0013061464,1.8070037e-20
2019-02-15,XLK,0.0017388789,2.632285e-19
2019-02-18,XLK,0.007931399,0.0
2019-02-19,XLK,0.0,1.6828687e-19
2019-02-20,XLK,0.0002872325,7.064557e-18
2019-02-21,XLK,0.0011481057,0.0
2019-02-22,XLK,0.00043020005,0.0
2019-02-25,XLK,0.012679135,0.0
2019-02-26,XLK,0.004801591,3.602476e-18
2019-02-27,XLK,0.0021110415,1.0372993e-18
2019-02-28,XLK,-0.0009845982,8.2371214e-19
2019-03-01,XLK,-0.002818491,9.715148e-19
2019-03-04,XLK,0.0067510805,0.0
2019-03-05,XLK,-0.003791873,0.0
2019-03-06,XLK,-0.0029592074,0.0
2019-03-07,XLK,-0.0052352436,0.0
2019-03-08,XLK,-0.009550354,0.0
2019-03-11,XLK,-0.0001432357,0.0
2019-03-12,XLK,0.021259304,0.012211917
2019-03-13,XLK,0.0058725,0.0
2019-03-14,XLK,0.006530976,0.0
2019-03-15,XLK,0.0020754072,1.6122673e-19
2019-03-18,XLK,0.008806992,0.0
2019-03-19,XLK,0.0042381636,0.0
2019-03-20,XLK,0.0020442938,0.031654235
2019-03-21,XLK,-0.0027266548,0.0
2019-03-22,XLK,0.024809146,3.2229952e-20
2019-03-25,XLK,-0.02385397,0.0
2019-03-26,XLK,-0.0043739816,1.4953237e-19
2019-03-27,XLK,0.0054644947,0.023214228
2019-03-28,XLK,-0.0057385047,0.036852624
2019-03-29,XLK,0.004102289,0.04171645
2019-04-01,XLK,0.009777373,0.024662968
2019-04-02,XLK,0.013556344,0.0735162
2019-04-03,XLK,0.003460211,0.0
2019-04-04,XLK,0.008071496,5.1237687e-19
2019-04-05,XLK,-0.0042261025,0.0
2019-04-08,XLK,0.004753112,0.00016365453
2019-04-09,XLK,0.0038125333,4.3388688e-18
2019-04-10,XLK,-0.004734982,0.027940078
2019-04-11,XLK,0.006963176,0.028307779
2019-04-12,XLK,-0.001310101,0.04065738
2019-04-15,XLK,0.0069240592,0.002199852
2019-04-16,XLK,-0.00039065044,1.4862604e-18
2019-04-17,XLK,0.005066591,0.0
2019-04-18,XLK,0.0055566467,0.04928441
2019-04-19,XLK,0.0028310404,0.09333191
2019-04-22,XLK,0.0,0.028564546
2019-04-23,XLK,0.0023103592,1.1113072e-18
2019-04-24,XLK,0.010838486,6.302192e-20
2019-04-25,XLK,0.00038039687,0.082079805
2019-04-26,XLK,-0.00025358185,0.015164938
2019-04-29,XLK,-0.0038114644,1.480389e-17
2019-04-30,XLK,0.00025455008,0.0
2019-05-01,XLK,0.001652998,1.488521e-18
2019-05-02,XLK,-0.002544207,0.014711
2019-05-03,XLK,-0.005235948,0.0
2019-05-06,XLK,0.009430425,0.0
2019-05-07,XLK,-0.0077672764,0.00010516493
2019-05-08,XLK,-0.021709085,0.0
2019-05-09,XLK,-0.0011763938,0.06926692
2019-05-10,XLK,-0.0068241735,0.0
2019-05-13,XLK,0.0031554063,0.0
2019-05-14,XLK,-0.038401935,5.024329e-19
2019-05-15,XLK,0.015967863,0.00066727615
2019-05-16,XLK,0.010815247,0.0
2019-05-17,XLK,0.009121618,0.05623984
2019-05-20,XLK,-0.008059765,0.068197325
2019-05-21,XLK,-0.017531395,0.0
2019-05-22,XLK,0.012210819,0.0
2019-05-23,XLK,-0.0052149612,0.035762995
2019-05-24,XLK,-0.01771873,0.04013355
2019-05-27,XLK,0.00027288852,6.2038587e-19
2019-05-28,XLK,0.0,0.0
2019-05-29,XLK,-0.0028690505,1.3377508e-18
2019-05-30,XLK,-0.0059005315,0.012780842
2019-05-31,XLK,0.0061741294,4.7395883e-19
2019-06-03,XLK,-0.016827984,0.0
2019-06-04,XLK,-0.01768219,0.0
2019-06-05,XLK,0.03286746,0.00014996198
2019-06-06,XLK,0.012931508,0.0
2019-06-07,XLK,0.011563932,7.228015e-20
2019-06-10,XLK,0.018412335,0.0
2019-06-11,XLK,0.0101855155,6.312083e-18
2019-06-12,XLK,0.0,0.0
2019-06-13,XLK,-0.0056022555,0.0
2019-06-14,XLK,0.003000459,0.0
2019-06-17,XLK,-0.008765674,0.0
2019-06-18,XLK,0.0007881256,0.0
2019-06-19,XLK,0.017957542,3.775626e-19
2019-06-20,XLK,0.0036045352,6.866614e-19
2019-06-21,XLK,0.014542928,0.0
2019-06-24,XLK,-0.008266087,4.3726277e-19
2019-06-25,XLK,0.001913632,6.4382275e-18
2019-06-26,XLK,-0.018523812,4.994402e-19
2019-06-27,XLK,0.01071877,2.4744889e-18
2019-06-28,XLK,0.0025657488,1.8953316e-19
2019-07-01,XLK,-0.0001281312,0.06179311
2019-07-02,XLK,0.015764374,0.0
2019-07-03,XLK,0.0026453375,0.0003426012
2019-07-04,XLK,0.0076446263,1.3348003e-19
2019-07-05,XLK,0.0,0.00047838717
2019-07-08,XLK,-0.0018744147,0.0
2019-07-09,XLK,-0.007659024,5.782412e-19
2019-07-10,XLK,0.0035229025,3.972712e-18
2019-07-11,XLK,0.007881445,8.5841097e-19
2019-07-12,XLK,0.0037313476,7.0636763e-19
2019-07-15,XLK,0.007297948,0.0015251957
2019-07-16,XLK,0.003322058,3.4375887e-19
2019-07-17,XLK,-0.009379311,1.3638129e-17
2019-07-18,XLK,-0.0026072396,0.01679363
2019-07-19,XLK,0.0074312952,0.0
2019-07-22,XLK,-0.004328208,0.0
2019-07-23,XLK,0.011459678,0.0
2019-07-24,XLK,0.005498212,0.020046515
2019-07-25,XLK,0.008251472,0.013382594
2019-07-26,XLK,-0.0041172253,0.012332597
2019-07-29,XLK,0.002181819,0.0
2019-07-30,XLK,-0.0006055835,0.06235791
2019-07-31,XLK,-0.0064418335,0.0
2019-08-01,XLK,-0.015235581,7.1584303e-19
2019-08-02,XLK,-0.0050890697,0.0
2019-08-05,XLK,-0.016435977,0.0
2019-08-06,XLK,-0.04264212,0.0
2019-08-07,XLK,0.016496839,1.5082157e-19
2019-08-08,XLK,0.0062136124,0.0
2019-08-09,XLK,0.02422352,0.0
2019-08-12,XLK,-0.011401188,0.0
2019-08-13,XLK,-0.013209554,0.0
2019-08-14,XLK,0.024736695,3.7571e-19
2019-08-15,XLK,-0.031212563,1.535953e-19
2019-08-16,XLK,-0.0018207835,0.0
2019-08-19,XLK,0.01882712,0.001973091
2019-08-20,XLK,0.015087449,9.701409e-20
2019-08-21,XLK,-0.0050460557,0.0
2019-08-22,XLK,0.011693099,0.0575031
2019-08-23,XLK,-0.0023778249,0.0
2019-08-26,XLK,-0.03363803,0.0
2019-08-27,XLK,0.013770245,0.0008003003
2019-08-28,XLK,-0.0015349197,2.3291214e-19
2019-08-29,XLK,0.0008956561,0.0
2019-08-30,XLK,0.017243993,1.213112e-18
2019-09-02,XLK,-0.0002514458,3.0667436e-18
2019-09-03,XLK,0.0,0.020216
2019-09-04,XLK,-0.012271645,1.5999588e-18
2019-09-05,XLK,0.016913189,0.00029922376
2019-09-06,XLK,0.020685695,0.0
2019-09-09,XLK,-0.0008585271,1.4026866e-18
2019-09-10,XLK,-0.0075128134,0.0
2019-09-11,XLK,-0.005081501,0.008608908
2019-09-12,XLK,0.010383283,0.0
2019-09-13,XLK,0.0053961375,8.1263723e-19
2019-09-16,XLK,-0.0073656114,0.0030399116
2019-09-17,XLK,-0.0024673094,0.0
2019-09-18,XLK,0.0040678023,0.0
2019-09-19,XLK,-0.00012302393,1.0024465e-18
2019-09-20,XLK,0.0022121184,0.0006613042
2019-09-23,XLK,-0.014840737,1.5706139e-18
2019-09-24,XLK,0.0031100356,0.0
2019-09-25,XLK,-0.009735473,0.008124148
2019-09-26,XLK,0.011844787,0.0
2019-09-27,XLK,0.0011148964,0.0056658485
2019-09-30,XLK,-0.013461502,0.0
2019-10-01,XLK,0.010485678,0.0044285194
2019-10-02,XLK,-0.009356939,0.0025656607
2019-10-03,XLK,-0.018980704,3.679721e-19
2019-10-04,XLK,0.012189079,4.3187e-20
2019-10-07,XLK,0.016396888,0.0058746925
2019-10-08,XLK,-0.0042299144,0.0
2019-10-09,XLK,-0.01849691,0.02162811
2019-10-10,XLK,0.014749716,6.036904e-19
2019-10-11,XLK,0.006859165,0.004508361
2019-10-14,XLK,0.013701381,1.7347235e-18
2019-10-15,XLK,-0.0006131584,0.031202925
2019-10-16,XLK,0.010979737,8.131516e-20
2019-10-17,XLK,-0.006939822,0.0
2019-10-18,XLK,-0.0019567085,7.8818086e-20
2019-10-21,XLK,-0.009594169,0.0
2019-10-22,XLK,0.010695289,2.682605e-18
2019-10-23,XLK,-0.013542002,2.8486508e-18
2019-10-24,XLK,0.00086724904,0.021815928
2019-10-25,XLK,0.014507262,0.078597724
2019-10-28,XLK,0.012011063,0.0005897691
2019-10-29,XLK,0.012583304,8.4703295e-19
2019-10-30,XLK,-0.009092059,0.01631624
2019-10-31,XLK,0.0061103646,0.0
2019-11-01,XLK,-0.0005974073,0.021971526
2019-11-04,XLK,0.011880857,1.8770788e-18
2019-11-05,XLK,0.0051831896,0.0
2019-11-06,XLK,-0.0011756408,0.010154309
2019-11-07,XLK,-0.0004706436,0.0
2019-11-08,XLK,0.007854211,0.091925204
2019-11-11,XLK,0.0055892086,0.0028947964
2019-11-12,XLK,0.00046436035,2.891206e-19
2019-11-13,XLK,0.0033601793,0.0
2019-11-14,XLK,0.0021953906,0.0
2019-11-15,XLK,-0.0011548679,0.024563702
2019-11-18,XLK,0.008056207,0.0
2019-11-19,XLK,0.002975852,0.034650173
2019-11-20,XLK,0.0019409723,6.938894e-18
2019-11-21,XLK,-0.006063745,1.02849725e-19
2019-11-22,XLK,-0.005062137,5.646886e-20
2019-11-25,XLK,-0.0012695483,7.6697005e-18
2019-11-26,XLK,0.014446479,3.4254124e-20
2019-11-27,XLK,0.00091022876,0.01933212
2019-11-28,XLK,0.005557145,0.012673571
2019-11-29,XLK,0.0,0.009186581
2019-12-02,XLK,-0.002944843,0.08039407
2019-12-03,XLK,-0.014395313,3.338825e-18
2019-12-04,XLK,-0.008900249,7.228015e-20
2019-12-05,XLK,0.0040553906,1.7596034e-18
2019-12-06,XLK,0.0036934484,8.413861e-20
2019-12-09,XLK,0.010999194,0.0
2019-12-10,XLK,-0.005255353,0.07731835
2019-12-11,XLK,0.00080151146,2.4586685e-19
2019-12-12,XLK,0.0067301914,2.4894913e-18
2019-12-13,XLK,0.010629977,0.112045705
2019-12-16,XLK,0.0066147447,0.014134099
2019-12-17,XLK,0.008899825,0.0
2019-12-18,XLK,-0.0023285479,0.045216743
2019-12-19,XLK,-0.0001110186,0.0
2019-12-20,XLK,0.007190694,0.092370406
2019-12-23,XLK,0.002532065,0.025890045
2019-12-24,XLK,0.0028546352,0.0
2019-12-25,XLK,0.00032885722,0.021002177
2019-12-26,XLK,0.0,0.0047999267
2019-12-27,XLK,0.007425236,0.134735
2019-12-30,XLK,-0.00010879617,0.06600569
2019-12-31,XLK,-0.005783201,0.0
2019-01-01,XLV,0.014671898,6.3505447e-18
2019-01-02,XLV,0.0,0.00084116997
2019-01-03,XLV,-0.01525858,0.003281204
2019-01-04,XLV,-0.020514147,0.010149716
2019-01-07,XLV,0.029394787,1.0408341e-17
2019-01-08,XLV,0.0038316448,7.778273e-19
2019-01-09,XLV,0.0077345264,7.679489e-18
2019-01-10,XLV,0.0044747936,0.010149046
2019-01-11,XLV,0.0019443021,0.13743876
2019-01-14,XLV,0.0033080508,0.0
2019-01-15,XLV,-0.011108045,0.0089798635
2019-01-16,XLV,0.017804625,0.04592828
2019-01-17,XLV,-0.0018115947,0.10701929
2019-01-18,XLV,0.008800688,1.4477578e-18
2019-01-21,XLV,0.011837101,1.0201291e-18
2019-01-22,XLV,0.0,3.2549454e-18
2019-01-23,XLV,-0.006906566,1.4958649e-18
2019-01-24,XLV,0.0011171937,0.021491835
2019-01-25,XLV,-0.0084095355,2.2216278e-17
2019-01-28,XLV,0.0012378328,0.03244049
2019-01-29,XLV,-0.011423525,0.013796962
2019-01-30,XLV,0.0048794425,0.027391536
2019-01-31,XLV,0.013604122,0.12413977
2019-02-01,XLV,0.012429413,0.004239937
2019-02-04,XLV,0.0008819315,6.962826e-18
2019-02-05,XLV,-0.0028691257,0.016362457
2019-02-06,XLV,-0.0014376558,0.0
2019-02-07,XLV,0.0045271427,1.1384123e-18
2019-02-08,XLV,-0.011077991,0.0
2019-02-11,XLV,0.0018919376,0.0
2019-02-12,XLV,-0.0012237862,0.0
2019-02-13,XLV,0.013599635,0.030560303
2019-02-14,XLV,0.0021939457,0.0014600783
2019-02-15,XLV,0.002298474,8.98491e-20
2019-02-18,XLV,0.014974238,0.0010980358
2019-02-19,XLV,0.0,0.0
2019-02-20,XLV,-0.0023722246,0.023242889
2019-02-21,XLV,-0.0011882259,0.01506399
2019-02-22,XLV,-0.008793413,0.023021279
2019-02-25,XLV,0.0091176145,0.050873592
2019-02-26,XLV,0.0014036605,3.0974215e-19
2019-02-27,XLV,-0.003566993,0.043060184
2019-02-28,XLV,-0.004667073,0.0
2019-03-01,XLV,-0.0029416592,2.8912057e-18
2019-03-04,XLV,0.01408474,0.013686284
2019-03-05,XLV,-0.013648392,0.0031611219
2019-03-06,XLV,-0.00054546446,0.018118925
2019-03-07,XLV,-0.014730398,7.453884e-20
2019-03-08,XLV,-0.007893754,0.0
2019-03-11,XLV,-0.0021230243,0.0
2019-03-12,XLV,0.0113448,0.061594676
2019-03-13,XLV,0.0072727595,0.0
2019-03-14,XLV,0.010702297,2.2610355e-20
2019-03-15,XLV,-0.001630701,0.0155174285
2019-03-18,XLV,0.0008700381,0.0055497726
2019-03-19,XLV,-0.0015230639,0.019387674
2019-03-20,XLV,0.007916324,6.0285183e-05
2019-03-21,XLV,-0.006936945,0.10521345
2019-03-22,XLV,0.003907951,0.010019579
2019-03-25,XLV,-0.018369202,4.498775e-18
2019-03-26,XLV,-0.0005519069,0.0014598105
2019-03-27,XLV,0.0068222093,0.00706409
2019-03-28,XLV,-0.008369171,0.03336834
2019-03-29,XLV,0.0025401749,0.028792962
2019-04-01,XLV,0.011951242,0.072564416
2019-04-02,XLV,0.0015247226,0.05914896
2019-04-03,XLV,-0.0022879567,0.0
2019-04-04,XLV,-0.0013097579,0.00017992113
2019-04-05,XLV,-0.002077298,0.0022515086
2019-04-08,XLV,0.00687138,0.061466347
2019-04-09,XLV,-0.00021741494,0.03756999
2019-04-10,XLV,-0.002612673,0.07171775
2019-04-11,XLV,0.00032695767,0.00813379
2019-04-12,XLV,-0.01238983,1.7347235e-18
2019-04-15,XLV,-0.009199289,0.003608116
2019-04-16,XLV,0.00400045,0.1798155
2019-04-17,XLV,-0.020730196,0.03875071
2019-04-18,XLV,-0.029180704,0.08733604
2019-04-19,XLV,0.0016307516,0.0
2019-04-22,XLV,0.0,0.0049996614
2019-04-23,XLV,0.0005817674,1.0977547e-18
2019-04-24,XLV,0.015695648,0.0
2019-04-25,XLV,-0.001145738,0.03279036
2019-04-26,XLV,0.010264689,0.11973761
2019-04-29,XLV,0.0099357255,0.0
2019-04-30,XLV,-0.0017991684,9.4676056e-05
2019-05-01,XLV,0.0046039047,0.0032664074
2019-05-02,XLV,-0.0017941247,0.0
2019-05-03,XLV,0.0042558024,3.649226e-06
2019-05-06,XLV,0.0075707333,0.00974006
2019-05-07,XLV,0.0050890697,0.006363336
2019-05-08,XLV,-0.019387795,0.005130476
2019-05-09,XLV,0.002135432,0.0
2019-05-10,XLV,-0.002135432,0.0
2019-05-13,XLV,0.0003374768,0.03224484
2019-05-14,XLV,-0.018961681,0.0
2019-05-15,XLV,0.005030882,0.0
2019-05-16,XLV,0.0029609406,0.014142978
2019-05-17,XLV,0.007815637,0.08039183
2019-05-20,XLV,-0.0021460447,0.010776541
2019-05-21,XLV,-0.00045238633,0.0008405422
2019-05-22,XLV,0.009345336,1.0588694e-17
2019-05-23,XLV,0.0056992946,0.023850186
2019-05-24,XLV,-0.0034604042,0.0
2019-05-27,XLV,0.0014525953,0.00032923868
2019-05-28,XLV,0.0,0.0
2019-05-29,XLV,-0.01439521,2.4843093e-19
2019-05-30,XLV,-0.009675108,0.056928165
2019-05-31,XLV,0.005475091,0.046559732
2019-06-03,XLV,-0.0071922224,0.0
2019-06-04,XLV,0.0024031596,0.0
2019-06-05,XLV,0.016437484,6.196703e-20
2019-06-06,XLV,0.007504936,0.0
2019-06-07,XLV,0.005120225,0.0
2019-06-10,XLV,0.010382244,0.009495236
2019-06-11,XLV,0.002962315,0.0003830561
2019-06-12,XLV,-0.0016446471,0.0
2019-06-13,XLV,0.0048166486,0.0
2019-06-14,XLV,-0.0012019889,0.016924601
2019-06-17,XLV,-0.0022987258,0.0
2019-06-18,XLV,0.0044830865,7.1150476e-05
2019-06-19,XLV,0.008473706,8.834621e-19
2019-06-20,XLV,0.008938727,0.0
2019-06-21,XLV,0.0043862066,0.0061498787
2019-06-24,XLV,0.00053358945,2.565635e-19
2019-06-25,XLV,-0.0052414946,0.0
2019-06-26,XLV,-0.004083832,3.4236763e-19
2019-06-27,XLV,-0.012679661,0.0
2019-06-28,XLV,0.0069557936,0.006270042
2019-07-01,XLV,0.003351898,0.03561871
2019-07-02,XLV,0.0049531707,0.0
2019-07-03,XLV,0.005356199,0.0046577677
2019-07-04,XLV,0.008510689,0.0
2019-07-05,XLV,0.0,0.0
2019-07-08,XLV,-0.006909408,0.0027198703
2019-07-09,XLV,-0.007494682,0.00016796467
2019-07-10,XLV,0.00096675445,0.0
2019-07-11,XLV,0.0034297998,0.010893131
2019-07-12,XLV,0.0002139724,0.022948463
2019-07-15,XLV,-0.011187724,3.8212456e-18
2019-07-16,XLV,0.0021612283,0.012343705
2019-07-17,XLV,-0.0049778265,0.0
2019-07-18,XLV,0.00021694327,0.0
2019-07-19,XLV,0.0056240684,0.0
2019-07-22,XLV,-0.010407726,0.0
2019-07-23,XLV,-0.0020727657,0.0038561062
2019-07-24,XLV,0.0062054526,0.041247796
2019-07-25,XLV,0.0005425053,0.001753233
2019-07-26,XLV,-0.004893176,7.2280143e-19
2019-07-29,XLV,0.003590668,0.0
2019-07-30,XLV,0.0041188006,0.0
2019-07-31,XLV,-0.0043360502,0.00042013472
2019-08-01,XLV,-0.009935122,4.935394e-20
2019-08-02,XLV,0.0013157896,0.0
2019-08-05,XLV,-0.0023037693,0.010181927
2019-08-06,XLV,-0.023784185,5.829719e-19
2019-08-07,XLV,0.0128514925,2.1559018e-19
2019-08-08,XLV,0.0003330558,0.0
2019-08-09,XLV,0.013232082,0.0
2019-08-12,XLV,0.0012042259,0.009147756
2019-08-13,XLV,-0.009785136,9.857599e-19
2019-08-14,XLV,0.012952981,2.2421772e-19
2019-08-15,XLV,-0.028205154,3.975408e-19
2019-08-16,XLV,0.0034716425,3.7536482e-19
2019-08-19,XLV,0.012222375,0.0
2019-08-20,XLV,0.009562088,0.0
2019-08-21,XLV,-0.008568657,4.168441e-18
2019-08-22,XLV,0.007364694,0.0
2019-08-23,XLV,-0.00494045,9.245685e-18
2019-08-26,XLV,-0.023383763,0.0
2019-08-27,XLV,0.0104231825,1.629221e-19
2019-08-28,XLV,-0.0059267716,0.0
2019-08-29,XLV,0.007263819,2.5766774e-05
2019-08-30,XLV,0.0075430195,0.0
2019-09-02,XLV,0.0012148657,3.4468073e-19
2019-09-03,XLV,0.0,0.0
2019-09-04,XLV,-0.0058670673,0.0
2019-09-05,XLV,0.0006659268,0.0
2019-09-06,XLV,0.00982619,2.616967e-19
2019-09-09,XLV,0.002742884,0.0041208924
2019-09-10,XLV,-0.0092460755,4.8897287e-21
2019-09-11,XLV,0.0028710268,0.0
2019-09-12,XLV,0.009874998,0.0
2019-09-13,XLV,-0.00032760034,1.1037645e-18
2019-09-16,XLV,-0.00054623914,0.0020622688
2019-09-17,XLV,-0.0021879454,5.6286353e-19
2019-09-18,XLV,0.0015320642,0.0
2019-09-19,XLV,-0.00010935535,0.0
2019-09-20,XLV,0.0046915147,1.1126107e-18
2019-09-23,XLV,0.0014140428,3.1606307e-18
2019-09-24,XLV,-0.005340321,0.0
2019-09-25,XLV,-0.009221714,1.07456784e-19
2019-09-26,XLV,-0.004864576,0.0
2019-09-27,XLV,-0.0055568046,9.753295e-19
2019-09-30,XLV,-0.0044677835,1.973808e-18
2019-10-01,XLV,0.008915694,0.0
2019-10-02,XLV,-0.009811652,3.5386056e-20
2019-10-03,XLV,-0.01467295,0.0
2019-10-04,XLV,0.008942274,0.0
2019-10-07,XLV,0.0155423265,0.0
2019-10-08,XLV,-0.0033340773,0.0
2019-10-09,XLV,-0.019219473,6.88973e-19
2019-10-10,XLV,0.007236576,0.0
2019-10-11,XLV,0.0049449415,4.96926e-20
2019-10-14,XLV,0.008261742,0.013529634
2019-10-15,XLV,-0.00044483985,0.0
2019-10-16,XLV,0.018078094,9.035018e-20
2019-10-17,XLV,-0.0013117624,0.0
2019-10-18,XLV,0.00741067,0.0
2019-10-21,XLV,-0.0036984705,0.0
2019-10-22,XLV,-0.0010903938,1.482469e-17
2019-10-23,XLV,0.0021795998,8.791706e-19
2019-10-24,XLV,0.0061859223,0.0
2019-10-25,XLV,-0.0050979014,0.0
2019-10-28,XLV,0.0010868385,3.4417463e-19
2019-10-29,XLV,0.010266476,0.0
2019-10-30,XLV,0.014092258,0.0
2019-10-31,XLV,0.005602848,7.228015e-20
2019-11-01,XLV,-0.0011602765,2.4215175e-17
2019-11-04,XLV,0.0012656895,0.020234775
2019-11-05,XLV,-0.0030614962,0.0
2019-11-06,XLV,-0.0071091605,4.337557e-19
2019-11-07,XLV,0.0034017253,0.0
2019-11-08,XLV,0.00222611,0.0
2019-11-11,XLV,0.007279665,9.4047347e-20
2019-11-12,XLV,-0.0041080797,0.0
2019-11-13,XLV,0.0059984396,2.8912057e-18
2019-11-14,XLV,0.0011534631,0.0
2019-11-15,XLV,0.000104794344,0.0
2019-11-18,XLV,0.021049043,1.445603e-19
2019-11-19,XLV,-0.00339175,0.0
2019-11-20,XLV,0.006772035,1.5401147e-19
2019-11-21,XLV,-0.0013302637,0.0
2019-11-22,XLV,0.0025566306,1.9199414e-19
2019-11-25,XLV,0.0035683373,1.5612511e-17
2019-11-26,XLV,0.011635685,0.0
2019-11-27,XLV,-0.000805072,8.6013375e-18
2019-11-28,XLV,0.0051212646,3.9549592e-20
2019-11-29,XLV,0.0,6.740422e-19
2019-12-02,XLV,-0.003511768,0.0
2019-12-03,XLV,-0.0044323634,4.660917e-19
2019-12-04,XLV,-0.0022235708,0.0
2019-12-05,XLV,0.009265853,0.0
2019-12-06,XLV,0.0,7.7362345e-20
2019-12-09,XLV,0.0065947482,1.800003e-19
2019-12-10,XLV,-0.006995831,0.07426506
2019-12-11,XLV,0.0022039681,7.943619e-21
2019-12-12,XLV,0.00090022513,2.3129646e-17
2019-12-13,XLV,0.009255179,2.4916271e-05
2019-12-16,XLV,-0.0006936531,0.0
2019-12-17,XLV,0.0107469605,1.5132624e-19
2019-12-18,XLV,-0.0010793309,0.0120956125
2019-12-19,XLV,0.0013734918,6.938894e-18
2019-12-20,XLV,0.0039138994,0.0
2019-12-23,XLV,0.0029254043,0.033176772
2019-12-24,XLV,0.0039842627,1.445603e-19
2019-12-25,XLV,-0.0012615849,6.719795e-20
2019-12-26,XLV,0.0,0.015495988
2019-12-27,XLV,-0.0006799748,0.0
2019-12-30,XLV,0.00029147437,0.051448934
2019-12-31,XLV,-0.012512382,0.032083962
2019-01-01,XLI,0.00998604,0.0061782883
2019-01-02,XLI,0.0,9.5136565e-18
2019-01-03,XLI,0.005110348,0.0
2019-01-04,XLI,-0.030901996,0.0
2019-01-07,XLI,0.03721505,0.0
2019-01-08,XLI,0.008102162,0.021844737
2019-01-09,XLI,0.013609767,0.0
2019-01-10,XLI,0.006736048,0.0
2019-01-11,XLI,0.013484682,0.0070115984
2019-01-14,XLI,-0.001030852,0.0
2019-01-15,XLI,-0.00014735135,3.3681459e-18
2019-01-16,XLI,-0.0030994047,0.003352145
2019-01-17,XLI,0.0010342026,2.2768246e-18
2019-01-18,XLI,0.016984303,0.0
2019-01-21,XLI,0.01883999,6.4558247e-19
2019-01-22,XLI,0.0,0.0
2019-01-23,XLI,-0.020874579,0.0
2019-01-24,XLI,0.0014536999,3.8318085e-19
2019-01-25,XLI,0.0050713723,0.03376383
2019-01-28,XLI,0.012638398,1.445603e-19
2019-01-29,XLI,-0.009607875,3.4920344e-18
2019-01-30,XLI,0.013738052,0.0
2019-01-31,XLI,0.015512933,2.3942797e-19
2019-02-01,XLI,0.0043287086,2.7010528e-19
2019-02-04,XLI,0.0015315005,6.359588e-19
2019-02-05,XLI,0.012855247,6.734435e-20
2019-02-06,XLI,0.008615438,0.012304293
2019-02-07,XLI,0.00027229407,0.0075831693
2019-02-08,XLI,-0.006829695,0.0
2019-02-11,XLI,0.00150654,0.0
2019-02-12,XLI,0.0053231544,0.0
2019-02-13,XLI,0.015399467,3.5123632e-19
2019-02-14,XLI,0.0058807973,0.0
2019-02-15,XLI,-0.0046750903,1.7215995e-20
2019-02-18,XLI,0.013299837,0.0
2019-02-19,XLI,0.0,0.0
2019-02-20,XLI,-0.00039643212,1.1513744e-19
2019-02-21,XLI,0.0047468445,0.06679497
2019-02-22,XLI,-0.0040862113,6.58547e-19
2019-02-25,XLI,0.0065824357,1.2292648e-18
2019-02-26,XLI,0.003928764,0.004525583
2019-02-27,XLI,-0.002748513,0.0
2019-02-28,XLI,0.0039241384,0.009248487
2019-03-01,XLI,-0.0034000294,0.010082499
2019-03-04,XLI,0.0009165303,1.5637262e-18
2019-03-05,XLI,-0.004459609,0.0
2019-03-06,XLI,-0.006462271,0.0
2019-03-07,XLI,-0.009438422,0.011872286
2019-03-08,XLI,-0.0060285535,5.3281255e-18
2019-03-11,XLI,-0.0020176212,0.0
2019-03-12,XLI,0.008446788,0.034176733
2019-03-13,XLI,-0.008312154,0.0
2019-03-14,XLI,0.008712607,3.0449866e-20
2019-03-15,XLI,-0.0033420257,0.0
2019-03-18,XLI,-0.00928237,4.6031044e-20
2019-03-19,XLI,0.009684003,1.8418687e-19
2019-03-20,XLI,-0.0036205202,0.0
2019-03-21,XLI,-0.006874732,3.261862e-05
2019-03-22,XLI,0.009557857,0.0
2019-03-25,XLI,-0.022902282,0.0
2019-03-26,XLI,0.0023276522,0.0074164337
2019-03-27,XLI,0.006678959,0.012342303
2019-03-28,XLI,0.0010862187,0.0037687973
2019-03-29,XLI,0.0073012765,0.0
2019-04-01,XLI,0.010719652,0.008233023
2019-04-02,XLI,0.020447912,0.013533161
2019-04-03,XLI,-0.00039182394,0.02780509
2019-04-04,XLI,-0.0030090949,1.3046844e-18
2019-04-05,XLI,0.006139396,0.047307525
2019-04-08,XLI,0.0028608602,0.009585837
2019-04-09,XLI,-0.004294365,5.2766306e-18
2019-04-10,XLI,-0.013655675,1.011922e-18
2019-04-11,XLI,-0.00026444532,9.215718e-19
2019-04-12,XLI,0.008558878,0.0
2019-04-15,XLI,0.013155513,0.00992152
2019-04-16,XLI,-0.00557972,0.0018574401
2019-04-17,XLI,0.0060971845,0.0
2019-04-18,XLI,0.0012924909,4.691963e-06
2019-04-19,XLI,0.011430164,0.012712626
2019-04-22,XLI,0.0,0.019569935
2019-04-23,XLI,-0.0030694485,0.0053357077
2019-04-24,XLI,0.008672417,0.00032527023
2019-04-25,XLI,-0.0029249082,0.04412122
2019-04-26,XLI,-0.020327471,0.0109962905
2019-04-29,XLI,0.00751007,8.095844e-19
2019-04-30,XLI,0.0023192898,0.0050038914
2019-05-01,XLI,0.0039817663,0.0
2019-05-02,XLI,-0.0065590874,0.009327975
2019-05-03,XLI,-0.00051626225,8.282628e-05
2019-05-06,XLI,0.012062253,0.0
2019-05-07,XLI,-0.009612378,9.534587e-05
2019-05-08,XLI,-0.020426132,0.0
2019-05-09,XLI,0.0,0.0051311674
2019-05-10,XLI,-0.0014468927,0.0
2019-05-13,XLI,0.003941151,0.0
2019-05-14,XLI,-0.028864143,0.0
2019-05-15,XLI,0.010337744,0.0
2019-05-16,XLI,0.0013347573,7.720248e-20
2019-05-17,XLI,0.009161586,0.0002781914
2019-05-20,XLI,-0.0111643905,1.6375971e-20
2019-05-21,XLI,-0.0025426578,0.0
2019-05-22,XLI,0.0117225265,0.0
2019-05-23,XLI,-0.008244728,0.0
2019-05-24,XLI,-0.0153393755,0.016845297
2019-05-27,XLI,0.00040669696,1.28021475e-05
2019-05-28,XLI,0.0,4.215457e-17
2019-05-29,XLI,-0.009259325,0.0
2019-05-30,XLI,-0.0045245844,0.005551679
2019-05-31,XLI,0.003840356,3.4834313e-19
2019-06-03,XLI,-0.013783815,0.0
2019-06-04,XLI,0.0067778113,0.0029526989
2019-06-05,XLI,0.023568967,0.0017351165
2019-06-06,XLI,0.009647669,0.0
2019-06-07,XLI,0.0017320636,0.0043663955
2019-06-10,XLI,0.007955492,8.2827555e-18
2019-06-11,XLI,0.0013197837,0.0
2019-06-12,XLI,-0.008609895,0.0
2019-06-13,XLI,0.0021262467,0.0
2019-06-14,XLI,0.00503179,1.209447e-19
2019-06-17,XLI,-0.00397036,5.5511024e-18
2019-06-18,XLI,-0.003453776,0.0
2019-06-19,XLI,0.0192415,1.4902166e-18
2019-06-20,XLI,-0.00078349444,0.015121844
2019-06-21,XLI,0.01658284,0.0
2019-06-24,XLI,-0.009683117,0.0
2019-06-25,XLI,-0.0019479261,0.004954489
2019-06-26,XLI,-0.007567886,1.327503e-18
2019-06-27,XLI,0.0024854483,7.623274e-18
2019-06-28,XLI,0.00091413653,2.0964697e-19
2019-07-01,XLI,0.010517528,0.006853143
2019-07-02,XLI,0.00090375065,5.4141577e-19
2019-07-03,XLI,-0.0012913225,0.016238747
2019-07-04,XLI,0.0055408943,0.0
2019-07-05,XLI,0.0,0.0
2019-07-08,XLI,-0.0039915075,0.0
2019-07-09,XLI,-0.008291277,2.3129647e-18
2019-07-10,XLI,-0.002213975,9.267561e-19
2019-07-11,XLI,-0.0023495639,0.0
2019-07-12,XLI,0.006772623,0.0
2019-07-15,XLI,0.0173716,2.0205144e-18
2019-07-16,XLI,-0.004090508,1.5143545e-18
2019-07-17,XLI,0.0063840873,0.0
2019-07-18,XLI,-0.021614118,0.05694642
2019-07-19,XLI,0.0018191274,7.574237e-19
2019-07-22,XLI,0.0054376107,0.0
2019-07-23,XLI,0.00077439344,1.8070036e-18
2019-07-24,XLI,0.012564268,3.9889606e-18
2019-07-25,XLI,0.004322407,9.125369e-19
2019-07-26,XLI,-0.0020317468,0.002474946
2019-07-29,XLI,-0.0021632635,0.028847521
2019-07-30,XLI,-0.0017850318,0.01910384
2019-07-31,XLI,0.004329562,0.0
2019-08-01,XLI,-0.011244688,8.522754e-20
2019-08-02,XLI,-0.019594476,0.0
2019-08-05,XLI,-0.0064418814,0.015637768
2019-08-06,XLI,-0.028087977,0.0
2019-08-07,XLI,0.0149447415,0.016710643
2019-08-08,XLI,-0.0005346879,5.1007585e-20
2019-08-09,XLI,0.016838316,4.046904e-18
2019-08-12,XLI,-0.008450011,1.3100776e-18
2019-08-13,XLI,-0.013885403,0.0
2019-08-14,XLI,0.01189456,0.0194172
2019-08-15,XLI,-0.031033251,0.0
2019-08-16,XLI,-0.0010969423,3.0148117e-18
2019-08-19,XLI,0.019159496,0.00785142
2019-08-20,XLI,0.009377162,0.01078145
2019-08-21,XLI,-0.0058839433,0.019036688
2019-08-22,XLI,0.0061505744,5.823069e-18
2019-08-23,XLI,0.0014652017,5.871416e-18
2019-08-26,XLI,-0.02711802,0.024887247
2019-08-27,XLI,0.007357984,0.005148434
2019-08-28,XLI,-0.0051721907,7.3461605e-19
2019-08-29,XLI,0.0122068515,0.0
2019-08-30,XLI,0.016975613,0.0
2019-09-02,XLI,0.0041002636,3.068448e-19
2019-09-03,XLI,0.0,0.0
2019-09-04,XLI,-0.013688831,0.0
2019-09-05,XLI,0.012632307,0.005308303
2019-09-06,XLI,0.017810842,1.2867577e-05
2019-09-09,XLI,0.0020746896,0.029022375
2019-09-10,XLI,0.0029748455,0.021293763
2019-09-11,XLI,0.009127787,0.0031280199
2019-09-12,XLI,0.009298838,1.2966359e-19
2019-09-13,XLI,0.0006337537,5.3690996e-19
2019-09-16,XLI,0.0054337657,0.0
2019-09-17,XLI,-0.00088255695,0.0
2019-09-18,XLI,-0.0005046682,0.0
2019-09-19,XLI,-0.0015155345,2.773413e-19
2019-09-20,XLI,-0.0050684344,0.0
2019-09-23,XLI,-0.011627295,2.644522e-19
2019-09-24,XLI,-0.0019296333,0.0
2019-09-25,XLI,-0.0056818333,0.0
2019-09-26,XLI,0.006454134,1.0917577e-19
2019-09-27,XLI,0.0014143365,0.005775018
2019-09-30,XLI,-0.0039909934,1.7371754e-19
2019-10-01,XLI,0.0014179829,2.4491723e-05
2019-10-02,XLI,-0.024251515,0.0027245467
2019-10-03,XLI,-0.019053271,4.3885927e-18
2019-10-04,XLI,0.006569709,0.0
2019-10-07,XLI,0.010369675,1.8070036e-19
2019-10-08,XLI,-0.005038462,0.0061384807
2019-10-09,XLI,-0.015539495,0.003917188
2019-10-10,XLI,0.008469501,0.03786004
2019-10-11,XLI,0.009061895,0.0072128004
2019-10-14,XLI,0.018662652,0.049498994
2019-10-15,XLI,-0.001955035,0.016000994
2019-10-16,XLI,0.008056177,0.000121158606
2019-10-17,XLI,-0.00051779934,0.0062159277
2019-10-18,XLI,0.0049083023,1.9037097e-21
2019-10-21,XLI,-0.008670388,0.010031251
2019-10-22,XLI,0.005960883,0.04080778
2019-10-23,XLI,0.007850243,0.0
2019-10-24,XLI,-0.00012819692,0.01085813
2019-10-25,XLI,0.0014092629,0.015287615
2019-10-28,XLI,0.00625361,2.6352163e-18
2019-10-29,XLI,0.0027950723,0.016519843
2019-10-30,XLI,0.0032932265,0.0057248715
2019-10-31,XLI,0.0035344646,0.037305743
2019-11-01,XLI,-0.010768457,0.01925913
2019-11-04,XLI,0.021546856,0.0
2019-11-05,XLI,0.011526434,0.010612996
2019-11-06,XLI,0.0020926949,0.0104276985
2019-11-07,XLI,0.000614666,5.7824114e-18
2019-11-08,XLI,0.0034351647,0.014471063
2019-11-11,XLI,0.001346307,0.017497066
2019-11-12,XLI,0.00048911717,0.010441845
2019-11-13,XLI,-0.00012225687,2.0048097e-05
2019-11-14,XLI,-0.0041656517,4.0357666e-18
2019-11-15,XLI,0.0031870583,0.0029421188
2019-11-18,XLI,0.0073162136,1.445603e-19
2019-11-19,XLI,-0.0037733598,0.005526762
2019-11-20,XLI,-0.0008540231,3.0840023e-19
2019-11-21,XLI,-0.007965241,0.011117978
2019-11-22,XLI,-0.00036916262,0.014963181
2019-11-25,XLI,0.0051559163,4.0825406e-19
2019-11-26,XLI,0.0071982252,0.0
2019-11-27,XLI,0.0029133304,0.009467607
2019-11-28,XLI,-0.00097016746,0.001523796
2019-11-29,XLI,0.0,1.2035697e-18
2019-12-02,XLI,-0.004621193,0.01532157
2019-12-03,XLI,-0.016592281,0.006590131
2019-12-04,XLI,-0.010965842,5.782412e-19
2019-12-05,XLI,0.003876701,2.5720081e-17
2019-12-06,XLI,0.00024959442,0.0038383154
2019-12-09,XLI,0.012031153,0.0043780482
2019-12-10,XLI,-0.0038292925,0.0
2019-12-11,XLI,-0.0012383902,0.0010888955
2019-12-12,XLI,0.006299817,4.1518825e-20
2019-12-13,XLI,0.008826832,0.025294328
2019-12-16,XLI,-0.0026888307,0.04275721
2019-12-17,XLI,-0.000489656,0.07324433
2019-12-18,XLI,-0.0009800319,0.019048095
2019-12-19,XLI,-0.004175884,0.0
2019-12-20,XLI,0.0027040332,0.0
2019-12-23,XLI,-0.00036830152,0.0
2019-12-24,XLI,0.008193259,2.891206e-19
2019-12-25,XLI,-0.0040270966,0.008891083
2019-12-26,XLI,0.0,0.017020948
2019-12-27,XLI,0.0023206116,0.004006337
2019-12-30,XLI,-0.0008543358,0.0
2019-12-31,XLI,-0.004650602,0.0
2019-01-01,XLU,0.0017021281,0.0
2019-01-02,XLU,0.0,0.010709182
2019-01-03,XLU,-0.017345332,0.01382462
2019-01-04,XLU,-0.0001922892,0.005269686
2019-01-07,XLU,0.014699128,0.0
2019-01-08,XLU,-0.0068454347,0.0
2019-01-09,XLU,0.012325936,0.014505296
2019-01-10,XLU,-0.006049168,0.0
2019-01-11,XLU,0.012998205,0.07211498
2019-01-14,XLU,-0.0037502388,0.014646654
2019-01-15,XLU,-0.022801671,6.938894e-18
2019-01-16,XLU,0.012225558,0.04382533
2019-01-17,XLU,0.0036008756,0.021164026
2019-01-18,XLU,0.0041533,0.012703547
2019-01-21,XLU,0.0011297308,0.017996809
2019-01-22,XLU,0.0,0.008117713
2019-01-23,XLU,0.0018800532,0.0028072083
2019-01-24,XLU,0.010091658,0.013092309
2019-01-25,XLU,0.00519289,0.0029243925
2019-01-28,XLU,-0.013783045,0.0
2019-01-29,XLU,-0.0046996986,0.0
2019-01-30,XLU,0.0028224688,2.3129647e-18
2019-01-31,XLU,0.0076743476,0.001202007
2019-02-01,XLU,0.020851387,0.008794495
2019-02-04,XLU,-0.0038422882,0.013097234
2019-02-05,XLU,0.001648503,0.0
2019-02-06,XLU,0.0020111534,0.0
2019-02-07,XLU,-0.0005480954,5.3668008e-18
2019-02-08,XLU,0.013072082,0.0
2019-02-11,XLU,0.0043196613,0.039300866
2019-02-12,XLU,-0.00035925992,0.0
2019-02-13,XLU,0.0023328857,0.0628296
2019-02-14,XLU,-0.0028720177,0.004150536
2019-02-15,XLU,-0.0016191422,9.8300994e-18
2019-02-18,XLU,0.003056182,0.0
2019-02-19,XLU,0.0,0.0
2019-02-20,XLU,0.0059060575,0.006812143
2019-02-21,XLU,0.004451178,0.018278453
2019-02-22,XLU,0.007257311,8.153747e-05
2019-02-25,XLU,0.0061538657,1.01192206e-17
2019-02-26,XLU,-0.0065066614,0.022246365
2019-02-27,XLU,-0.0012357668,0.0054162834
2019-02-28,XLU,0.0012357668,2.3129647e-18
2019-03-01,XLU,0.0058052763,1.7410888e-05
2019-03-04,XLU,0.0021026817,0.0
2019-03-05,XLU,0.0017488637,0.0058008293
2019-03-06,XLU,-0.0012238834,0.0021580749
2019-03-07,XLU,0.0,0.018087387
2019-03-08,XLU,0.0033184905,0.014945275
2019-03-11,XLU,0.0034812917,3.6671324e-18
2019-03-12,XLU,0.007098982,0.0030217546
2019-03-13,XLU,0.0068776063,0.02959005
2019-03-14,XLU,0.0010275732,2.891206e-19
2019-03-15,XLU,-0.0001711889,2.3129647e-18
2019-03-18,XLU,-0.0037735894,0.007705198
2019-03-19,XLU,-0.0037878833,0.009119267
2019-03-20,XLU,-0.011450507,0.04232163
2019-03-21,XLU,0.002613925,0.008673079
2019-03-22,XLU,0.010560126,0.013635712
2019-03-25,XLU,0.00720662,1.2977251e-19
2019-03-26,XLU,0.0008544818,0.003279654
2019-03-27,XLU,0.0071489667,0.0
2019-03-28,XLU,-0.006978158,0.061383016
2019-03-29,XLU,-0.01185479,0.07977928
2019-04-01,XLU,0.005343458,0.01247688
2019-04-02,XLU,-0.006900148,0.0045636483
2019-04-03,XLU,0.0013838438,0.0
2019-04-04,XLU,-0.001556959,0.032386906
2019-04-05,XLU,-0.0034686127,0.002364652
2019-04-08,XLU,0.009337782,0.0
2019-04-09,XLU,-0.0070818155,0.009043836
2019-04-10,XLU,0.0024238238,0.00043780613
2019-04-11,XLU,-0.0031174254,0.019188453
2019-04-12,XLU,0.005017746,0.04159779
2019-04-15,XLU,0.004649169,0.0056363815
2019-04-16,XLU,-0.00017180655,0.0
2019-04-17,XLU,-0.012448293,0.008667755
2019-04-18,XLU,-0.0038347614,0.029603744
2019-04-19,XLU,0.00052378874,0.0144904535
2019-04-22,XLU,0.0,0.09589968
2019-04-23,XLU,-0.0008731337,0.039661903
2019-04-24,XLU,0.0027913486,1.5237429e-18
2019-04-25,XLU,0.0064253067,0.09080975
2019-04-26,XLU,0.0041457997,0.0
2019-04-29,XLU,0.0015502544,0.040674955
2019-04-30,XLU,-0.0058691693,0.033908296
2019-05-01,XLU,0.016313575,0.027955206
2019-05-02,XLU,-0.010272304,0.012112511
2019-05-03,XLU,-0.0022396427,1.5901632e-18
2019-05-06,XLU,0.0055039697,0.013439743
2019-05-07,XLU,-0.0055039697,0.08335102
2019-05-08,XLU,-0.0031093478,0.030202698
2019-05-09,XLU,-0.013762085,0.03488413
2019-05-10,XLU,-0.0012286092,0.007939602
2019-05-13,XLU,0.017755035,0.021869559
2019-05-14,XLU,0.0106402235,0.02884994
2019-05-15,XLU,-0.0066798227,1.3877788e-17
2019-05-16,XLU,-0.0017199867,0.032025423
2019-05-17,XLU,0.0066912835,5.0078226e-18
2019-05-20,XLU,0.0051168455,0.038955424
2019-05-21,XLU,0.0013600818,7.383593e-18
2019-05-22,XLU,0.0018670972,0.01735636
2019-05-23,XLU,0.0074337223,0.0686824
2019-05-24,XLU,0.008547776,0.0081993705
2019-05-27,XLU,-0.0015031318,0.0
2019-05-28,XLU,0.0,0.014342916
2019-05-29,XLU,-0.016515374,0.0026245085
2019-05-30,XLU,-0.013342654,5.782412e-19
2019-05-31,XLU,-0.0015510559,0.004752354
2019-06-03,XLU,0.004645969,0.024092812
2019-06-04,XLU,0.009907836,0.00872045
2019-06-05,XLU,0.0008495455,0.0031270038
2019-06-06,XLU,0.021173703,0.0
2019-06-07,XLU,0.0061334632,0.0065096836
2019-06-10,XLU,-0.007464578,0.0013368521
2019-06-11,XLU,-0.006849914,0.029720522
2019-06-12,XLU,-0.006053491,0.004474492
2019-06-13,XLU,0.012903404,0.00786538
2019-06-14,XLU,0.0019960087,5.6744474e-18
2019-06-17,XLU,0.010414178,6.001687e-19
2019-06-18,XLU,-0.0027995077,0.014493358
2019-06-19,XLU,-0.004131213,0.0
2019-06-20,XLU,0.007588291,0.0008403352
2019-06-21,XLU,0.0063887513,0.029118128
2019-06-24,XLU,-0.0040906547,0.0031319011
2019-06-25,XLU,0.00032786885,0.0
2019-06-26,XLU,-0.0060830438,0.00726081
2019-06-27,XLU,-0.022008223,0.03751577
2019-06-28,XLU,0.0013477091,0.03476322
2019-07-01,XLU,0.0038645768,0.018305372
2019-07-02,XLU,-0.0025186816,0.008416833
2019-07-03,XLU,0.0135261305,0.005143908
2019-07-04,XLU,0.0069421767,0.0
2019-07-05,XLU,0.0,0.042461954
2019-07-08,XLU,-0.00049427466,7.693555e-19
2019-07-09,XLU,0.0014820916,0.0
2019-07-10,XLU,0.0013155732,0.0014971053
2019-07-11,XLU,0.002298097,0.034652494
2019-07-12,XLU,0.00032786885,0.005768526
2019-07-15,XLU,-0.006577889,0.04639377
2019-07-16,XLU,0.0039519235,0.00041529507
2019-07-17,XLU,-0.005768454,0.0069621643
2019-07-18,XLU,0.003794445,0.07087409
2019-07-19,XLU,0.008689292,0.016110407
2019-07-22,XLU,-0.0146348085,6.5782928e-18
2019-07-23,XLU,-0.0021557093,0.0067285593
2019-07-24,XLU,-0.0063280812,0.1909492
2019-07-25,XLU,0.00083493366,0.013768513
2019-07-26,XLU,-0.0025068952,0.015353526
2019-07-29,XLU,0.0036746324,9.540979e-18
2019-07-30,XLU,0.005155079,0.0
2019-07-31,XLU,-0.007659045,0.0033819505
2019-08-01,XLU,-0.0046909116,0.028891748
2019-08-02,XLU,0.010191384,2.8912057e-18
2019-08-05,XLU,-0.00016623722,4.721249e-18
2019-08-06,XLU,-0.014400785,1.0288128e-18
2019-08-07,XLU,0.01240378,0.0
2019-08-08,XLU,0.002495634,3.1298804e-18
2019-08-09,XLU,0.010249718,0.0
2019-08-12,XLU,0.0011506536,0.005674381
2019-08-13,XLU,-0.0019733603,0.007867991
2019-08-14,XLU,0.00065821956,4.529426e-19
2019-08-15,XLU,-0.00825905,0.0
2019-08-16,XLU,0.012854495,0.0
2019-08-19,XLU,0.005063302,0.009596138
2019-08-20,XLU,0.0063337605,5.632745e-18
2019-08-21,XLU,-0.0016202207,1.2682163e-17
2019-08-22,XLU,0.006626287,0.0
2019-08-23,XLU,0.0009660281,0.0048719393
2019-08-26,XLU,-0.010677985,0.0
2019-08-27,XLU,0.0114822965,0.018632468
2019-08-28,XLU,0.0017672107,0.0
2019-08-29,XLU,-0.0027324618,0.007955667
2019-08-30,XLU,0.0068971324,0.0023882769
2019-09-02,XLU,0.00031964201,0.0012850825
2019-09-03,XLU,0.0,2.604633e-18
2019-09-04,XLU,0.017581826,1.6082148e-18
2019-09-05,XLU,0.0009416196,0.040726103
2019-09-06,XLU,-0.01088253,0.0003696793
2019-09-09,XLU,-0.0039723576,0.020743925
2019-09-10,XLU,-0.0049477397,0.015484457
2019-09-11,XLU,0.0012791815,0.04537661
2019-09-12,XLU,0.009858563,0.014076362
2019-09-13,XLU,0.00221274,0.012807928
2019-09-16,XLU,-0.0063351495,0.03165893
2019-09-17,XLU,0.000794092,0.015699008
2019-09-18,XLU,0.008693645,0.007861518
2019-09-19,XLU,0.004240289,0.044276185
2019-09-20,XLU,0.00469044,0.0037299343
2019-09-23,XLU,-0.0037505904,0.0047276644
2019-09-24,XLU,0.00015655578,0.04046449
2019-09-25,XLU,0.011672376,0.019759426
2019-09-26,XLU,-0.00061909924,0.009759529
2019-09-27,XLU,0.0052501666,0.0013672226
2019-09-30,XLU,-0.003548565,0.026032973
2019-10-01,XLU,0.00061804696,0.01748106
2019-10-02,XLU,-0.0023196484,0.025116377
2019-10-03,XLU,-0.013404191,0.006198291
2019-10-04,XLU,0.002350914,0.0010554647
2019-10-07,XLU,0.01383621,0.020427939
2019-10-08,XLU,-0.00386728,0.008055105
2019-10-09,XLU,-0.009342952,0.016603477
2019-10-10,XLU,0.00483809,0.019927142
2019-10-11,XLU,-0.0010904277,0.040136766
2019-10-14,XLU,-0.003747662,0.018487714
2019-10-15,XLU,-0.0064349277,0.12364859
2019-10-16,XLU,-0.0031540792,0.0022726206
2019-10-17,XLU,0.0022088997,0.0017432502
2019-10-18,XLU,0.0025184965,0.010552272
2019-10-21,XLU,0.00329593,0.02554463
2019-10-22,XLU,0.003909615,0.06346372
2019-10-23,XLU,0.004205286,0.0069184946
2019-10-24,XLU,0.004032889,0.0
2019-10-25,XLU,0.003399787,0.0
2019-10-28,XLU,-0.010234234,0.0030193522
2019-10-29,XLU,-0.01381064,5.129135e-18
2019-10-30,XLU,0.00094771764,0.007534679
2019-10-31,XLU,0.00880232,0.005426554
2019-11-01,XLU,0.0054623624,0.0019744325
2019-11-04,XLU,-0.0024933782,0.009243731
2019-11-05,XLU,-0.012877062,4.6259294e-18
2019-11-06,XLU,-0.010326567,0.015998608
2019-11-07,XLU,0.0038253155,0.017564464
2019-11-08,XLU,-0.013614369,0.03207556
2019-11-11,XLU,-0.004201687,0.0038200992
2019-11-12,XLU,-0.006172859,0.024825713
2019-11-13,XLU,0.0024412088,5.782412e-19
2019-11-14,XLU,0.014683604,0.008217257
2019-11-15,XLU,0.0035177523,2.628495e-19
2019-11-18,XLU,0.0031872536,0.0
2019-11-19,XLU,0.0020662807,3.469447e-18
2019-11-20,XLU,-0.0025437216,0.0
2019-11-21,XLU,0.0060308073,0.007825727
2019-11-22,XLU,-0.0034870855,0.0
2019-11-25,XLU,0.0003175107,0.0
2019-11-26,XLU,-0.0033389013,0.01178265
2019-11-27,XLU,0.0033389013,7.2280143e-19
2019-11-28,XLU,0.0017445092,0.0
2019-11-29,XLU,0.0,4.1929167e-19
2019-12-02,XLU,-0.0009511732,0.002210803
2019-12-03,XLU,-0.0065240106,0.047713876
2019-12-04,XLU,0.0027102449,4.7110843e-18
2019-12-05,XLU,0.0076130424,0.018325876
2019-12-06,XLU,0.0017365227,0.01849296
2019-12-09,XLU,-0.0030013449,0.03504098
2019-12-10,XLU,-0.003486533,0.02583477
2019-12-11,XLU,-0.00015876796,1.5557634e-18
2019-12-12,XLU,0.002695633,1.8804813e-17
2019-12-13,XLU,-0.004284701,0.0074173263
2019-12-16,XLU,0.0077624153,9.587108e-20
2019-12-17,XLU,0.0123894,0.011539151
2019-12-18,XLU,0.0032677224,0.0
2019-12-19,XLU,0.004031013,0.0
2019-12-20,XLU,0.00030940594,0.017936088
2019-12-23,XLU,-0.00092850515,0.0
2019-12-24,XLU,-0.009332779,4.6259294e-18
2019-12-25,XLU,0.0014054816,0.04135142
2019-12-26,XLU,0.0,6.3825897e-18
2019-12-27,XLU,0.0017151326,0.0
2019-12-30,XLU,0.0029555906,0.012521692
2019-12-31,XLU,-0.0001553398,1.3360175e-18
2019-01-01,XLY,0.010661623,1.2454717e-17
2019-01-02,XLY,0.0,0.0
2019-01-03,XLY,0.0075464463,1.705744e-19
2019-01-04,XLY,-0.021889808,0.0
2019-01-07,XLY,0.032558437,0.0
2019-01-08,XLY,0.02236045,0.0
2019-01-09,XLY,0.010995481,1.7995612e-18
2019-01-10,XLY,0.0050710533,0.0
2019-01-11,XLY,-0.0028672484,0.05336953
2019-01-14,XLY,0.0009566632,0.039708573
2019-01-15,XLY,-0.0061385194,0.0
2019-01-16,XLY,0.00900303,0.049221165
2019-01-17,XLY,-0.0022909518,0.07322661
2019-01-18,XLY,0.0067622527,0.0
2019-01-21,XLY,0.013763415,5.476224e-19
2019-01-22,XLY,0.0,5.349722e-19
2019-01-23,XLY,-0.015093203,8.302291e-19
2019-01-24,XLY,0.0019940187,2.9744505e-19
2019-01-25,XLY,0.004165095,0.0
2019-01-28,XLY,0.010991703,0.03308714
2019-01-29,XLY,-0.0058096116,0.01347366
2019-01-30,XLY,-0.006505468,2.5442612e-17
2019-01-31,XLY,0.019483568,0.030278936
2019-02-01,XLY,0.009049836,0.0
2019-02-04,XLY,-0.014724533,0.0
2019-02-05,XLY,0.006509229,1.1564824e-18
2019-02-06,XLY,0.00931784,0.0
2019-02-07,XLY,-0.004140793,2.5641381e-17
2019-02-08,XLY,-0.0082404055,6.2915034e-21
2019-02-11,XLY,-0.004005781,0.0
2019-02-12,XLY,0.0017719753,0.0
2019-02-13,XLY,0.0152575895,0.039234344
2019-02-14,XLY,0.006767906,1.8070037e-20
2019-02-15,XLY,-0.0036526385,2.949087e-18
2019-02-18,XLY,0.0068377894,6.3288056e-18
2019-02-19,XLY,0.0,1.868949e-21
2019-02-20,XLY,0.004080343,1.6850445e-19
2019-02-21,XLY,0.0019887912,1.7735077e-18
2019-02-22,XLY,-0.0019887912,0.0
2019-02-25,XLY,0.005414687,6.033524e-18
2019-02-26,XLY,-0.0033355902,1.0033414e-17
2019-02-27,XLY,0.0013536075,0.0
2019-02-28,XLY,-0.000721696,0.0
2019-03-01,XLY,-0.005429386,0.0039880145
2019-03-04,XLY,0.00804306,0.006241278
2019-03-05,XLY,-0.0031552878,0.0
2019-03-06,XLY,0.0025250262,3.5885916e-18
2019-03-07,XLY,-0.0046944204,0.0
2019-03-08,XLY,-0.012199714,0.0040489053
2019-03-11,XLY,-0.0069859647,0.0
2019-03-12,XLY,0.013650525,0.028952643
2019-03-13,XLY,0.0028167753,3.902297e-20
2019-03-14,XLY,0.0035324523,0.0
2019-03-15,XLY,-0.0029881853,0.0
2019-03-18,XLY,0.0029881853,8.966029e-18
2019-03-19,XLY,0.009628004,1.3764917e-20
2019-03-20,XLY,0.0050022434,0.051184304
2019-03-21,XLY,0.0014246285,0.0
2019-03-22,XLY,0.013609259,2.0398726e-19
2019-03-25,XLY,-0.020036131,0.0
2019-03-26,XLY,0.005892874,0.0
2019-03-27,XLY,0.00426402,0.121158525
2019-03-28,XLY,-0.0020409075,0.06265462
2019-03-29,XLY,0.0060219807,0.07256238
2019-04-01,XLY,0.0051957318,0.019393556
2019-04-02,XLY,0.010919523,0.042177137
2019-04-03,XLY,-0.00017377705,0.0007052724
2019-04-04,XLY,0.0070139267,0.0
2019-04-05,XLY,0.0080784215,0.0039481036
2019-04-08,XLY,0.005888645,0.048898056
2019-04-09,XLY,0.0035674886,0.00019968029
2019-04-10,XLY,-0.009028253,0.058476977
2019-04-11,XLY,0.0047797975,0.030027015
2019-04-12,XLY,0.001276433,0.04932523
2019-04-15,XLY,0.0061888206,2.733093e-19
2019-04-16,XLY,0.0020263433,0.049415275
2019-04-17,XLY,0.0043763747,0.005592463
2019-04-18,XLY,0.0019296118,0.032235276
2019-04-19,XLY,-0.0003353173,0.069615215
2019-04-22,XLY,0.0,0.021781461
2019-04-23,XLY,-0.0037800877,0.08623
2019-04-24,XLY,0.011880003,0.0
2019-04-25,XLY,0.0009144188,0.060201906
2019-04-26,XLY,-0.0052484814,0.01280879
2019-04-29,XLY,0.007903864,0.0
2019-04-30,XLY,-0.0034866382,1.4959329e-19
2019-05-01,XLY,-0.0014980029,0.0
2019-05-02,XLY,-0.012234106,0.017254427
2019-05-03,XLY,0.0007585016,1.5097038e-06
2019-05-06,XLY,0.011725428,0.0
2019-05-07,XLY,-0.006096816,0.07509589
2019-05-08,XLY,-0.015279071,7.007679e-19
2019-05-09,XLY,0.00034019392,0.055244807
2019-05-10,XLY,-0.004089985,3.354319e-17
2019-05-13,XLY,0.0014504503,0.0
2019-05-14,XLY,-0.030206978,0.0
2019-05-15,XLY,0.01005473,3.179392e-18
2019-05-16,XLY,0.0067626406,3.642344e-18
2019-05-17,XLY,0.009203179,0.040111423
2019-05-20,XLY,-0.0076490426,0.053874437
2019-05-21,XLY,-0.007099597,9.036553e-19
2019-05-22,XLY,0.0069270344,0.011165981
2019-05-23,XLY,-0.010321441,0.05084429
2019-05-24,XLY,-0.012457394,0.04635242
2019-05-27,XLY,0.0013232767,0.0
2019-05-28,XLY,0.0,0.0
2019-05-29,XLY,-0.0066339634,0.0
2019-05-30,XLY,-0.008914304,0.026818866
2019-05-31,XLY,0.0065152626,8.3702163e-19
2019-06-03,XLY,-0.013163387,0.0
2019-06-04,XLY,-0.008418244,0.029864151
2019-06-05,XLY,0.026728049,5.683126e-19
2019-06-06,XLY,0.004943949,1.0714914e-19
2019-06-07,XLY,0.005094881,0.015315092
2019-06-10,XLY,0.014353689,0.0
2019-06-11,XLY,0.008428708,0.0
2019-06-12,XLY,0.0038466516,1.339506e-19
2019-06-13,XLY,-0.0002559836,3.0585262e-20
2019-06-14,XLY,0.008920666,1.8503718e-17
2019-06-17,XLY,0.002196689,0.0
2019-06-18,XLY,0.00042188753,0.0
2019-06-19,XLY,0.0075636967,1.6313161e-18
2019-06-20,XLY,0.0018402347,0.0
2019-06-21,XLY,0.006912374,0.0
2019-06-24,XLY,-0.008083041,6.7589473e-21
2019-06-25,XLY,-0.0053691403,7.5888186e-20
2019-06-26,XLY,-0.009635777,2.4014646e-18
2019-06-27,XLY,0.0032222532,0.0
2019-06-28,XLY,0.006245273,1.155148e-18
2019-07-01,XLY,0.0028564248,0.0
2019-07-02,XLY,0.008770155,2.0007582e-19
2019-07-03,XLY,0.002159828,0.0
2019-07-04,XLY,0.008675231,7.155734e-18
2019-07-05,XLY,0.0,0.000276674
2019-07-08,XLY,0.0011510319,6.3068715e-20
2019-07-09,XLY,0.00123178,7.2280143e-19
2019-07-10,XLY,0.0010663169,0.0
2019-07-11,XLY,0.0036006586,0.0
2019-07-12,XLY,0.0020400677,1.3415153e-19
2019-07-15,XLY,0.011428696,0.0
2019-07-16,XLY,0.0032185416,9.223625e-19
2019-07-17,XLY,-0.0012861738,0.0
2019-07-18,XLY,-0.009618179,0.039348643
2019-07-19,XLY,-0.0013002846,0.016652655
2019-07-22,XLY,-0.0066087623,0.0
2019-07-23,XLY,0.0005728549,0.0
2019-07-24,XLY,0.0067675253,0.0
2019-07-25,XLY,0.0050255437,0.04543934
2019-07-26,XLY,-0.0055945334,0.0026508213
2019-07-29,XLY,0.004542881,0.0
2019-07-30,XLY,-0.0048681637,0.012307406
2019-07-31,XLY,-0.006773601,2.5055077e-18
2019-08-01,XLY,-0.011530354,0.0
2019-08-02,XLY,-0.013678279,0.0
2019-08-05,XLY,-0.008263813,4.577366e-18
2019-08-06,XLY,-0.027208475,0.0
2019-08-07,XLY,0.015111898,0.0
2019-08-08,XLY,0.00402002,2.54181e-05
2019-08-09,XLY,0.019107785,4.920197e-05
2019-08-12,XLY,-0.009423713,0.0
2019-08-13,XLY,-0.014647285,0.0018416736
2019-08-14,XLY,0.016336618,0.0
2019-08-15,XLY,-0.031811316,0.0
2019-08-16,XLY,-0.0016567123,2.515244e-19
2019-08-19,XLY,0.011280925,0.0
2019-08-20,XLY,0.012519457,1.5645725e-18
2019-08-21,XLY,0.00025561283,3.212431e-18
2019-08-22,XLY,0.019070698,0.037623845
2019-08-23,XLY,0.00025072083,0.0
2019-08-26,XLY,-0.026932523,1.369262e-19
2019-08-27,XLY,0.009823681,2.1468412e-19
2019-08-28,XLY,-0.00494249,0.0
2019-08-29,XLY,0.012395099,1.8762532e-19
2019-08-30,XLY,0.0149069,0.0058427174
2019-09-02,XLY,-0.0060030194,0.0
2019-09-03,XLY,0.0,1.8070037e-20
2019-09-04,XLY,-0.0041060937,0.0
2019-09-05,XLY,0.009859705,0.01618614
2019-09-06,XLY,0.01894308,0.0014192315
2019-09-09,XLY,0.0024445904,0.0014543529
2019-09-10,XLY,0.0038178838,0.0
2019-09-11,XLY,-0.0039806706,9.883428e-06
2019-09-12,XLY,0.0018704515,1.1757288e-19
2019-09-13,XLY,0.0047821775,0.0
2019-09-16,XLY,-0.0020235549,2.0212272e-19
2019-09-17,XLY,-0.012884464,3.383762e-19
2019-09-18,XLY,0.0060551693,3.975408e-19
2019-09-19,XLY,-0.0004895961,5.7187623e-19
2019-09-20,XLY,-0.0026970715,0.0
2019-09-23,XLY,-0.014840737,0.0
2019-09-24,XLY,0.0034825907,1.3224485e-17
2019-09-25,XLY,-0.010735342,6.883104e-19
2019-09-26,XLY,0.009078478,0.0020486233
2019-09-27,XLY,-0.004320738,0.005422049
2019-09-30,XLY,-0.003503507,3.0717495e-18
2019-10-01,XLY,0.008570174,0.017605947
2019-10-02,XLY,-0.008403061,0.008303359
2019-10-03,XLY,-0.018126365,1.4456029e-18
2019-10-04,XLY,0.0048376922,0.0
2019-10-07,XLY,0.009354132,2.3491046e-18
2019-10-08,XLY,-0.004371224,6.6330135e-19
2019-10-09,XLY,-0.0105865905,0.026993401
2019-10-10,XLY,0.00847822,1.4456029e-18
2019-10-11,XLY,0.006647338,1.3665465e-18
2019-10-14,XLY,0.011258094,2.3129647e-18
2019-10-15,XLY,-0.00049767754,0.01421463
2019-10-16,XLY,0.008756044,5.421011e-20
2019-10-17,XLY,0.0041037486,0.0
2019-10-18,XLY,0.0026175885,0.014407223
2019-10-21,XLY,-0.0019625486,0.03177745
2019-10-22,XLY,0.0035135061,1.01192206e-17
2019-10-23,XLY,-0.006382478,0.0
2019-10-24,XLY,-0.0046075447,0.029613754
2019-10-25,XLY,-0.000494927,0.0518714
2019-10-28,XLY,-0.0011557832,3.281184e-19
2019-10-29,XLY,0.0031340232,0.0
2019-10-30,XLY,-0.005698021,5.1375907e-20
2019-10-31,XLY,0.0061919703,0.0
2019-11-01,XLY,-0.005364156,6.873656e-18
2019-11-04,XLY,0.006597962,4.3495917e-19
2019-11-05,XLY,0.00049309665,0.0
2019-11-06,XLY,0.0014778328,1.0314574e-19
2019-11-07,XLY,0.001065967,0.0
2019-11-08,XLY,-0.0060005933,0.056730755
2019-11-11,XLY,0.0004121502,0.010875094
2019-11-12,XLY,-0.0020624518,0.0
2019-11-13,XLY,-0.00066088396,0.028653722
2019-11-14,XLY,-0.0031451772,3.8749377e-19
2019-11-15,XLY,0.0043014376,0.047089126
2019-11-18,XLY,0.0018142839,5.421011e-20
2019-11-19,XLY,0.003454519,0.04899999
2019-11-20,XLY,-0.011063521,0.0
2019-11-21,XLY,-0.002327322,0.0
2019-11-22,XLY,-0.005674721,0.07435094
2019-11-25,XLY,0.0068390593,0.0
2019-11-26,XLY,0.008771986,0.0
2019-11-27,XLY,0.0068153157,0.014523669
2019-11-28,XLY,0.008555766,2.3462053e-19
2019-11-29,XLY,0.0,0.0
2019-12-02,XLY,-0.0065120296,0.0
2019-12-03,XLY,-0.00828247,1.08490205e-17
2019-12-04,XLY,-0.010096916,7.228015e-20
2019-12-05,XLY,0.0055576437,0.0
2019-12-06,XLY,-0.000993131,0.0
2019-12-09,XLY,0.007999713,0.0
2019-12-10,XLY,0.0012313756,0.02882962
2019-12-11,XLY,-0.0017243507,0.0044030654
2019-12-12,XLY,0.0025444261,0.0
2019-12-13,XLY,0.008732967,1.3733228e-18
2019-12-16,XLY,0.0008934736,0.000121782694
2019-12-17,XLY,0.004374602,0.029684935
2019-12-18,XLY,0.0044360277,0.0009761654
2019-12-19,XLY,0.00096525106,0.016355744
2019-12-20,XLY,0.0031306467,0.08665431
2019-12-23,XLY,-0.0017648007,0.0
2019-12-24,XLY,-0.0023310971,0.012194722
2019-12-25,XLY,0.0022508048,0.019948453
2019-12-26,XLY,0.0,1.978669e-18
2019-12-27,XLY,0.012131034,0.058299627
2019-12-30,XLY,-7.933045e-05,0.079678856
2019-12-31,XLY,-0.0064467574,0.0
2019-01-01,XLP,0.0041440614,0.002433307
2019-01-02,XLP,0.0,0.0
2019-01-03,XLP,-0.0059253583,0.010384381
2019-01-04,XLP,-0.0057614148,8.0281947e-19
2019-01-07,XLP,0.021094916,0.029560624
2019-01-08,XLP,-0.0013665204,0.0
2019-01-09,XLP,0.009139587,0.0
2019-01-10,XLP,-0.009334957,0.0
2019-01-11,XLP,0.005844552,1.1564824e-18
2019-01-14,XLP,0.0029095162,0.0
2019-01-15,XLP,-0.004853907,3.2706765e-18
2019-01-16,XLP,0.0098771015,1.7347235e-18
2019-01-17,XLP,-0.0054106414,0.0
2019-01-18,XLP,0.00425368,0.0
2019-01-21,XLP,0.011891203,9.423583e-19
2019-01-22,XLP,0.0,0.0
2019-01-23,XLP,-0.009193705,0.043826267
2019-01-24,XLP,0.011859358,1.8567701e-19
2019-01-25,XLP,-0.012436781,0.0
2019-01-28,XLP,-0.004051322,2.516339e-18
2019-01-29,XLP,0.0042438335,0.0
2019-01-30,XLP,0.0023072497,0.0
2019-01-31,XLP,0.0066992305,0.0043786485
2019-02-01,XLP,0.018335264,1.5226173e-18
2019-02-04,XLP,-0.003189197,0.0
2019-02-05,XLP,0.0063682552,0.0136469975
2019-02-06,XLP,0.00018668907,0.0
2019-02-07,XLP,0.00018665423,0.0
2019-02-08,XLP,-0.000746826,0.0
2019-02-11,XLP,0.0046585384,5.5930913e-18
2019-02-12,XLP,0.0025993332,1.7500096e-17
2019-02-13,XLP,0.0077577042,0.0024336984
2019-02-14,XLP,0.0018382358,0.0030117552
2019-02-15,XLP,-0.0112661645,1.3987682e-19
2019-02-18,XLP,0.009427928,0.01581897
2019-02-19,XLP,0.0,0.0
2019-02-20,XLP,0.005138569,0.03808973
2019-02-21,XLP,-0.0018321734,0.029624514
2019-02-22,XLP,0.0029298684,0.0
2019-02-25,XLP,-0.004765405,0.0070658145
2019-02-26,XLP,-0.0055269115,0.0
2019-02-27,XLP,0.0005540678,9.251859e-18
2019-02-28,XLP,-0.0014781968,0.009905192
2019-03-01,XLP,0.0047961725,2.7173667e-18
2019-03-04,XLP,-0.0018419604,7.54798e-18
2019-03-05,XLP,-0.0016606702,2.7340637e-18
2019-03-06,XLP,-0.0007389618,0.0149671985
2019-03-07,XLP,-0.0014795638,1.5373184e-19
2019-03-08,XLP,-0.006498955,0.0
2019-03-11,XLP,0.00055871124,0.0
2019-03-12,XLP,0.012948757,0.0055541424
2019-03-13,XLP,0.00036751194,0.0
2019-03-14,XLP,0.005679231,0.0922896
2019-03-15,XLP,-0.0009138262,0.0
2019-03-18,XLP,0.00018283207,0.0
2019-03-19,XLP,0.0014614544,0.008309475
2019-03-20,XLP,-0.0007304602,2.4840353e-21
2019-03-21,XLP,-0.0042105326,2.8912057e-18
2019-03-22,XLP,0.011672575,0.021847311
2019-03-25,XLP,-0.0012700718,0.0
2019-03-26,XLP,0.0019951037,0.0
2019-03-27,XLP,0.008479979,0.0
2019-03-28,XLP,-0.003419422,0.03637621
2019-03-29,XLP,0.004855688,0.010631506
2019-04-01,XLP,0.0066160276,0.0
2019-04-02,XLP,-0.0033919518,0.027994849
2019-04-03,XLP,-0.008260057,0.0
2019-04-04,XLP,-0.0048802625,0.010870627
2019-04-05,XLP,0.0037978163,1.3010426e-18
2019-04-08,XLP,0.0034237353,0.0061210697
2019-04-09,XLP,0.004128899,0.0
2019-04-10,XLP,-0.0012548178,0.018672248
2019-04-11,XLP,0.0028658446,0.017080128
2019-04-12,XLP,0.0019655148,0.092428185
2019-04-15,XLP,0.0032079872,2.0701485e-18
2019-04-16,XLP,0.0058547137,0.02120478
2019-04-17,XLP,0.00017688159,8.675953e-18
2019-04-18,XLP,0.004940024,0.08477825
2019-04-19,XLP,0.00087958487,0.02216163
2019-04-22,XLP,0.0,0.016953425
2019-04-23,XLP,0.00035161743,0.088247426
2019-04-24,XLP,-0.0031690167,3.177729e-20
2019-04-25,XLP,0.0021137933,0.07639861
2019-04-26,XLP,-0.0063548316,0.015627388
2019-04-29,XLP,0.008990806,0.0
2019-04-30,XLP,0.0012277472,0.00010340509
2019-05-01,XLP,0.011502393,0.0
2019-05-02,XLP,-0.012379201,0.0031346045
2019-05-03,XLP,-0.00035093876,4.3368087e-19
2019-05-06,XLP,0.007518175,0.0079321945
2019-05-07,XLP,-0.0015689012,0.036705583
2019-05-08,XLP,-0.009993946,3.5873748e-18
2019-05-09,XLP,-0.00017622698,0.015633818
2019-05-10,XLP,-0.0021171498,0.0
2019-05-13,XLP,0.012112848,0.0
2019-05-14,XLP,-0.009467111,0.018202145
2019-05-15,XLP,0.004744759,0.005555182
2019-05-16,XLP,0.007858244,0.0
2019-05-17,XLP,0.0077969725,0.021040993
2019-05-20,XLP,-0.003284643,0.061656747
2019-05-21,XLP,-0.0024271857,0.01921847
2019-05-22,XLP,-0.0020851442,0.0044010337
2019-05-23,XLP,0.0045123296,0.06762287
2019-05-24,XLP,-0.00034638032,0.01898826
2019-05-27,XLP,-0.0036442557,0.039631467
2019-05-28,XLP,0.0,0.022353744
2019-05-29,XLP,-0.016477147,0.00052142364
2019-05-30,XLP,-0.0072727595,0.020849014
2019-05-31,XLP,0.0042636413,0.011611324
2019-06-03,XLP,-0.014283407,0.008330323
2019-06-04,XLP,0.012509098,0.0028378277
2019-06-05,XLP,0.009016237,0.0
2019-06-06,XLP,0.011374696,0.0
2019-06-07,XLP,0.010386107,0.0
2019-06-10,XLP,0.009597331,0.011646104
2019-06-11,XLP,0.00034106412,4.0137384e-18
2019-06-12,XLP,0.0032343206,0.0
2019-06-13,XLP,0.0015284031,4.091603e-18
2019-06-14,XLP,0.0022035774,0.028431607
2019-06-17,XLP,0.00050782907,1.2020463e-18
2019-06-18,XLP,-0.0028811137,3.8343484e-19
2019-06-19,XLP,-0.005445895,0.0
2019-06-20,XLP,0.004087199,1.9069456e-18
2019-06-21,XLP,0.008798704,0.002297805
2019-06-24,XLP,-0.010840215,0.0
2019-06-25,XLP,0.0025512388,0.0
2019-06-26,XLP,-0.0005097273,0.0
2019-06-27,XLP,-0.014378885,0.01166845
2019-06-28,XLP,0.0018947555,0.0021321124
2019-07-01,XLP,-0.0006885867,0.1134696
2019-07-02,XLP,0.0060091177,0.0
2019-07-03,XLP,0.008692002,0.0061040265
2019-07-04,XLP,0.01231148,1.0000407e-17
2019-07-05,XLP,0.0,1.5740283e-18
2019-07-08,XLP,-0.0043675527,0.0
2019-07-09,XLP,0.0013458952,0.03141427
2019-07-10,XLP,-0.0059017115,0.0
2019-07-11,XLP,0.0064059556,1.5870251e-18
2019-07-12,XLP,0.0025174133,0.0071916752
2019-07-15,XLP,0.0028454284,0.0
2019-07-16,XLP,0.0023372297,0.028692113
2019-07-17,XLP,0.00033344448,7.098555e-18
2019-07-18,XLP,-0.0011675424,0.03739042
2019-07-19,XLP,0.0066533843,0.029503472
2019-07-22,XLP,-0.0063196616,0.0015357987
2019-07-23,XLP,-0.005856287,0.0060282215
2019-07-24,XLP,0.0071900655,0.10113634
2019-07-25,XLP,-0.0066867517,0.019612592
2019-07-26,XLP,0.0013409321,0.03907025
2019-07-29,XLP,0.011160272,0.005804876
2019-07-30,XLP,0.001820439,0.028409725
2019-07-31,XLP,0.0029717705,0.0006630848
2019-08-01,XLP,-0.020485353,0.0
2019-08-02,XLP,-0.0035398267,0.03592239
2019-08-05,XLP,0.00016884762,2.958758e-19
2019-08-06,XLP,-0.026344322,0.0
2019-08-07,XLP,0.008973313,1.0933374e-17
2019-08-08,XLP,0.0116141355,7.56002e-20
2019-08-09,XLP,0.012822852,1.3656923e-18
2019-08-12,XLP,-0.005547631,0.011830158
2019-08-13,XLP,-0.006765926,0.0010296165
2019-08-14,XLP,0.011307183,4.607626e-19
2019-08-15,XLP,-0.0159002,0.085184366
2019-08-16,XLP,0.014892812,4.1675812e-19
2019-08-19,XLP,0.011358065,0.00050861714
2019-08-20,XLP,0.009915798,0.0
2019-08-21,XLP,-0.010912807,2.9623524e-18
2019-08-22,XLP,0.002656485,0.043331753
2019-08-23,XLP,0.0052918927,0.0012755309
2019-08-26,XLP,-0.016798731,0.0
2019-08-27,XLP,0.012335545,7.0946706e-20
2019-08-28,XLP,-0.0028204084,0.0
2019-08-29,XLP,0.00959002,2.1166011e-18
2019-08-30,XLP,0.0004935428,0.018628916
2019-09-02,XLP,-0.0013166559,0.008232798
2019-09-03,XLP,0.0,0.023106424
2019-09-04,XLP,0.005747614,0.001263918
2019-09-05,XLP,0.008965746,0.06464316
2019-09-06,XLP,-0.0061859223,0.0
2019-09-09,XLP,0.003260518,0.05599652
2019-09-10,XLP,-0.002281246,0.0
2019-09-11,XLP,-0.006218315,0.0
2019-09-12,XLP,0.0036047883,0.009827562
2019-09-13,XLP,0.0040806388,0.004956962
2019-09-16,XLP,-0.0057175686,0.0
2019-09-17,XLP,-0.00971281,0.01687266
2019-09-18,XLP,0.0054442105,0.0006696912
2019-09-19,XLP,0.001643926,0.0
2019-09-20,XLP,-0.00016427104,0.008111523
2019-09-23,XLP,-0.009076719,0.020330543
2019-09-24,XLP,0.0039708856,0.0
2019-09-25,XLP,0.00411964,6.139361e-19
2019-09-26,XLP,0.0006575703,6.720082e-06
2019-09-27,XLP,0.005571958,3.9157628e-20
2019-09-30,XLP,-0.0011446326,0.009864093
2019-10-01,XLP,0.00489637,0.001170878
2019-10-02,XLP,-0.0026084136,0.0074571185
2019-10-03,XLP,-0.020282663,0.008396711
2019-10-04,XLP,0.0069721397,0.0
2019-10-07,XLP,0.015593258,1.8431437e-18
2019-10-08,XLP,-0.00817666,0.0021526667
2019-10-09,XLP,-0.009569451,0.001532414
2019-10-10,XLP,0.0075970637,0.0052988525
2019-10-11,XLP,0.0019723873,0.0
2019-10-14,XLP,-0.0009857073,0.0
2019-10-15,XLP,-0.0049431636,0.02212882
2019-10-16,XLP,-0.00430393,1.6263033e-19
2019-10-17,XLP,0.00099486,1.21517e-18
2019-10-18,XLP,0.004629638,4.3800587e-20
2019-10-21,XLP,0.001977588,0.0
2019-10-22,XLP,0.003287314,0.0
2019-10-23,XLP,0.00032813783,0.0
2019-10-24,XLP,0.0045826593,0.0
2019-10-25,XLP,0.0034232652,0.036704667
2019-10-28,XLP,-0.0058756494,1.13939e-18
2019-10-29,XLP,-0.0019662466,0.0
2019-10-30,XLP,0.0,0.0021420396
2019-10-31,XLP,0.0045819096,9.289687e-05
2019-11-01,XLP,-0.0014704684,0.034192216
2019-11-04,XLP,-0.00016351893,5.995516e-20
2019-11-05,XLP,-0.009695253,0.0
2019-11-06,XLP,0.0032970686,1.5519841e-18
2019-11-07,XLP,0.0041061076,0.0
2019-11-08,XLP,-0.0034479962,0.009659633
2019-11-11,XLP,-0.00065811124,2.7868346e-19
2019-11-12,XLP,-0.0014823357,0.0
2019-11-13,XLP,0.0032911005,1.1564824e-18
2019-11-14,XLP,0.007528677,1.6528817e-19
2019-11-15,XLP,-0.00032615787,0.02151989
2019-11-18,XLP,0.00032615787,4.2645284e-18
2019-11-19,XLP,0.00520411,0.016299754
2019-11-20,XLP,-0.0012984907,5.3843776e-19
2019-11-21,XLP,0.0022712534,0.0
2019-11-22,XLP,-0.005036157,0.03341164
2019-11-25,XLP,-0.0016299922,3.4233723e-19
2019-11-26,XLP,0.0011412734,0.0
2019-11-27,XLP,0.008114293,0.0023026792
2019-11-28,XLP,0.0024215041,1.3684226e-19
2019-11-29,XLP,0.0,7.693829e-20
2019-12-02,XLP,-0.00032252862,0.0
2019-12-03,XLP,0.002255519,0.0076089306
2019-12-04,XLP,-0.0016105657,0.035394516
2019-12-05,XLP,0.006586898,1.2307197e-18
2019-12-06,XLP,-0.0003203075,0.013747508
2019-12-09,XLP,0.0038369352,0.011691101
2019-12-10,XLP,0.0007975118,0.0033451386
2019-12-11,XLP,-0.0031938704,0.040504348
2019-12-12,XLP,0.0014385042,0.04193691
2019-12-13,XLP,-0.00079891353,0.046068083
2019-12-16,XLP,0.0035104551,0.017051833
2019-12-17,XLP,0.003498175,6.505213e-19
2019-12-18,XLP,-0.0015885627,0.008270971
2019-12-19,XLP,-0.0015910902,0.006963648
2019-12-20,XLP,0.0053994097,0.058481462
2019-12-23,XLP,-0.00063371356,0.016238848
2019-12-24,XLP,-0.004288103,0.046833392
2019-12-25,XLP,0.0012724672,1.1271185e-18
2019-12-26,XLP,0.0,0.095117964
2019-12-27,XLP,0.0009532889,0.0287089
2019-12-30,XLP,0.0044367053,0.0151302265
2019-12-31,XLP,-0.0052310494,0.030004015
2019-01-01,XLE,0.0052447673,0.0
2019-01-02,XLE,0.0,7.9961167e-19
2019-01-03,XLE,0.019511972,0.0
2019-01-04,XLE,-0.0099674305,5.9535864e-19
2019-01-07,XLE,0.033458162,3.2541828e-19
2019-01-08,XLE,0.014756133,2.3491048e-19
2019-01-09,XLE,0.007705588,1.7599378e-18
2019-01-10,XLE,0.015717734,0.0
2019-01-11,XLE,0.0028897114,1.4992483e-19
2019-01-14,XLE,-0.005949049,0.0
2019-01-15,XLE,-0.002421895,9.747806e-20
2019-01-16,XLE,0.0035501085,0.0
2019-01-17,XLE,-0.0012894908,1.4094628e-18
2019-01-18,XLE,0.009151545,0.0
2019-01-21,XLE,0.020094024,2.052217e-17
2019-01-22,XLE,0.0,0.0
2019-01-23,XLE,-0.022013716,2.7105054e-20
2019-01-24,XLE,-0.010301073,5.4798158e-17
2019-01-25,XLE,0.0053247404,3.6140072e-19
2019-01-28,XLE,0.012633094,0.0
2019-01-29,XLE,-0.010061571,0.0
2019-01-30,XLE,0.0030451182,0.0
2019-01-31,XLE,0.013984019,4.7637133e-18
2019-02-01,XLE,0.0064490982,1.7602559e-17
2019-02-04,XLE,0.017253866,8.111792e-19
2019-02-05,XLE,0.0023089366,0.0140644265
2019-02-06,XLE,0.0015363346,0.0
2019-02-07,XLE,-0.0073960274,0.0
2019-02-08,XLE,-0.022363901,0.056074608
2019-02-11,XLE,-0.0045969803,0.0044788774
2019-02-12,XLE,0.0047551207,6.3701505e-19
2019-02-13,XLE,0.012570876,6.6633256e-20
2019-02-14,XLE,0.012414808,3.3248866e-18
2019-02-15,XLE,0.0035409166,0.032993313
2019-02-18,XLE,0.01600766,2.6331938e-21
2019-02-19,XLE,0.0,0.0059046214
2019-02-20,XLE,0.003020238,1.0842022e-19
2019-02-21,XLE,0.004213067,1.0408341e-17
2019-02-22,XLE,-0.015586304,1.857685e-18
2019-02-25,XLE,0.0028934765,0.0
2019-02-26,XLE,0.001671352,0.0
2019-02-27,XLE,-0.0031931906,4.386479e-19
2019-02-28,XLE,0.003800263,0.0
2019-03-01,XLE,-0.010064129,5.2000316e-19
2019-03-04,XLE,0.018223738,0.006926109
2019-03-05,XLE,0.0018042404,0.03151235
2019-03-06,XLE,-0.0033102648,0.0
2019-03-07,XLE,-0.0127409585,0.015248433
2019-03-08,XLE,-0.005971081,0.0
2019-03-11,XLE,-0.01891236,0.0
2019-03-12,XLE,0.015528263,0.0
2019-03-13,XLE,0.006450644,0.0
2019-03-14,XLE,0.010053398,0.0
2019-03-15,XLE,0.0010603651,9.84602e-20
2019-03-18,XLE,-0.0082092285,0.0
2019-03-19,XLE,0.013795413,0.0
2019-03-20,XLE,-0.0027137059,0.0014121792
2019-03-21,XLE,0.008717927,0.0
2019-03-22,XLE,0.0070092003,0.029750183
2019-03-25,XLE,-0.027419616,1.102037e-20
2019-03-26,XLE,0.0004581202,1.6082332e-18
2019-03-27,XLE,0.014249142,0.0
2019-03-28,XLE,-0.0070991917,1.7347235e-18
2019-03-29,XLE,0.0037824388,0.0061520804
2019-04-01,XLE,-0.0015112591,1.8380615e-19
2019-04-02,XLE,0.013072082,0.0
2019-04-03,XLE,-0.0068903808,0.0
2019-04-04,XLE,-0.009666289,0.0
2019-04-05,XLE,0.0083126,1.011922e-18
2019-04-08,XLE,0.017456617,0.0
2019-04-09,XLE,0.004427398,0.0
2019-04-10,XLE,-0.012297362,9.251859e-18
2019-04-11,XLE,0.0037199657,0.023766883
2019-04-12,XLE,0.0007423354,0.0
2019-04-15,XLE,0.002667854,0.0
2019-04-16,XLE,-0.00593826,0.0
2019-04-17,XLE,0.006530151,0.0
2019-04-18,XLE,-0.001332248,3.975408e-19
2019-04-19,XLE,-0.004751308,0.0
2019-04-22,XLE,0.0,0.002150759
2019-04-23,XLE,0.02091387,2.3897622e-18
2019-04-24,XLE,-0.0016045514,0.0
2019-04-25,XLE,-0.01767351,4.604852e-20
2019-04-26,XLE,-0.003125235,0.0
2019-04-29,XLE,-0.013052469,0.0
2019-04-30,XLE,-0.0009064814,0.0
2019-05-01,XLE,-0.0007560294,3.1504378e-19
2019-05-02,XLE,-0.020168751,1.3778403e-19
2019-05-03,XLE,-0.017594848,0.0
2019-05-06,XLE,0.009225302,0.0
2019-05-07,XLE,0.00093341636,0.0
2019-05-08,XLE,-0.008745956,0.0
2019-05-09,XLE,0.0,4.3368087e-19
2019-05-10,XLE,0.0,3.3198597e-19
2019-05-13,XLE,0.004694844,2.2781176e-17
2019-05-14,XLE,-0.017323269,1.2649025e-19
2019-05-15,XLE,0.012157724,0.0
2019-05-16,XLE,0.0051655434,6.6651867e-19
2019-05-17,XLE,0.0054496047,0.0
2019-05-20,XLE,-0.010144449,5.008788e-19
2019-05-21,XLE,0.00047047753,0.0
2019-05-22,XLE,0.011535591,0.0
2019-05-23,XLE,-0.0156204365,5.782412e-19
2019-05-24,XLE,-0.03410786,0.0
2019-05-27,XLE,0.0037395377,3.9377538e-19
2019-05-28,XLE,0.0,1.7347235e-18
2019-05-29,XLE,-0.010440552,0.0
2019-05-30,XLE,-0.0064160787,0.0
2019-05-31,XLE,-0.01278981,0.0
2019-06-03,XLE,-0.017708533,0.0
2019-06-04,XLE,0.01268087,0.0
2019-06-05,XLE,0.01715708,0.0
2019-06-06,XLE,-0.01112691,0.0
2019-06-07,XLE,0.018367358,9.75782e-19
2019-06-10,XLE,0.00458041,1.9376817e-17
2019-06-11,XLE,0.0029335092,1.07485736e-19
2019-06-12,XLE,0.0019509029,0.0
2019-06-13,XLE,-0.014231041,0.0
2019-06-14,XLE,0.01162899,0.0
2019-06-17,XLE,-0.0065349033,1.0879431e-18
2019-06-18,XLE,0.00832454,0.0
2019-06-19,XLE,0.013722065,3.6503413e-19
2019-06-20,XLE,-0.0011229648,0.0
2019-06-21,XLE,0.021909116,0.0
2019-06-24,XLE,-0.0018861998,0.0
2019-06-25,XLE,-0.009008358,0.0
2019-06-26,XLE,-0.00796944,3.258711e-18
2019-06-27,XLE,0.01524565,0.0
2019-06-28,XLE,-0.0074349786,0.0
2019-07-01,XLE,0.011524321,5.1680305e-18
2019-07-02,XLE,0.0009413242,2.42668e-18
2019-07-03,XLE,-0.016124282,1.258825e-18
2019-07-04,XLE,0.0039761486,0.0
2019-07-05,XLE,0.0,3.4883865e-18
2019-07-08,XLE,0.001427552,2.258517e-19
2019-07-09,XLE,0.001425517,0.0
2019-07-10,XLE,0.0007910767,0.0
2019-07-11,XLE,0.012729016,1.4507826e-19
2019-07-12,XLE,0.0020279237,0.0
2019-07-15,XLE,0.0041987468,5.470835e-18
2019-07-16,XLE,-0.009041371,3.4050407e-17
2019-07-17,XLE,-0.010705392,0.0
2019-07-18,XLE,-0.011461443,0.0
2019-07-19,XLE,0.00016008965,1.8307562e-19
2019-07-22,XLE,0.0046314863,0.0
2019-07-23,XLE,0.0046101348,2.529805e-19
2019-07-24,XLE,0.0026926445,8.131516e-20
2019-07-25,XLE,0.0042617065,2.6201553e-19
2019-07-26,XLE,-0.011405161,4.3174076e-18
2019-07-29,XLE,-0.005111016,0.0
2019-07-30,XLE,-0.0040112366,0.0
2019-07-31,XLE,0.011191164,0.0
2019-08-01,XLE,-0.003184716,0.0
2019-08-02,XLE,-0.022907922,0.0
2019-08-05,XLE,-0.01446442,0.0
2019-08-06,XLE,-0.030254409,8.047159e-19
2019-08-07,XLE,-0.0011952532,1.3241e-19
2019-08-08,XLE,-0.0075459112,2.7155629e-19
2019-08-09,XLE,0.028343009,0.0
2019-08-12,XLE,-0.011105617,1.535953e-19
2019-08-13,XLE,-0.0127715655,1.5372451e-19
2019-08-14,XLE,0.010060619,7.812197e-20
2019-08-15,XLE,-0.039981097,2.9156002e-17
2019-08-16,XLE,-0.0061996477,0.0
2019-08-19,XLE,0.0130628515,7.228015e-20
2019-08-20,XLE,0.021856898,0.0
2019-08-21,XLE,-0.008443231,4.4566067e-19
2019-08-22,XLE,0.006382083,1.0842022e-19
2019-08-23,XLE,-0.0044804486,2.3440224e-18
2019-08-26,XLE,-0.034080233,0.0
2019-08-27,XLE,0.004279607,1.3516489e-19
2019-08-28,XLE,-0.0062472313,2.209729e-19
2019-08-29,XLE,0.014222462,1.2517033e-19
2019-08-30,XLE,0.014545074,0.0
2019-09-02,XLE,0.0,0.0
2019-09-03,XLE,0.0,0.00971606
2019-09-04,XLE,-0.0048831627,0.0
2019-09-05,XLE,0.0138891125,0.0
2019-09-06,XLE,0.012337374,0.0
2019-09-09,XLE,0.005265405,0.0
2019-09-10,XLE,0.019792663,0.0
2019-09-11,XLE,0.011723077,0.0
2019-09-12,XLE,0.0009844135,0.0
2019-09-13,XLE,-0.0062510483,0.0
2019-09-16,XLE,0.007889587,4.8422174e-20
2019-09-17,XLE,0.03301161,4.561782e-19
2019-09-18,XLE,-0.014037557,0.0
2019-09-19,XLE,-0.004830927,2.9791246e-19
2019-09-20,XLE,-0.002586069,0.0
2019-09-23,XLE,-0.008288014,1.325167e-18
2019-09-24,XLE,0.0003263175,1.8143528e-18
2019-09-25,XLE,-0.01595035,8.9806114e-20
2019-09-26,XLE,0.0016561779,0.0
2019-09-27,XLE,-0.01315918,0.0
2019-09-30,XLE,-0.00016768677,1.676466e-19
2019-10-01,XLE,-0.007237261,1.5472469e-19
2019-10-02,XLE,-0.02341387,1.0529422e-19
2019-10-03,XLE,-0.024861224,0.0
2019-10-04,XLE,0.010755636,2.7449505e-19
2019-10-07,XLE,0.006293727,0.0
2019-10-08,XLE,-0.008927849,9.73613e-19
2019-10-09,XLE,-0.01720358,2.7105054e-20
2019-10-10,XLE,0.009082068,0.0
2019-10-11,XLE,0.01250787,2.1909918e-19
2019-10-14,XLE,0.01339034,4.047688e-18
2019-10-15,XLE,-0.00051835855,2.3987934e-20
2019-10-16,XLE,0.004139364,6.3245125e-20
2019-10-17,XLE,-0.014039575,0.0
2019-10-18,XLE,0.0006979585,0.0
2019-10-21,XLE,-0.0052466015,1.07855434e-19
2019-10-22,XLE,0.017727263,0.0
2019-10-23,XLE,0.012837146,0.0
2019-10-24,XLE,0.008298803,0.0
2019-10-25,XLE,-0.0042254776,0.0
2019-10-28,XLE,0.00809721,1.0559284e-19
2019-10-29,XLE,-0.0057287435,1.7891249e-18
2019-10-30,XLE,0.004047223,5.052189e-20
2019-10-31,XLE,-0.02057371,0.0
2019-11-01,XLE,-0.004304044,2.1679179e-19
2019-11-04,XLE,0.022518864,7.33836e-19
2019-11-05,XLE,0.032038596,0.0
2019-11-06,XLE,0.0013061226,0.0
2019-11-07,XLE,-0.02060569,1.3052443e-19
2019-11-08,XLE,0.014878767,8.7278275e-18
2019-11-11,XLE,-0.0041108336,1.4085135e-19
2019-11-12,XLE,-0.0056179925,0.0
2019-11-13,XLE,-0.005149941,0.0
2019-11-14,XLE,-0.00433985,1.1360072e-18
2019-11-15,XLE,-0.0026800686,0.0
2019-11-18,XLE,0.0076859193,1.8070037e-20
2019-11-19,XLE,-0.012224887,0.0
2019-11-20,XLE,-0.014938319,2.6339574e-19
2019-11-21,XLE,0.010040075,2.792403e-17
2019-11-22,XLE,0.01629056,0.0
2019-11-25,XLE,-0.0033372298,0.0
2019-11-26,XLE,0.0010023388,4.3290945e-19
2019-11-27,XLE,-0.009225931,0.0
2019-11-28,XLE,0.0025246164,4.7640488e-20
2019-11-29,XLE,0.0,0.0
2019-12-02,XLE,-0.010136934,0.0
2019-12-03,XLE,0.0,2.9827865e-20
2019-12-04,XLE,-0.015055887,1.445603e-19
2019-12-05,XLE,0.014886065,0.0
2019-12-06,XLE,-0.0047667776,2.823443e-20
2019-12-09,XLE,0.018932275,0.0
2019-12-10,XLE,-0.0011728242,3.064678e-17
2019-12-11,XLE,0.0020097143,3.5451165e-19
2019-12-12,XLE,-0.0016744813,0.0
2019-12-13,XLE,0.018266864,0.0
2019-12-16,XLE,-0.0075983186,0.0
2019-12-17,XLE,0.013341217,3.6140073e-20
2019-12-18,XLE,0.0006542362,0.0
2019-12-19,XLE,0.0037535743,0.025956506
2019-12-20,XLE,-0.00032583904,2.7556806e-19
2019-12-23,XLE,-0.00016295935,0.0028869838
2019-12-24,XLE,0.010214925,0.0
2019-12-25,XLE,-0.00048406617,1.3496058e-19
2019-12-26,XLE,0.0,0.0
2019-12-27,XLE,-0.000322841,3.0317003e-17
2019-12-30,XLE,-0.004206445,0.0
2019-12-31,XLE,-0.03262771,2.3903263e-19
2019-01-01,VIX,-0.10873797,0.014058194
2019-01-02,VIX,0.0,0.007830363
2019-01-03,VIX,-0.09052229,0.014662361
2019-01-04,VIX,0.09170177,0.007790497
2019-01-07,VIX,-0.17425984,0.014177782
2019-01-08,VIX,0.00093501643,0.01356135
2019-01-09,VIX,-0.044430524,0.0074702683
2019-01-10,VIX,-0.024228627,0.008575591
2019-01-11,VIX,-0.024317307,0.024639145
2019-01-14,VIX,-0.069542475,0.0014724627
2019-01-15,VIX,0.047244426,0.0063618273
2019-01-16,VIX,-0.024954839,0.017076716
2019-01-17,VIX,0.023380449,0.003164884
2019-01-18,VIX,-0.052842483,0.0
2019-01-21,VIX,-0.014501091,0.013183456
2019-01-22,VIX,0.0,0.0073768343
2019-01-23,VIX,0.15575454,0.011988557
2019-01-24,VIX,-0.063513406,0.010281566
2019-01-25,VIX,-0.0328069,0.013708668
2019-01-28,VIX,-0.08101371,0.024456115
2019-01-29,VIX,0.079954386,0.014985629
2019-01-30,VIX,0.013684424,0.0085456595
2019-01-31,VIX,-0.079955585,0.018267231
2019-02-01,VIX,-0.063708365,0.00991872
2019-02-04,VIX,-0.026293168,0.0
2019-02-05,VIX,-0.025730945,0.018730097
2019-02-06,VIX,-0.010223731,0.0069975597
2019-02-07,VIX,-0.012278021,0.014791464
2019-02-08,VIX,0.062382426,0.010904439
2019-02-11,VIX,-0.040516604,0.0014746087
2019-02-12,VIX,0.015778175,0.0034647144
2019-02-13,VIX,-0.034398295,0.023369476
2019-02-14,VIX,0.0141572505,0.008396536
2019-02-15,VIX,0.03577413,0.01487094
2019-02-18,VIX,-0.08421292,0.0020265793
2019-02-19,VIX,0.0,0.010244685
2019-02-20,VIX,-0.0020140994,0.015172729
2019-02-21,VIX,-0.05953315,0.017338218
2019-02-22,VIX,0.030901335,0.008496379
2019-02-25,VIX,-0.06795607,0.010691279
2019-02-26,VIX,0.09456971,0.010443008
2019-02-27,VIX,0.021319928,0.0101817455
2019-02-28,VIX,-0.0314723,0.0026644345
2019-03-01,VIX,0.0054274215,0.009745119
2019-03-04,VIX,-0.08541344,0.009180529
2019-03-05,VIX,0.07521274,0.019765785
2019-03-06,VIX,0.0074906717,0.00820611
2019-03-07,VIX,0.06564035,0.009962712
2019-03-08,VIX,0.052594863,0.008774606
2019-03-11,VIX,-0.033091255,0.0008413115
2019-03-12,VIX,-0.11335361,0.016176708
2019-03-13,VIX,-0.03986293,0.0
2019-03-14,VIX,-0.026491616,1.4456029e-18
2019-03-15,VIX,0.0066889883,0.0076239593
2019-03-18,VIX,-0.047013965,0.008459297
2019-03-19,VIX,0.016936509,0.010225865
2019-03-20,VIX,0.03451205,0.022481514
2019-03-21,VIX,0.025483724,0.013005175
2019-03-22,VIX,-0.02033476,0.014898753
2019-03-25,VIX,0.18987428,0.0057576387
2019-03-26,VIX,-0.009143618,0.013844152
2019-03-27,VIX,-0.10651788,0.02990624
2019-03-28,VIX,0.03151451,0.016663738
2019-03-29,VIX,-0.04869116,0.022803945
2019-04-01,VIX,-0.05118388,0.017673358
2019-04-02,VIX,-0.022870786,0.026274158
2019-04-03,VIX,-0.002989539,0.013905481
2019-04-04,VIX,0.028046118,0.017207194
2019-04-05,VIX,-0.011713165,0.0188975
2019-04-08,VIX,-0.05759167,0.018116787
2019-04-09,VIX,0.027694078,0.010191252
2019-04-10,VIX,0.080159426,0.0034641472
2019-04-11,VIX,-0.07109592,0.012925434
2019-04-12,VIX,-0.021277398,0.018003032
2019-04-15,VIX,-0.080747,0.00877757
2019-04-16,VIX,0.025484322,0.021304276
2019-04-17,VIX,-0.011428696,0.011610065
2019-04-18,VIX,0.03390155,0.023112878
2019-04-19,VIX,-0.04131815,0.016903978
2019-04-22,VIX,0.0,0.023753535
2019-04-23,VIX,0.026929412,0.022171687
2019-04-24,VIX,-0.011336153,0.00276605
2019-04-25,VIX,0.06768909,0.01719849
2019-04-26,VIX,0.008336539,0.016893106
2019-04-29,VIX,-0.04003614,0.011726094
2019-04-30,VIX,0.029413885,0.0031941494
2019-05-01,VIX,0.0007624857,0.009538645
2019-05-02,VIX,0.120489396,0.011354056
2019-05-03,VIX,-0.02601105,0.006268094
2019-05-06,VIX,-0.11371711,0.0077687236
2019-05-07,VIX,0.18206252,0.020639315
2019-05-08,VIX,0.22417928,0.009509492
2019-05-09,VIX,0.0041322373,0.017791077
2019-05-10,VIX,-0.0155847315,0.0015996145
2019-05-13,VIX,-0.17460273,0.011664327
2019-05-14,VIX,0.24777533,0.00040210638
2019-05-15,VIX,-0.12916139,0.008942961
2019-05-16,VIX,-0.09398216,0.009741925
2019-05-17,VIX,-0.07251837,0.020570917
2019-05-20,VIX,0.042886574,0.020246508
2019-05-21,VIX,0.021692825,0.008422808
2019-05-22,VIX,-0.08706712,0.009827161
2019-05-23,VIX,-0.013468217,0.021811737
2019-05-24,VIX,0.13725327,0.020193841
2019-05-27,VIX,-0.065326855,4.3368087e-19
2019-05-28,VIX,0.0,0.014839188
2019-05-29,VIX,0.09903138,0.0014833403
2019-05-30,VIX,0.022599831,0.018486314
2019-05-31,VIX,-0.03409421,0.010277618
2019-06-03,VIX,0.07835164,0.009194309
2019-06-04,VIX,0.0079851365,0.017827239
2019-06-05,VIX,-0.1055962,0.006058082
2019-06-06,VIX,-0.053249117,0.0028174133
2019-06-07,VIX,-0.009993837,0.00856623
2019-06-10,VIX,0.022960983,0.009206535
2019-06-11,VIX,-0.022333434,0.010356365
2019-06-12,VIX,0.0031318534,0.0025059907
2019-06-13,VIX,-0.0050156843,0.0
2019-06-14,VIX,-0.00567288,0.015604279
2019-06-17,VIX,-0.034730177,0.0033407034
2019-06-18,VIX,0.0045706904,0.007895361
2019-06-19,VIX,-0.013114942,0.0040766755
2019-06-20,VIX,-0.05564529,0.0015240444
2019-06-21,VIX,0.028887842,0.01074166
2019-06-24,VIX,0.043124426,1.1564823e-16
2019-06-25,VIX,-0.009132484,0.0068376292
2019-06-26,VIX,0.06470233,0.008063942
2019-06-27,VIX,-0.0043090247,0.013097207
2019-06-28,VIX,-0.024353374,0.008966534
2019-07-01,VIX,-0.0479056,0.022667471
2019-07-02,VIX,-0.07003547,0.0022200784
2019-07-03,VIX,-0.08378369,0.008097399
2019-07-04,VIX,-0.02823717,0.0024186315
2019-07-05,VIX,0.0,0.010120651
2019-07-08,VIX,0.05494612,0.003696783
2019-07-09,VIX,0.049936954,0.014166428
2019-07-10,VIX,0.009269228,0.0034066965
2019-07-11,VIX,-0.078210935,0.011993426
2019-07-12,VIX,-0.0077041984,0.008854956
2019-07-15,VIX,-0.042660497,0.011386303
2019-07-16,VIX,0.023136253,0.011580379
2019-07-17,VIX,0.01409577,0.0010216241
2019-07-18,VIX,0.08279046,0.024249554
2019-07-19,VIX,-0.032002732,0.011315049
2019-07-22,VIX,0.065784976,0.0032048565
2019-07-23,VIX,-0.065784976,0.008169412
2019-07-24,VIX,-0.07041929,0.008680922
2019-07-25,VIX,-0.043767113,0.011446314
2019-07-26,VIX,0.054023616,0.023599012
2019-07-29,VIX,-0.046594772,0.0018531181
2019-07-30,VIX,0.0536343,0.019197455
2019-07-31,VIX,0.08297623,0.0074380306
2019-08-01,VIX,0.14529833,0.010976341
2019-08-02,VIX,0.10306259,0.0122003
2019-08-05,VIX,-0.014656407,0.0069861007
2019-08-06,VIX,0.33387294,0.008875215
2019-08-07,VIX,-0.1981435,0.0037008575
2019-08-08,VIX,-0.03429484,0.0040554134
2019-08-09,VIX,-0.14199635,0.002410606
2019-08-12,VIX,0.060798537,0.008863447
2019-08-13,VIX,0.16009529,0.0065124626
2019-08-14,VIX,-0.1854559,0.0072130635
2019-08-15,VIX,0.23223452,0.011307181
2019-08-16,VIX,-0.04252027,0.0016269427
2019-08-19,VIX,-0.13690954,0.007698307
2019-08-20,VIX,-0.0900183,0.003989541
2019-08-21,VIX,0.03607139,0.0016365953
2019-08-22,VIX,-0.10219094,0.02682812
2019-08-23,VIX,0.054200456,0.0048032883
2019-08-26,VIX,0.17500065,0.0045976634
2019-08-27,VIX,-0.028070228,0.0027001384
2019-08-28,VIX,0.049972545,0.001773441
2019-08-29,VIX,-0.048420954,0.0030972252
2019-08-30,VIX,-0.07900965,0.005107714
2019-09-02,VIX,0.059703022,0.0052579786
2019-09-03,VIX,0.0,0.002794394
2019-09-04,VIX,0.03520032,0.003167858
2019-09-05,VIX,-0.12614702,0.005740895
2019-09-06,VIX,-0.063116185,0.0019123096
2019-09-09,VIX,-0.08127272,0.0012397968
2019-09-10,VIX,0.017839918,0.0018825321
2019-09-11,VIX,-0.0045946916,0.0010262422
2019-09-12,VIX,-0.039589204,0.002442734
2019-09-13,VIX,-0.027056802,0.008298683
2019-09-16,VIX,-0.03433814,0.0076276017
2019-09-17,VIX,0.06549331,0.0029379644
2019-09-18,VIX,-0.015802458,0.0020647685
2019-09-19,VIX,-0.034522627,0.0
2019-09-20,VIX,0.0071428875,0.0021536364
2019-09-23,VIX,0.086536765,0.008752595
2019-09-24,VIX,-0.027127035,0.0011133514
2019-09-25,VIX,0.13411808,0.0006967922
2019-09-26,VIX,-0.06606461,0.0024209653
2019-09-27,VIX,0.006868588,0.0013217254
2019-09-30,VIX,0.06911732,3.7007435e-17
2019-10-01,VIX,-0.058594164,0.006353862
2019-10-02,VIX,0.13353139,1.8503718e-17
2019-10-03,VIX,0.10233872,0.001873242
2019-10-04,VIX,-0.07261253,0.0023604033
2019-10-07,VIX,-0.11517139,0.00788698
2019-10-08,VIX,0.047000054,0.0018322547
2019-10-09,VIX,0.1270716,0.012990165
2019-10-10,VIX,-0.08432537,0.010213381
2019-10-11,VIX,-0.059116907,0.008090028
2019-10-14,VIX,-0.12020486,0.0020784216
2019-10-15,VIX,-0.06702342,0.019703943
2019-10-16,VIX,-0.07331635,0.005987209
2019-10-17,VIX,0.010286645,0.0032968235
2019-10-18,VIX,0.00800878,0.004981774
2019-10-21,VIX,0.032813214,0.008896106
2019-10-22,VIX,-0.017699577,0.0074984883
2019-10-23,VIX,0.03232889,0.0067188777
2019-10-24,VIX,-0.031614855,0.0028940167
2019-10-25,VIX,-0.021645866,0.0061140843
2019-10-28,VIX,-0.08046828,0.003630035
2019-10-29,VIX,0.035718083,0.0016123882
2019-10-30,VIX,0.006841532,0.0067201606
2019-10-31,VIX,-0.068181515,0.0031047356
2019-11-01,VIX,0.06969552,0.0113866795
2019-11-04,VIX,-0.072131574,0.008205949
2019-11-05,VIX,0.042186916,0.0010939332
2019-11-06,VIX,0.020826051,0.0
2019-11-07,VIX,-0.037329372,0.0028864236
2019-11-08,VIX,0.0086785555,0.026945872
2019-11-11,VIX,-0.053238377,0.0011029512
2019-11-12,VIX,0.050091248,0.0036302232
2019-11-13,VIX,-0.0007883327,0.0027426677
2019-11-14,VIX,0.024923408,0.0037189915
2019-11-15,VIX,0.0038387764,0.0025216239
2019-11-18,VIX,-0.07972348,0.0024439478
2019-11-19,VIX,0.033458855,0.02812202
2019-11-20,VIX,0.031598207,0.0013945586
2019-11-21,VIX,-0.0062402696,0.0042791804
2019-11-22,VIX,0.02701824,0.0008570762
2019-11-25,VIX,-0.06205367,0.002522723
2019-11-26,VIX,-0.03883181,0.0
2019-11-27,VIX,-0.028194947,0.0010432316
2019-11-28,VIX,0.01803398,2.1973165e-17
2019-11-29,VIX,0.0,0.0007250325
2019-12-02,VIX,0.07142962,0.026571414
2019-12-03,VIX,0.16674927,0.0027728758
2019-12-04,VIX,0.06805346,0.0017482627
2019-12-05,VIX,-0.075458415,0.002502297
2019-12-06,VIX,-0.01910017,0.0016671959
2019-12-09,VIX,-0.06398771,9.251858e-17
2019-12-10,VIX,0.15226091,0.026585644
2019-12-11,VIX,-0.011414201,0.0
2019-12-12,VIX,-0.045002703,0.012694608
2019-12-13,VIX,-0.072620906,0.02780667
2019-12-16,VIX,-0.09868747,0.0017913613
2019-12-17,VIX,-0.03956915,0.0019876596
2019-12-18,VIX,0.012280138,0.00066309154
2019-12-19,VIX,0.023322327,0.0007629319
2019-12-20,VIX,-0.006379607,0.026743826
2019-12-23,VIX,0.0007996802,0.00048450154
2019-12-24,VIX,0.0079618255,0.0022913194
2019-12-25,VIX,0.0047468445,0.010903361
2019-12-26,VIX,0.0,0.014484167
2019-12-27,VIX,-0.0015797792,0.02884317
2019-12-30,VIX,0.059833795,0.023697104
2019-12-31,VIX,0.09848661,0.0009156202
2019-01-01,AGG,0.002538669,0.15351538
2019-01-02,AGG,0.0,0.21652526
2019-01-03,AGG,0.0007509622,0.15786025
2019-01-04,AGG,0.004120242,0.16595124
2019-01-07,AGG,-0.002994855,0.15952222
2019-01-08,AGG,-0.0016885557,0.1307642
2019-01-09,AGG,-0.0007513854,0.09369121
2019-01-10,AGG,0.0008452689,0.24527636
2019-01-11,AGG,-0.001127184,0.1781918
2019-01-14,AGG,0.0014087816,0.073503144
2019-01-15,AGG,-0.0014087816,0.14887793
2019-01-16,AGG,0.00018795226,0.14314814
2019-01-17,AGG,0.0008453483,0.08942748
2019-01-18,AGG,-0.0007513854,0.19551674
2019-01-21,AGG,-0.0007519504,0.22632843
2019-01-22,AGG,0.0,0.014878193
2019-01-23,AGG,0.00084590446,0.14950782
2019-01-24,AGG,0.0010329124,0.21436222
2019-01-25,AGG,0.0016879224,0.22444297
2019-01-28,AGG,-0.00046858162,0.1403526
2019-01-29,AGG,-0.0005625879,0.2154512
2019-01-30,AGG,0.0026227066,0.20844553
2019-01-31,AGG,0.0022425724,0.15986916
2019-02-01,AGG,0.002982295,0.13539203
2019-02-04,AGG,-0.004570264,0.1367562
2019-02-05,AGG,-0.00084171153,0.24685934
2019-02-06,AGG,0.002149634,0.14463423
2019-02-07,AGG,-0.0005603287,0.19300456
2019-02-08,AGG,0.00046696243,0.15705054
2019-02-11,AGG,0.0022383893,0.18818846
2019-02-12,AGG,-0.0010253065,0.14795583
2019-02-13,AGG,0.00018649758,0.10563015
2019-02-14,AGG,-0.0017731328,0.1478086
2019-02-15,AGG,0.0014933734,0.18532462
2019-02-18,AGG,0.00074585126,0.09929432
2019-02-19,AGG,0.0,0.18416724
2019-02-20,AGG,0.0005590236,0.12115119
2019-02-21,AGG,9.3140225e-05,0.21046183
2019-02-22,AGG,-0.0022377633,0.17570317
2019-02-25,AGG,0.0025171319,0.08162223
2019-02-26,AGG,-0.00027936863,0.14835925
2019-02-27,AGG,0.0011170065,0.1161203
2019-02-28,AGG,-0.0021420263,0.20360991
2019-03-01,AGG,-0.0017729674,0.1335841
2019-03-04,AGG,-0.004117928,0.069820665
2019-03-05,AGG,0.0012184265,0.24278194
2019-03-06,AGG,0.0006554614,0.15816568
2019-03-07,AGG,0.0014965863,0.14476551
2019-03-08,AGG,0.0028000765,0.067724824
2019-03-11,AGG,0.001304024,0.15263942
2019-03-12,AGG,9.3079536e-05,0.17750229
2019-03-13,AGG,0.0018597736,0.257133
2019-03-14,AGG,-0.00046461925,0.16128919
2019-03-15,AGG,-0.0014882339,0.1305471
2019-03-18,AGG,0.0025101115,0.14294465
2019-03-19,AGG,-0.00018571827,0.088016786
2019-03-20,AGG,-0.0005573618,0.064092316
2019-03-21,AGG,0.004080124,0.1711235
2019-03-22,AGG,0.00018506523,0.15992709
2019-03-25,AGG,0.004983859,0.046109438
2019-03-26,AGG,0.0018395884,0.25023443
2019-03-27,AGG,0.00018377286,0.06313163
2019-03-28,AGG,0.002110964,0.15521011
2019-03-29,AGG,9.1680035e-05,0.17927939
2019-04-01,AGG,-9.1680035e-05,0.06898866
2019-04-02,AGG,-0.0069923922,0.18268827
2019-04-03,AGG,0.0011073176,0.16235179
2019-04-04,AGG,-0.0018462111,0.058532625
2019-04-05,AGG,0.0007388935,0.11608085
2019-04-08,AGG,0.000738348,0.09130336
2019-04-09,AGG,-0.0004614036,0.20140979
2019-04-10,AGG,0.00055365876,0.1423791
2019-04-11,AGG,0.0019353953,0.058881924
2019-04-12,AGG,-0.0011976601,0.10617607
2019-04-15,AGG,-0.0019377169,0.22299688
2019-04-16,AGG,-0.00018474043,0.084344715
2019-04-17,AGG,-0.0017567385,0.062816694
2019-04-18,AGG,-9.2545466e-05,0.06429438
2019-04-19,AGG,0.0012948577,0.11427849
2019-04-22,AGG,0.0,0.20251936
2019-04-23,AGG,-0.0012023123,0.07868
2019-04-24,AGG,0.0017567385,0.18060246
2019-04-25,AGG,0.0023068062,0.078804724
2019-04-26,AGG,-9.217014e-05,0.19156744
2019-04-29,AGG,0.0020257833,0.18926717
2019-04-30,AGG,-0.0017492984,0.17239597
2019-05-01,AGG,0.0006448344,0.070072405
2019-05-02,AGG,-0.0017512332,0.22119582
2019-05-03,AGG,-0.0022164767,0.17911637
2019-05-06,AGG,0.0016628179,0.2523753
2019-05-07,AGG,0.001291394,0.08465529
2019-05-08,AGG,0.0011976601,0.1839248
2019-05-09,AGG,-0.00018416207,0.12883706
2019-05-10,AGG,0.0005523845,0.09573143
2019-05-13,AGG,0.00018406037,0.09245505
2019-05-14,AGG,0.0016550206,0.2515051
2019-05-15,AGG,0.0008264843,0.19387066
2019-05-16,AGG,0.0017425602,0.23127487
2019-05-17,AGG,-0.0011919499,0.13992813
2019-05-20,AGG,0.0002751915,0.06286043
2019-05-21,AGG,-0.0013767154,0.1429628
2019-05-22,AGG,-9.184845e-05,0.19225246
2019-05-23,AGG,0.0016519828,0.08721533
2019-05-24,AGG,0.0029301366,0.11051022
2019-05-27,AGG,0.00036566413,0.18783309
2019-05-28,AGG,0.0,0.15744054
2019-05-29,AGG,0.0014613209,0.21781835
2019-05-30,AGG,0.0002737601,0.08319262
2019-05-31,AGG,0.002642491,0.22860105
2019-06-03,AGG,0.0046302686,0.22026962
2019-06-04,AGG,0.0,0.091177024
2019-06-05,AGG,-0.0009062076,0.15506756
2019-06-06,AGG,-0.000544119,0.2336269
2019-06-07,AGG,-0.00018143881,0.20082569
2019-06-10,AGG,0.0028086088,0.14255238
2019-06-11,AGG,-0.00262717,0.1410367
2019-06-12,AGG,-0.00018143881,0.23807232
2019-06-13,AGG,0.0012693809,0.14166445
2019-06-14,AGG,0.0021723397,0.18821707
2019-06-17,AGG,-0.00027128455,0.16534089
2019-06-18,AGG,-0.00027135815,0.20016982
2019-06-19,AGG,0.0027102735,0.22458404
2019-06-20,AGG,0.0034225017,0.13603577
2019-06-21,AGG,0.0017068683,0.1792548
2019-06-24,AGG,-0.0026063917,0.24911898
2019-06-25,AGG,0.0017982383,0.11355711
2019-06-26,AGG,0.0001796461,0.11627482
2019-06-27,AGG,-0.002247899,0.057769645
2019-06-28,AGG,0.0027866438,0.25819483
2019-07-01,AGG,-0.0004489338,0.16218239
2019-07-02,AGG,-0.0015278842,0.206057
2019-07-03,AGG,0.0017972686,0.12816913
2019-07-04,AGG,0.0016147846,0.23602419
2019-07-05,AGG,0.0,0.18382531
2019-07-08,AGG,-0.004221879,0.0893961
2019-07-09,AGG,-0.0005402485,0.22392134
2019-07-10,AGG,-0.00027023375,0.27323157
2019-07-11,AGG,0.00072046113,0.12685111
2019-07-12,AGG,-0.0036978622,0.22646083
2019-07-15,AGG,0.0010837172,0.1841443
2019-07-16,AGG,0.0014431318,0.14491384
2019-07-17,AGG,-0.0010821536,0.17126478
2019-07-18,AGG,0.0026132027,0.1344375
2019-07-19,AGG,0.0016185598,0.16150205
2019-07-22,AGG,-0.001168697,0.19957209
2019-07-23,AGG,0.0012585403,0.23965728
2019-07-24,AGG,-0.0009887196,0.13601427
2019-07-25,AGG,0.0014378148,0.12477419
2019-07-26,AGG,-0.0015277469,0.06985208
2019-07-29,AGG,0.00017985611,0.09659767
2019-07-30,AGG,0.00044949882,0.1295652
2019-07-31,AGG,-8.98836e-05,0.0554971
2019-08-01,AGG,0.00044933724,0.23463273
2019-08-02,AGG,0.0054657185,0.15881623
2019-08-05,AGG,0.00035736623,0.17896828
2019-08-06,AGG,0.004367403,0.16640091
2019-08-07,AGG,0.0026645367,0.10878749
2019-08-08,AGG,-0.0005323396,0.31419057
2019-08-09,AGG,0.0009757396,0.27345255
2019-08-12,AGG,-0.0013307902,0.16803625
2019-08-13,AGG,0.0036333064,0.02367141
2019-08-14,AGG,-0.0014163054,0.025722362
2019-08-15,AGG,0.003095567,0.14090078
2019-08-16,AGG,0.004581506,0.19271962
2019-08-19,AGG,-0.00079145236,0.18075952
2019-08-20,AGG,-0.0026427077,0.12999563
2019-08-21,AGG,0.0027306778,0.1160469
2019-08-22,AGG,-0.0005279367,0.15330042
2019-08-23,AGG,-0.002643872,0.09088307
2019-08-26,AGG,0.004051084,0.052267216
2019-08-27,AGG,-0.00043954112,0.21492104
2019-08-28,AGG,0.0031603924,0.20430805
2019-08-29,AGG,8.764626e-05,0.22595355
2019-08-30,AGG,-0.0006136852,0.18053216
2019-09-02,AGG,0.0008765779,0.20903653
2019-09-03,AGG,0.0,0.19345637
2019-09-04,AGG,-0.0025441959,0.22737876
2019-09-05,AGG,0.0017553102,0.029221285
2019-09-06,AGG,-0.0043059955,0.31671405
2019-09-09,AGG,0.0010562452,0.21904248
2019-09-10,AGG,-0.004231691,0.14481513
2019-09-11,AGG,-0.0054037427,0.24559213
2019-09-12,AGG,0.00017763567,0.21001405
2019-09-13,AGG,-0.0015998582,0.25026768
2019-09-16,AGG,-0.005977624,0.1346209
2019-09-17,AGG,0.0026809669,0.22765665
2019-09-18,AGG,0.00151603,0.18877667
2019-09-19,AGG,0.0011577683,0.15704833
2019-09-20,AGG,0.0014231079,0.122400485
2019-09-23,AGG,0.0036374968,0.25476408
2019-09-24,AGG,0.00044269336,0.12435234
2019-09-25,AGG,0.0027403333,0.10818919
2019-09-26,AGG,-0.0041576424,0.19095369
2019-09-27,AGG,0.0016828311,0.14621289
2019-09-30,AGG,0.0012381712,0.23847783
2019-10-01,AGG,0.00026512306,0.06267982
2019-10-02,AGG,-0.00044191082,0.13192901
2019-10-03,AGG,0.00070696365,0.09632626
2019-10-04,AGG,0.0038793911,0.2483897
2019-10-07,AGG,0.0015826962,5.782412e-19
2019-10-08,AGG,-0.0027273144,0.10343539
2019-10-09,AGG,0.00035232978,0.12311681
2019-10-10,AGG,-0.0005285412,0.22821032
2019-10-11,AGG,-0.0034423443,0.18277255
2019-10-14,AGG,-0.003276804,0.08944339
2019-10-15,AGG,0.0016840243,0.14302444
2019-10-16,AGG,-0.003282036,0.21203235
2019-10-17,AGG,0.0017754111,0.24658978
2019-10-18,AGG,-0.0002661108,0.19944566
2019-10-21,AGG,0.00070947147,0.19962609
2019-10-22,AGG,-0.0027520102,0.14382328
2019-10-23,AGG,0.0015101046,0.24484214
2019-10-24,AGG,0.0007985449,0.15773225
2019-10-25,AGG,0.00026604,0.05797501
2019-10-28,AGG,-0.0014196986,0.22135875
2019-10-29,AGG,-0.002133334,0.19545192
2019-10-30,AGG,8.897985e-05,0.06934993
2019-10-31,AGG,0.0028431828,0.1285071
2019-11-01,AGG,0.0038962238,0.17593151
2019-11-04,AGG,-0.0019462144,0.29796004
2019-11-05,AGG,-0.0024824908,0.12670529
2019-11-06,AGG,-0.00373533,0.12625463
2019-11-07,AGG,0.0015136005,0.25300846
2019-11-08,AGG,-0.0047264546,0.1593725
2019-11-11,AGG,-0.0005364807,0.11277944
2019-11-12,AGG,0.00017885889,0.14644916
2019-11-13,AGG,0.001072482,0.122577064
2019-11-14,AGG,0.0017849179,0.17540447
2019-11-15,AGG,0.0028492585,0.20855552
2019-11-18,AGG,-0.0005336179,0.23545964
2019-11-19,AGG,0.0018664184,0.19042589
2019-11-20,AGG,0.0007101012,0.086212784
2019-11-21,AGG,0.0023928757,0.18105529
2019-11-22,AGG,-0.0014173092,0.11872355
2019-11-25,AGG,0.00053172634,0.13968785
2019-11-26,AGG,0.00097409793,0.12735406
2019-11-27,AGG,0.0014151781,0.08992663
2019-11-28,AGG,-0.0012381712,0.1396919
2019-11-29,AGG,0.0,0.17160295
2019-12-02,AGG,-0.0012397062,0.11208224
2019-12-03,AGG,-0.0032837838,0.09894533
2019-12-04,AGG,0.00452349,0.17241275
2019-12-05,AGG,-0.0016828311,0.18985096
2019-12-06,AGG,-0.0011530446,0.16512935
2019-12-09,AGG,-0.0014209594,0.13504797
2019-12-10,AGG,0.00053309643,0.07958816
2019-12-11,AGG,-0.00035536604,0.08036767
2019-12-12,AGG,0.002662172,0.1785068
2019-12-13,AGG,-0.0042628837,0.11698918
2019-12-16,AGG,0.0039969855,0.2092569
2019-12-17,AGG,-0.0020409075,0.13765341
2019-12-18,AGG,8.882178e-05,0.10194819
2019-12-19,AGG,-0.0019559038,0.124992386
2019-12-20,AGG,-0.0006231362,0.036042385
2019-12-23,AGG,0.00017807854,0.13834639
2019-12-24,AGG,-0.0007125045,0.11192581
2019-12-25,AGG,0.0012465499,0.05306692
2019-12-26,AGG,0.0,0.12132853
2019-12-27,AGG,0.0008894424,0.09420672
2019-12-30,AGG,0.001332682,0.08403671
2019-12-31,AGG,0.0,0.21645674
2019-01-01,DBC,0.002764342,0.04313668
2019-01-02,DBC,0.0,9.868463e-18
2019-01-03,DBC,0.0027567213,0.06463093
2019-01-04,DBC,0.008224858,0.033028204
2019-01-07,DBC,0.01355953,5.5732617e-19
2019-01-08,DBC,0.0073801074,0.095226675
2019-01-09,DBC,0.009976803,0.0054765595
2019-01-10,DBC,0.019659873,0.0
2019-01-11,DBC,-0.0025990917,0.0723076
2019-01-14,DBC,-0.0032583931,0.048899375
2019-01-15,DBC,-0.008521847,0.0
2019-01-16,DBC,0.007868893,0.030642461
2019-01-17,DBC,0.0052117384,0.0
2019-01-18,DBC,0.0006495616,1.3489173e-17
2019-01-21,DBC,0.01033601,0.037268087
2019-01-22,DBC,0.0,0.009434097
2019-01-23,DBC,-0.0070945155,0.0582525
2019-01-24,DBC,-0.001295337,0.0
2019-01-25,DBC,0.0025889983,0.060449902
2019-01-28,DBC,0.005157974,0.082406014
2019-01-29,DBC,-0.013596843,0.075935684
2019-01-30,DBC,0.009730859,0.0
2019-01-31,DBC,0.0070762597,0.038000967
2019-02-01,DBC,-0.0051413993,1.996739e-18
2019-02-04,DBC,0.0089801755,3.1719955e-18
2019-02-05,DBC,0.0006383658,0.0217852
2019-02-06,DBC,-0.004477142,0.0054857014
2019-02-07,DBC,0.0012812301,0.02437289
2019-02-08,DBC,-0.00964948,0.07320249
2019-02-11,DBC,0.0012919898,0.004600736
2019-02-12,DBC,-0.005827145,0.017490033
2019-02-13,DBC,0.005827145,0.07564226
2019-02-14,DBC,0.005793386,3.6320773e-18
2019-02-15,DBC,0.002564104,0.086524926
2019-02-18,DBC,0.018395698,1.3877788e-17
2019-02-19,DBC,0.0,0.07262266
2019-02-20,DBC,0.002510987,0.063857526
2019-02-21,DBC,0.003129893,0.052510437
2019-02-22,DBC,0.0031201274,0.0010240506
2019-02-25,DBC,0.0024891114,5.7824114e-18
2019-02-26,DBC,-0.015028461,0.020870173
2019-02-27,DBC,0.00440668,0.013378605
2019-02-28,DBC,0.005012542,0.0008720232
2019-03-01,DBC,-0.0025031301,0.04644125
2019-03-04,DBC,-0.011342277,0.026462832
2019-03-05,DBC,0.0031635584,0.08714856
2019-03-06,DBC,0.0050409683,8.4851765e-18
2019-03-07,DBC,-0.00567288,0.0024648195
2019-03-08,DBC,-0.002531647,0.016352111
2019-03-11,DBC,-0.00063391443,6.5500665e-20
2019-03-12,DBC,0.0012674273,0.011513602
2019-03-13,DBC,0.006313152,0.0
2019-03-14,DBC,0.0062735463,0.0
2019-03-15,DBC,-0.0043873466,0.0026818686
2019-03-18,DBC,0.0,0.0
2019-03-19,DBC,0.005012542,0.0
2019-03-20,DBC,0.0024968802,0.12284481
2019-03-21,DBC,0.0074534505,0.007353923
2019-03-22,DBC,-0.0049627894,0.10354732
2019-03-25,DBC,-0.00874459,4.201745e-18
2019-03-26,DBC,0.0037570489,0.034790214
2019-03-27,DBC,0.0018732444,0.017910404
2019-03-28,DBC,-0.0056302934,4.69994e-20
2019-03-29,DBC,-0.0031416928,1.9878323e-18
2019-04-01,DBC,0.00062912866,0.045759633
2019-04-02,DBC,0.00938974,0.01818937
2019-04-03,DBC,0.0024891114,0.100007586
2019-04-04,DBC,0.0012422362,0.09420761
2019-04-05,DBC,0.0006205399,0.056152146
2019-04-08,DBC,0.0030969365,0.039076433
2019-04-09,DBC,0.0037037078,0.0
2019-04-10,DBC,-0.0018501392,0.0
2019-04-11,DBC,0.008604847,2.6467108e-18
2019-04-12,DBC,-0.004907985,1.7347235e-18
2019-04-15,DBC,0.0030703126,1.1858461e-19
2019-04-16,DBC,-0.001841056,0.034104206
2019-04-17,DBC,-0.003692312,0.010960515
2019-04-18,DBC,-0.0037059956,0.00035931758
2019-04-19,DBC,0.0030892827,0.0
2019-04-22,DBC,0.0,9.468699e-18
2019-04-23,DBC,0.004923087,0.0
2019-04-24,DBC,0.001226994,0.0130646555
2019-04-25,DBC,-0.003685508,1.0408341e-17
2019-04-26,DBC,-0.00184786,3.6140073e-20
2019-04-29,DBC,-0.011783082,0.0
2019-04-30,DBC,0.00062363583,0.0
2019-05-01,DBC,0.0031123585,0.0
2019-05-02,DBC,-0.0031123585,0.0028484864
2019-05-03,DBC,-0.011285386,1.5432547e-19
2019-05-06,DBC,0.0006303183,0.0
2019-05-07,DBC,0.0031456458,0.0
2019-05-08,DBC,-0.012642394,0.0
2019-05-09,DBC,0.001271456,0.0054480494
2019-05-10,DBC,-0.0050955527,0.0039027531
2019-05-13,DBC,0.0019138762,0.0
2019-05-14,DBC,-0.005111832,0.0
2019-05-15,DBC,0.013363228,0.0
2019-05-16,DBC,0.00881063,5.782412e-19
2019-05-17,DBC,0.0056232577,6.866614e-19
2019-05-20,DBC,-0.00938974,0.057984736
2019-05-21,DBC,0.004392853,0.0
2019-05-22,DBC,0.0006259781,0.00035986386
2019-05-23,DBC,-0.014497575,0.0
2019-05-24,DBC,-0.021174997,0.05446412
2019-05-27,DBC,0.013526776,0.0
2019-05-28,DBC,0.0,0.05518071
2019-05-29,DBC,0.00828294,7.228015e-20
2019-05-30,DBC,-0.003814372,0.05325094
2019-05-31,DBC,-0.010243367,6.4329328e-18
2019-06-03,DBC,-0.026737817,4.4867252e-18
2019-06-04,DBC,-0.0033101651,0.09677562
2019-06-05,DBC,0.005950431,0.0
2019-06-06,DBC,-0.020646755,0.0010484494
2019-06-07,DBC,0.017345332,0.0
2019-06-10,DBC,0.0033014226,0.0
2019-06-11,DBC,-0.0026402655,0.0
2019-06-12,DBC,0.006587639,0.0
2019-06-13,DBC,-0.01388452,0.0026164688
2019-06-14,DBC,0.01257046,0.020700928
2019-06-17,DBC,0.003937013,1.0266019e-17
2019-06-18,DBC,-0.0045946916,0.0
2019-06-19,DBC,0.011772537,4.548132e-18
2019-06-20,DBC,-0.0019524901,0.0007676576
2019-06-21,DBC,0.019994216,0.0
2019-06-24,DBC,0.0025510218,1.2966764e-19
2019-06-25,DBC,0.0044486886,0.00039501107
2019-06-26,DBC,0.0031655615,2.646614e-18
2019-06-27,DBC,0.005044147,0.0
2019-06-28,DBC,0.0,3.127575e-18
2019-07-01,DBC,-0.010749392,0.05325929
2019-07-02,DBC,-0.00063593005,7.235484e-05
2019-07-03,DBC,-0.016677745,0.029282276
2019-07-04,DBC,0.009655692,0.0
2019-07-05,DBC,0.0,0.0
2019-07-08,DBC,0.0019200005,0.0
2019-07-09,DBC,-0.0012795907,0.092098996
2019-07-10,DBC,0.0031959119,0.0058058677
2019-07-11,DBC,0.021465471,1.8659083e-18
2019-07-12,DBC,0.00062441465,0.008726845
2019-07-15,DBC,0.0024937668,0.0
2019-07-16,DBC,-0.010641728,0.0
2019-07-17,DBC,-0.010756194,5.6729523e-18
2019-07-18,DBC,-0.008945746,0.025324428
2019-07-19,DBC,-0.007085376,0.0
2019-07-22,DBC,0.005800854,2.7971314e-17
2019-07-23,DBC,-0.0032185416,3.035766e-18
2019-07-24,DBC,0.006426757,0.013613925
2019-07-25,DBC,-0.0044943895,1.3269175e-19
2019-07-26,DBC,-0.0038684767,0.1313891
2019-07-29,DBC,0.0012911558,4.2416316e-18
2019-07-30,DBC,0.0038634948,0.026339628
2019-07-31,DBC,0.005767398,0.0
2019-08-01,DBC,-0.0064102784,0.0
2019-08-02,DBC,-0.028042268,7.618341e-18
2019-08-05,DBC,0.0013218772,0.0
2019-08-06,DBC,-0.008623603,0.012612988
2019-08-07,DBC,-0.005344034,0.026181245
2019-08-08,DBC,-0.012807725,3.1619478e-19
2019-08-09,DBC,0.005412733,0.0
2019-08-12,DBC,0.00873368,1.7708636e-18
2019-08-13,DBC,-0.007385062,4.0621095e-19
2019-08-14,DBC,0.023311079,4.919743e-19
2019-08-15,DBC,-0.015257344,0.0025825105
2019-08-16,DBC,-0.008053735,1.4984991e-19
2019-08-19,DBC,-0.0006740816,0.03387561
2019-08-20,DBC,0.0047090566,0.00365214
2019-08-21,DBC,0.0026809669,0.008306322
2019-08-22,DBC,0.0033411323,0.050542273
2019-08-23,DBC,-0.0046807174,0.032703504
2019-08-26,DBC,-0.0073999665,0.028107315
2019-08-27,DBC,-0.0006754475,0.00037033434
2019-08-28,DBC,0.006734032,0.0
2019-08-29,DBC,0.0086869905,0.0
2019-08-30,DBC,0.0026578088,0.0
2019-09-02,DBC,-0.016053857,2.1000075e-20
2019-09-03,DBC,0.0,0.0009030634
2019-09-04,DBC,-0.0054090736,0.0
2019-09-05,DBC,0.023451662,0.053341314
2019-09-06,DBC,-0.0013253812,0.0
2019-09-09,DBC,0.002649008,0.03120948
2019-09-10,DBC,0.009216655,0.005550941
2019-09-11,DBC,0.0013097579,0.023186918
2019-09-12,DBC,-0.0072249905,0.009176037
2019-09-13,DBC,-0.003963017,0.0
2019-09-16,DBC,0.0,1.7201007e-18
2019-09-17,DBC,0.043386538,0.0060537243
2019-09-18,DBC,-0.019194447,0.0
2019-09-19,DBC,-0.0064809043,1.2999367e-05
2019-09-20,DBC,0.005188079,3.0088997e-19
2019-09-23,DBC,0.001292825,1.8792838e-18
2019-09-24,DBC,0.0025806467,0.0
2019-09-25,DBC,-0.011665719,0.01714498
2019-09-26,DBC,-0.005884293,0.0010817061
2019-09-27,DBC,0.0,0.028476313
2019-09-30,DBC,-0.0039421865,0.0
2019-10-01,DBC,-0.009923998,4.989024e-18
2019-10-02,DBC,-0.0006651148,0.020387093
2019-10-03,DBC,-0.0086869905,0.0
2019-10-04,DBC,-0.0013431836,5.2614097e-18
2019-10-07,DBC,0.008032172,0.0018500756
2019-10-08,DBC,-0.001334223,4.526839e-05
2019-10-09,DBC,-0.00066777965,0.0009111679
2019-10-10,DBC,0.0026684473,0.008795823
2019-10-11,DBC,0.0066401307,0.0
2019-10-14,DBC,0.011842243,0.02201279
2019-10-15,DBC,-0.0045886673,0.0
2019-10-16,DBC,-0.0026315805,2.3129647e-18
2019-10-17,DBC,0.0013166559,0.0
2019-10-18,DBC,0.003939598,5.0957502e-18
2019-10-21,DBC,-0.0006555228,1.8983567e-20
2019-10-22,DBC,-0.0013123362,0.0034831886
2019-10-23,DBC,0.0013123362,0.0
2019-10-24,DBC,0.012382042,0.020024993
2019-10-25,DBC,0.00516797,0.022588966
2019-10-28,DBC,0.0057822196,0.0
2019-10-29,DBC,-0.003851096,0.002718669
2019-10-30,DBC,-0.0019311239,0.0066462927
2019-10-31,DBC,-0.0064641465,0.015016672
2019-11-01,DBC,-0.0058536753,0.00015490885
2019-11-04,DBC,0.018100042,3.2052022e-18
2019-11-05,DBC,0.0063857175,0.010382622
2019-11-06,DBC,0.002542913,0.0012552066
2019-11-07,DBC,-0.010852325,6.9735564e-05
2019-11-08,DBC,-0.0006420546,0.058086727
2019-11-11,DBC,0.0025657488,0.022428786
2019-11-12,DBC,-0.006426757,0.028750354
2019-11-13,DBC,0.00064453756,0.021223381
2019-11-14,DBC,0.0019311239,0.009046254
2019-11-15,DBC,-0.0032206147,0.07400364
2019-11-18,DBC,0.0051480164,0.020605048
2019-11-19,DBC,-0.010322672,0.02350691
2019-11-20,DBC,-0.009120584,0.0108361
2019-11-21,DBC,0.013004084,0.040851716
2019-11-22,DBC,0.009003276,0.033026606
2019-11-25,DBC,-0.0006404099,0.0068138386
2019-11-26,DBC,0.0,0.008199824
2019-11-27,DBC,0.005748978,0.017316904
2019-11-28,DBC,-0.005108568,0.0
2019-11-29,DBC,0.0,0.013560406
2019-12-02,DBC,-0.020045934,0.054421697
2019-12-03,DBC,-0.0013071897,1.1562344e-18
2019-12-04,DBC,0.00065380847,0.020600619
2019-12-05,DBC,0.015564516,7.0183903e-20
2019-12-06,DBC,0.0019286409,0.012098028
2019-12-09,DBC,0.0064020706,0.020664716
2019-12-10,DBC,-0.0012771394,0.05402656
2019-12-11,DBC,0.00446287,0.011132486
2019-12-12,DBC,-0.00446287,2.522548e-17
2019-12-13,DBC,0.008905911,0.023548063
2019-12-16,DBC,0.0050537065,1.8007846e-05
2019-12-17,DBC,0.006907406,0.0026497373
2019-12-18,DBC,0.004370909,0.035912562
2019-12-19,DBC,0.00062285893,0.029563447
2019-12-20,DBC,0.0043491838,0.023468606
2019-12-23,DBC,-0.0012406949,0.062488217
2019-12-24,DBC,-0.015639981,0.015289093
2019-12-25,DBC,0.004403908,0.0092929015
2019-12-26,DBC,0.0,0.0
2019-12-27,DBC,0.007504726,0.011006316
2019-12-30,DBC,0.0018674142,0.03796048
2019-12-31,DBC,-0.0018674142,0.0
2019-01-01,HYG,0.00074010115,0.059441857
2019-01-02,HYG,0.0,0.30977696
2019-01-03,HYG,-0.0013572709,0.11867809
2019-01-04,HYG,0.0004937662,0.27225563
2019-01-07,HYG,0.016644614,0.13967855
2019-01-08,HYG,0.009663078,0.13980238
2019-01-09,HYG,0.006470188,0.3054217
2019-01-10,HYG,0.0011936025,0.31439728
2019-01-11,HYG,0.0039288104,0.079422645
2019-01-14,HYG,-0.003213332,0.3158609
2019-01-15,HYG,-0.003223691,0.22144255
2019-01-16,HYG,0.0033428876,0.20617467
2019-01-17,HYG,0.0015482645,0.22883597
2019-01-18,HYG,0.0027333787,0.32062978
2019-01-21,HYG,0.0028442778,0.11872729
2019-01-22,HYG,0.0,0.30392328
2019-01-23,HYG,-0.0066492762,0.06877023
2019-01-24,HYG,0.002023208,0.28353
2019-01-25,HYG,0.0010694553,0.056313407
2019-01-28,HYG,0.0024909568,0.14965364
2019-01-29,HYG,-0.001541289,0.0688474
2019-01-30,HYG,-0.0005934366,0.2032746
2019-01-31,HYG,0.007922941,0.068997614
2019-02-01,HYG,0.0024704442,0.3103802
2019-02-04,HYG,-0.0050650914,0.18590198
2019-02-05,HYG,0.002359048,0.09259957
2019-02-06,HYG,0.0035281703,0.06887368
2019-02-07,HYG,-0.0009396289,0.091756664
2019-02-08,HYG,-0.0034135752,0.08414868
2019-02-11,HYG,-0.00023584906,0.29403245
2019-02-12,HYG,0.0004716425,0.19225559
2019-02-13,HYG,0.0048215534,0.16601597
2019-02-14,HYG,-0.0014087816,0.10021116
2019-02-15,HYG,0.0001174743,0.13883391
2019-02-18,HYG,0.0031666008,0.12092499
2019-02-19,HYG,0.0,0.04974542
2019-02-20,HYG,0.00035122636,0.09329347
2019-02-21,HYG,0.0008190488,0.08361342
2019-02-22,HYG,-0.0009361105,0.2409471
2019-02-25,HYG,0.0019881886,0.20877063
2019-02-26,HYG,0.0008175183,0.26920888
2019-02-27,HYG,0.0012833228,0.16085798
2019-02-28,HYG,0.00034971148,0.10406589
2019-03-01,HYG,-0.00058292045,0.0677488
2019-03-04,HYG,-0.0016339873,0.07493762
2019-03-05,HYG,-0.0015196683,0.16121183
2019-03-06,HYG,-0.00046805525,0.26858127
2019-03-07,HYG,-0.0016399208,0.06664166
2019-03-08,HYG,-0.00070364727,0.24071734
2019-03-11,HYG,-0.0016437717,0.18415725
2019-03-12,HYG,0.0032848457,0.24444586
2019-03-13,HYG,0.0017553102,0.18389907
2019-03-14,HYG,0.0026855057,0.042450752
2019-03-15,HYG,-0.00069987174,0.26801765
2019-03-18,HYG,0.0009330535,0.31161907
2019-03-19,HYG,-0.00034979303,0.2827886
2019-03-20,HYG,0.00058292045,0.108848654
2019-03-21,HYG,0.004303083,0.089587696
2019-03-22,HYG,-0.00023212627,0.11327656
2019-03-25,HYG,-0.0036048647,0.20012026
2019-03-26,HYG,-0.0003495485,0.06775764
2019-03-27,HYG,0.0024442775,0.15530488
2019-03-28,HYG,0.00069726905,0.14483918
2019-03-29,HYG,0.0019729596,0.08794134
2019-04-01,HYG,0.0025474771,0.17116903
2019-04-02,HYG,-0.004636614,0.098846406
2019-04-03,HYG,0.00046463005,0.090574935
2019-04-04,HYG,0.0003483309,0.3222828
2019-04-05,HYG,0.0015080335,0.12618983
2019-04-08,HYG,0.0018529247,0.07667616
2019-04-09,HYG,-0.00057867024,0.27632856
2019-04-10,HYG,-0.00069484656,0.10127672
2019-04-11,HYG,0.004392563,0.04280375
2019-04-12,HYG,0.0014983002,0.0991866
2019-04-15,HYG,0.0014960588,0.17487694
2019-04-16,HYG,-0.00069021055,0.10324614
2019-04-17,HYG,-0.0005755396,0.25389862
2019-04-18,HYG,-0.00242089,0.020069381
2019-04-19,HYG,0.00046157397,0.21334791
2019-04-22,HYG,0.0,0.070812635
2019-04-23,HYG,-0.001732002,0.09142037
2019-04-24,HYG,0.0034610094,0.082018696
2019-04-25,HYG,-0.0013829666,0.14356655
2019-04-26,HYG,0.00046120145,0.05678948
2019-04-29,HYG,0.0025328128,0.25733113
2019-04-30,HYG,-0.0004600345,0.09316728
2019-05-01,HYG,0.000115028466,0.28496623
2019-05-02,HYG,-0.007504509,0.049838632
2019-05-03,HYG,0.00069508806,0.019208616
2019-05-06,HYG,0.0025445307,0.22769035
2019-05-07,HYG,0.00046194711,0.18027394
2019-05-08,HYG,-0.0060220216,0.28338638
2019-05-09,HYG,0.00034841182,0.1891849
2019-05-10,HYG,-0.001510662,0.19174077
2019-05-13,HYG,0.0027871346,0.25945103
2019-05-14,HYG,-0.00920377,0.28628126
2019-05-15,HYG,0.0022213138,0.26446927
2019-05-16,HYG,0.0009338159,0.277423
2019-05-17,HYG,0.0030288934,0.06759338
2019-05-20,HYG,-0.00034901983,0.06885357
2019-05-21,HYG,-0.00093131553,0.26832312
2019-05-22,HYG,0.00313972,0.28744683
2019-05-23,HYG,0.0008123949,0.14961049
2019-05-24,HYG,-0.005000883,0.13785079
2019-05-27,HYG,-0.0014000703,0.014182203
2019-05-28,HYG,0.0,0.31097957
2019-05-29,HYG,-0.0009344703,0.12648587
2019-05-30,HYG,-0.0026914766,0.17791073
2019-05-31,HYG,0.002106989,0.21420182
2019-06-03,HYG,-0.007276173,0.21107821
2019-06-04,HYG,-0.0029489847,0.13877583
2019-06-05,HYG,0.009991268,0.13165984
2019-06-06,HYG,0.0023364497,0.15704489
2019-06-07,HYG,0.0020981473,0.06608491
2019-06-10,HYG,0.0025584383,0.29909217
2019-06-11,HYG,0.0015087335,0.2834423
2019-06-12,HYG,0.0013906596,0.09078652
2019-06-13,HYG,-0.0023188416,0.12936105
2019-06-14,HYG,0.0023188416,0.14473042
2019-06-17,HYG,-0.00069508806,0.1662309
2019-06-18,HYG,-0.0015076837,0.21794277
2019-06-19,HYG,0.0069396533,0.0895469
2019-06-20,HYG,0.004714549,0.09588995
2019-06-21,HYG,0.0050349114,0.27000013
2019-06-24,HYG,-0.0032011003,0.18254104
2019-06-25,HYG,-0.00011451475,0.06806264
2019-06-26,HYG,-0.004246291,0.18673089
2019-06-27,HYG,-0.00046014035,0.2346461
2019-06-28,HYG,0.0027576715,0.20772392
2019-07-01,HYG,0.00034417486,0.090308845
2019-07-02,HYG,-0.004137937,0.097850345
2019-07-03,HYG,0.0021860448,0.08906602
2019-07-04,HYG,0.0037854936,0.09730914
2019-07-05,HYG,0.0,0.26639292
2019-07-08,HYG,-0.0040153787,0.16001645
2019-07-09,HYG,-0.0019561597,0.13966808
2019-07-10,HYG,-0.0011524722,0.110241376
2019-07-11,HYG,0.002763705,0.26038086
2019-07-12,HYG,-0.0019568352,0.10942035
2019-07-15,HYG,0.0016117895,0.24759816
2019-07-16,HYG,0.0006899724,0.3035789
2019-07-17,HYG,-0.002071347,0.20354779
2019-07-18,HYG,-0.0012679386,0.11594412
2019-07-19,HYG,0.00046125462,0.26415387
2019-07-22,HYG,-0.0017308029,0.10769871
2019-07-23,HYG,0.0033435207,0.25010195
2019-07-24,HYG,0.0017250306,0.080584705
2019-07-25,HYG,0.00080399704,0.052726157
2019-07-26,HYG,-0.0013786767,0.21853425
2019-07-29,HYG,0.0021820278,0.0771496
2019-07-30,HYG,-0.0014924519,0.09469108
2019-07-31,HYG,0.00045945327,0.17172666
2019-08-01,HYG,-0.0017240393,0.28241736
2019-08-02,HYG,-0.004727596,0.28269124
2019-08-05,HYG,-0.0015036727,0.09187544
2019-08-06,HYG,-0.010472518,0.22379306
2019-08-07,HYG,0.0064128945,0.029498097
2019-08-08,HYG,-0.000116231764,0.005300679
2019-08-09,HYG,0.0039443206,0.045273375
2019-08-12,HYG,-0.0013903374,0.21099289
2019-08-13,HYG,-0.003484324,0.09062386
2019-08-14,HYG,0.0044114306,0.058472734
2019-08-15,HYG,-0.008959278,0.09558302
2019-08-16,HYG,0.0029176655,0.098179296
2019-08-19,HYG,0.0033738615,0.08041623
2019-08-20,HYG,0.0028993932,0.105124526
2019-08-21,HYG,0.0008103259,0.09804494
2019-08-22,HYG,0.004272277,0.069081366
2019-08-23,HYG,0.0018418331,0.2241322
2019-08-26,HYG,-0.004610959,0.09739984
2019-08-27,HYG,0.0049559255,0.12146133
2019-08-28,HYG,-0.00045998162,0.12545827
2019-08-29,HYG,0.0024125464,0.09198545
2019-08-30,HYG,0.0010321693,0.11384906
2019-09-02,HYG,-0.00091743126,0.081433214
2019-09-03,HYG,0.0,0.037869383
2019-09-04,HYG,-0.007138775,0.09294621
2019-09-05,HYG,0.0020778028,0.06785149
2019-09-06,HYG,0.0039129984,2.3319532e-19
2019-09-09,HYG,0.0009184846,0.082379386
2019-09-10,HYG,0.0010322877,0.13869469
2019-09-11,HYG,0.00057303306,0.051448155
2019-09-12,HYG,-0.00011458035,0.112719245
2019-09-13,HYG,0.0005727705,0.09483794
2019-09-16,HYG,-0.0018340216,0.15878135
2019-09-17,HYG,0.0035503674,0.08666032
2019-09-18,HYG,0.0005714612,0.09176192
2019-09-19,HYG,-0.0005714612,0.14309894
2019-09-20,HYG,-0.0011439031,0.11606593
2019-09-23,HYG,0.0012582215,0.1117031
2019-09-24,HYG,-0.00045735194,0.14788146
2019-09-25,HYG,-0.0013733122,0.078893565
2019-09-26,HYG,-0.0010312232,0.09157657
2019-09-27,HYG,-0.0006880734,0.054240536
2019-09-30,HYG,-0.0011478422,0.16482839
2019-10-01,HYG,0.0011478422,0.08904734
2019-10-02,HYG,-0.006329499,0.0945962
2019-10-03,HYG,-0.005905187,0.0808217
2019-10-04,HYG,0.00058048416,0.07829025
2019-10-07,HYG,0.003128805,0.08853129
2019-10-08,HYG,-0.00081023213,0.12744755
2019-10-09,HYG,-0.0037123011,0.11708068
2019-10-10,HYG,0.0030172938,0.057931937
2019-10-11,HYG,0.0012738118,0.08811076
2019-10-14,HYG,0.00415753,0.12896049
2019-10-15,HYG,0.00069124426,0.11763922
2019-10-16,HYG,0.0021857931,0.10521856
2019-10-17,HYG,-0.0008047365,0.059893183
2019-10-18,HYG,0.0013791521,0.008100533
2019-10-21,HYG,0.00022967387,0.06708197
2019-10-22,HYG,0.0003444119,0.182615
2019-10-23,HYG,0.00022954207,0.13432461
2019-10-24,HYG,0.00091764174,0.11228652
2019-10-25,HYG,0.0011458693,0.07996899
2019-10-28,HYG,0.00080132793,0.08026283
2019-10-29,HYG,-0.000114436116,0.08076094
2019-10-30,HYG,-0.0018327611,0.09326297
2019-10-31,HYG,-0.0012619746,0.0572989
2019-11-01,HYG,-0.0034498654,0.11530307
2019-11-04,HYG,0.00011518747,0.14055371
2019-11-05,HYG,0.0020711087,0.06451235
2019-11-06,HYG,-0.0010350182,0.07632957
2019-11-07,HYG,-0.001151278,0.10947635
2019-11-08,HYG,-0.00046088258,0.09797747
2019-11-11,HYG,0.0009215529,0.06583938
2019-11-12,HYG,-0.00057587103,0.09676221
2019-11-13,HYG,0.0002303882,0.12433124
2019-11-14,HYG,-0.0010371652,0.1512081
2019-11-15,HYG,-0.000576668,0.040489327
2019-11-18,HYG,0.0029950489,0.12915634
2019-11-19,HYG,-0.0012660415,0.052830454
2019-11-20,HYG,-0.003576583,0.07779132
2019-11-21,HYG,-0.002082611,0.090108365
2019-11-22,HYG,0.00023161552,0.074321136
2019-11-25,HYG,0.0038139313,0.08752948
2019-11-26,HYG,0.0026496185,0.065377496
2019-11-27,HYG,0.0011498219,0.16276601
2019-11-28,HYG,0.001263279,0.10236502
2019-11-29,HYG,0.0,0.08200623
2019-12-02,HYG,-0.0021830306,0.17531474
2019-12-03,HYG,-0.0046114908,0.07211186
2019-12-04,HYG,-0.0013876043,0.10556515
2019-12-05,HYG,0.0030040462,0.22859044
2019-12-06,HYG,0.0014986458,0.10892146
2019-12-09,HYG,0.0013813747,0.05100304
2019-12-10,HYG,0.0,0.055527274
2019-12-11,HYG,0.0024128235,0.0730106
2019-12-12,HYG,0.002063511,0.33333334
2019-12-13,HYG,0.002287807,0.08448139
2019-12-16,HYG,0.0010278081,0.05156975
2019-12-17,HYG,0.0019385376,0.07306923
2019-12-18,HYG,0.0030711507,0.060004115
2019-12-19,HYG,0.0018155003,0.15700777
2019-12-20,HYG,-0.004089521,0.1263914
2019-12-23,HYG,-0.0014808911,0.11065846
2019-12-24,HYG,0.0004558924,0.057825174
2019-12-25,HYG,0.00079731195,0.07598902
2019-12-26,HYG,0.0,0.18499658
2019-12-27,HYG,0.0014790378,0.08468469
2019-12-30,HYG,-0.0004548556,0.14472851
2019-12-31,HYG,-0.00068267155,0.25101662
2019-01-01,LQD,0.0027515218,0.11794279
2019-01-02,LQD,0.0,0.090575926
2019-01-03,LQD,0.0030974846,0.16164845
2019-01-04,LQD,0.00044171565,0.14596173
2019-01-07,LQD,-0.0006184565,0.17381111
2019-01-08,LQD,8.8374356e-05,0.20256913
2019-01-09,LQD,0.0022068245,0.2095719
2019-01-10,LQD,0.003784383,0.085039794
2019-01-11,LQD,-0.002638756,0.07571889
2019-01-14,LQD,0.00184786,0.20945835
2019-01-15,LQD,-0.0026408467,0.1844554
2019-01-16,LQD,0.00061682164,0.10685186
2019-01-17,LQD,0.001936109,0.16057251
2019-01-18,LQD,0.002020114,0.12807384
2019-01-21,LQD,0.0017533099,0.107004896
2019-01-22,LQD,0.0,0.29014242
2019-01-23,LQD,0.0016628017,0.18101831
2019-01-24,LQD,0.0025326419,0.09354467
2019-01-25,LQD,0.002613242,0.049652554
2019-01-28,LQD,0.0008695653,0.043327074
2019-01-29,LQD,-0.00017385258,0.010837833
2019-01-30,LQD,0.002170988,0.124887794
2019-01-31,LQD,0.0045869653,0.0988859
2019-02-01,LQD,0.0069698687,0.17174515
2019-02-04,LQD,-0.0054168054,0.19657715
2019-02-05,LQD,-0.0013803815,0.086473994
2019-02-06,LQD,0.0040494604,0.17549591
2019-02-07,LQD,-0.001893451,0.048572104
2019-02-08,LQD,-0.00017230981,0.1762828
2019-02-11,LQD,0.002495591,0.10277147
2019-02-12,LQD,-0.0022371374,0.14995629
2019-02-13,LQD,0.0013772921,0.04645937
2019-02-14,LQD,-0.0025839808,0.18552475
2019-02-15,LQD,0.0011205449,0.14800872
2019-02-18,LQD,0.001205338,0.23403901
2019-02-19,LQD,0.0,0.09662095
2019-02-20,LQD,0.00060212467,0.20537001
2019-02-21,LQD,-0.0008602891,0.104593046
2019-02-22,LQD,-0.0028442165,0.15763016
2019-02-25,LQD,0.0044781337,0.2517111
2019-02-26,LQD,-0.00034376074,0.1297487
2019-02-27,LQD,0.0015459936,0.21179675
2019-02-28,LQD,-0.00283615,0.09588274
2019-03-01,LQD,-0.0013780039,0.19782476
2019-03-04,LQD,-0.0048380224,0.1545838
2019-03-05,LQD,0.0022491359,0.08475057
2019-03-06,LQD,0.00034557236,0.15804237
2019-03-07,LQD,0.0009497087,0.17343368
2019-03-08,LQD,0.0032738894,0.26560852
2019-03-11,LQD,0.00128938,0.12145357
2019-03-12,LQD,0.0011161194,0.069475956
2019-03-13,LQD,0.0027420754,0.076200314
2019-03-14,LQD,-0.0016272003,0.11182826
2019-03-15,LQD,-0.001973318,0.20278624
2019-03-18,LQD,0.0036005182,0.19038868
2019-03-19,LQD,-0.0005135667,0.22296534
2019-03-20,LQD,0.00017121821,0.101266645
2019-03-21,LQD,0.006739777,0.15353674
2019-03-22,LQD,0.0018688418,0.15977053
2019-03-25,LQD,0.006091905,0.26733014
2019-03-26,LQD,0.0020224159,0.010601811
2019-03-27,LQD,0.0004208223,0.07112148
2019-03-28,LQD,0.0013454425,0.09478989
2019-03-29,LQD,0.0012597104,0.06611261
2019-04-01,LQD,-0.00075563585,0.08069876
2019-04-02,LQD,-0.0067419773,0.01169746
2019-04-03,LQD,0.0013520367,0.071379945
2019-04-04,LQD,-0.0021133614,0.1446983
2019-04-05,LQD,0.0016065618,0.071213365
2019-04-08,LQD,0.001603985,0.15923274
2019-04-09,LQD,-0.0014350233,0.09943303
2019-04-10,LQD,0.0021096163,0.07056746
2019-04-11,LQD,0.004877238,0.22697316
2019-04-12,LQD,-0.001007134,0.14382394
2019-04-15,LQD,-0.00058796356,0.08723356
2019-04-16,LQD,-0.0015976459,0.12453771
2019-04-17,LQD,-0.0027809397,0.23176572
2019-04-18,LQD,-0.00016879062,0.21532267
2019-04-19,LQD,0.0008436683,0.1357215
2019-04-22,LQD,0.0,0.05940151
2019-04-23,LQD,-0.0016035788,0.12694697
2019-04-24,LQD,0.0041303216,0.13042866
2019-04-25,LQD,0.0033590894,0.02762873
2019-04-26,LQD,-0.0005031447,0.06934903
2019-04-29,LQD,0.003516708,0.13168335
2019-04-30,LQD,-0.0039361888,0.16093735
2019-05-01,LQD,0.0004194807,0.23185247
2019-05-02,LQD,-0.0032766254,0.049677335
2019-05-03,LQD,-0.0036251778,0.06875871
2019-05-06,LQD,0.0044663623,0.080958016
2019-05-07,LQD,0.001344425,0.038328726
2019-05-08,LQD,-8.397363e-05,0.12998487
2019-05-09,LQD,-0.0033647406,0.121162936
2019-05-10,LQD,0.0009264329,0.22532628
2019-05-13,LQD,0.00058910163,0.2088971
2019-05-14,LQD,0.0005887548,0.06475159
2019-05-15,LQD,0.0014283917,0.13390748
2019-05-16,LQD,0.0027669494,0.06335161
2019-05-17,LQD,-0.0015921568,0.104770824
2019-05-20,LQD,8.3860956e-05,0.20161933
2019-05-21,LQD,-0.0023507692,0.17115207
2019-05-22,LQD,0.000840195,0.13755228
2019-05-23,LQD,0.0012589704,0.09650752
2019-05-24,LQD,0.0021784676,0.057784684
2019-05-27,LQD,0.0020902143,0.1306163
2019-05-28,LQD,0.0,0.061597865
2019-05-29,LQD,0.00066794694,0.103566036
2019-05-30,LQD,0.00041724037,0.051380973
2019-05-31,LQD,0.0057402095,0.0883686
2019-06-03,LQD,0.0023199944,0.113063715
2019-06-04,LQD,0.0,0.091822214
2019-06-05,LQD,0.00033098884,0.16161402
2019-06-06,LQD,-0.00066208723,0.08768356
2019-06-07,LQD,0.0019023205,0.12181377
2019-06-10,LQD,0.004452147,0.177798
2019-06-11,LQD,-0.0036261783,0.15620431
2019-06-12,LQD,0.00090777804,0.26040187
2019-06-13,LQD,0.0014836797,0.17761299
2019-06-14,LQD,0.0025500774,0.11668465
2019-06-17,LQD,0.00041069448,0.14678778
2019-06-18,LQD,0.00049261085,0.10685832
2019-06-19,LQD,0.006626604,0.2198227
2019-06-20,LQD,0.0063399384,0.16330066
2019-06-21,LQD,0.005413936,0.1413881
2019-06-24,LQD,-0.0036329916,0.07046919
2019-06-25,LQD,0.0025041413,0.21977623
2019-06-26,LQD,-0.002989539,0.21214846
2019-06-27,LQD,-0.00202503,0.2325478
2019-06-28,LQD,0.0058210203,0.0751385
2019-07-01,LQD,0.0025762834,0.04323391
2019-07-02,LQD,-0.0009653287,0.1248256
2019-07-03,LQD,0.0027326813,0.20516421
2019-07-04,LQD,0.002725234,0.30073497
2019-07-05,LQD,0.0,0.14092301
2019-07-08,LQD,-0.008843923,0.1757095
2019-07-09,LQD,-0.0013737931,0.07799772
2019-07-10,LQD,-0.0021047527,0.048405454
2019-07-11,LQD,0.0022664734,0.17739402
2019-07-12,LQD,-0.005919816,0.08273602
2019-07-15,LQD,0.00097553054,0.1080524
2019-07-16,LQD,0.0017048918,0.085798666
2019-07-17,LQD,-0.0021112473,0.15586284
2019-07-18,LQD,0.005269784,0.044143885
2019-07-19,LQD,0.0023422053,0.15572087
2019-07-22,LQD,-0.0015339283,0.11158024
2019-07-23,LQD,0.0030655074,0.07706316
2019-07-24,LQD,0.0005636752,0.11673436
2019-07-25,LQD,0.0028136198,0.14504679
2019-07-26,LQD,-0.0032162124,0.029593484
2019-07-29,LQD,0.0013681544,0.23673566
2019-07-30,LQD,-0.0006436042,0.08066733
2019-07-31,LQD,-0.00032195752,0.17243241
2019-08-01,LQD,0.0008851338,0.098700605
2019-08-02,LQD,0.0052944133,0.1745171
2019-08-05,LQD,0.0010395427,0.108232036
2019-08-06,LQD,0.0007190509,0.14528714
2019-08-07,LQD,0.006210211,0.3178055
2019-08-08,LQD,-0.00015875536,0.29324904
2019-08-09,LQD,0.0026954194,0.2881921
2019-08-12,LQD,-0.0029335998,0.15962271
2019-08-13,LQD,0.006253236,0.2659115
2019-08-14,LQD,-0.00078939064,0.19403763
2019-08-15,LQD,0.002917638,0.16452728
2019-08-16,LQD,0.004870012,0.2957156
2019-08-19,LQD,0.0018006033,0.13283679
2019-08-20,LQD,-0.0032905075,0.18733571
2019-08-21,LQD,0.0057903137,0.20925719
2019-08-22,LQD,0.0017928835,0.0676198
2019-08-23,LQD,-0.003667152,0.22256525
2019-08-26,LQD,0.003667152,0.24650405
2019-08-27,LQD,7.787859e-05,0.05317975
2019-08-28,LQD,0.005359028,0.23780626
2019-08-29,LQD,0.0,0.22660571
2019-08-30,LQD,-0.0021712168,0.14449447
2019-09-02,LQD,-0.00015526745,0.33333334
2019-09-03,LQD,0.0,0.07274907
2019-09-04,LQD,-0.0036557424,0.2992076
2019-09-05,LQD,0.0018684318,0.2839912
2019-09-06,LQD,-0.0073380503,0.30828834
2019-09-09,LQD,0.0035976889,0.008874332
2019-09-10,LQD,-0.00736565,0.1885182
2019-09-11,LQD,-0.008450866,0.0877412
2019-09-12,LQD,-0.0007934619,0.10924293
2019-09-13,LQD,-0.0013503318,0.068372354
2019-09-16,LQD,-0.009022377,0.19311428
2019-09-17,LQD,0.005040212,0.08997768
2019-09-18,LQD,0.0025504117,0.13408108
2019-09-19,LQD,0.002464524,0.16688558
2019-09-20,LQD,0.0028544264,0.20086043
2019-09-23,LQD,0.0068647447,0.06396041
2019-09-24,LQD,-0.00070796465,0.20200408
2019-09-25,LQD,0.00314268,0.22514415
2019-09-26,LQD,-0.0056639547,0.14237964
2019-09-27,LQD,0.0021277443,0.179576
2019-09-30,LQD,0.00023613681,0.0948555
2019-10-01,LQD,0.0033000738,0.26319262
2019-10-02,LQD,-0.0014915416,0.106808126
2019-10-03,LQD,-0.000392881,0.3189647
2019-10-04,LQD,0.0039218813,0.30080077
2019-10-07,LQD,0.0041404692,0.30200472
2019-10-08,LQD,-0.005080319,0.22184284
2019-10-09,LQD,-0.0008623055,0.07499994
2019-10-10,LQD,0.00039204926,0.07428011
2019-10-11,LQD,-0.005896939,0.1440724
2019-10-14,LQD,-0.0018153839,0.092803575
2019-10-15,LQD,0.003312567,0.07263478
2019-10-16,LQD,-0.0026807555,0.11423072
2019-10-17,LQD,0.001104711,0.0
2019-10-18,LQD,0.0014185518,0.31568328
2019-10-21,LQD,0.0012592478,0.122643135
2019-10-22,LQD,-0.0022835555,0.18951005
2019-10-23,LQD,0.0017328297,0.0814013
2019-10-24,LQD,0.0005507258,0.06331456
2019-10-25,LQD,0.0021998752,0.15868467
2019-10-28,LQD,-0.0017280658,0.2257235
2019-10-29,LQD,-0.0029918926,0.13788141
2019-10-30,LQD,-0.0026055046,0.3262554
2019-10-31,LQD,0.0035512801,0.19939968
2019-11-01,LQD,0.0060475348,0.15542738
2019-11-04,LQD,-0.0017241384,0.022329262
2019-11-05,LQD,-0.0047173607,0.20662805
2019-11-06,LQD,-0.0057696267,0.19521277
2019-11-07,LQD,0.0056119976,0.080324866
2019-11-08,LQD,-0.007833868,0.022685105
2019-11-11,LQD,-0.0013514053,0.22055389
2019-11-12,LQD,0.00031814206,0.30850762
2019-11-13,LQD,0.0009538193,0.08180634
2019-11-14,LQD,0.0023805758,0.1497116
2019-11-15,LQD,0.005217403,0.06276859
2019-11-18,LQD,0.00015767897,0.09787369
2019-11-19,LQD,0.0011030572,0.06885744
2019-11-20,LQD,0.0019667237,0.20893078
2019-11-21,LQD,0.0014136498,0.14445232
2019-11-22,LQD,-0.0023571944,0.10687701
2019-11-25,LQD,0.0027495206,0.15784651
2019-11-26,LQD,0.0034458488,0.14926347
2019-11-27,LQD,0.0025766166,0.065955654
2019-11-28,LQD,-7.798183e-05,0.19364144
2019-11-29,LQD,0.0,0.13983943
2019-12-02,LQD,-0.002029665,0.043725546
2019-12-03,LQD,-0.007057746,0.18667413
2019-12-04,LQD,0.007682697,0.12552607
2019-12-05,LQD,-0.0013284885,0.1251565
2019-12-06,LQD,-0.0010953761,0.14971101
2019-12-09,LQD,-0.0005481383,0.19828536
2019-12-10,LQD,-0.00015666614,0.15968126
2019-12-11,LQD,0.0,0.25296566
2019-12-12,LQD,0.003909309,0.11288962
2019-12-13,LQD,-0.0046146107,0.040653914
2019-12-16,LQD,0.0064856643,0.055454854
2019-12-17,LQD,-0.0022612978,0.09700376
2019-12-18,LQD,-0.000780945,0.15101445
2019-12-19,LQD,-0.0007033723,0.026775004
2019-12-20,LQD,-0.0016431286,0.025976518
2019-12-23,LQD,-0.0003132832,0.06094031
2019-12-24,LQD,0.000469888,0.17457412
2019-12-25,LQD,0.0010173339,0.33333334
2019-12-26,LQD,0.0,0.10538213
2019-12-27,LQD,0.001797367,0.10214492
2019-12-30,LQD,0.0014043851,0.071072444
2019-12-31,LQD,0.0017916266,0.05478861
2019-01-01,UUP,-0.0019627092,0.33333334
2019-01-02,UUP,0.0,0.33333334
2019-01-03,UUP,0.007437889,0.20098965
2019-01-04,UUP,-0.0054751798,0.33333334
2019-01-07,UUP,-0.001569859,0.16409415
2019-01-08,UUP,-0.004329863,0.19353096
2019-01-09,UUP,0.0031508494,0.33333334
2019-01-10,UUP,-0.009482489,0.33333334
2019-01-11,UUP,0.0059370846,0.26121837
2019-01-14,UUP,0.00078895467,0.26323318
2019-01-15,UUP,0.0,0.33333334
2019-01-16,UUP,0.0035426135,0.21189183
2019-01-17,UUP,0.0011780877,0.17977026
2019-01-18,UUP,0.0,0.33333334
2019-01-21,UUP,0.0031347987,0.19660924
2019-01-22,UUP,0.0,0.33333334
2019-01-23,UUP,0.0,0.22073683
2019-01-24,UUP,-0.0023501774,0.33333334
2019-01-25,UUP,0.0058651194,0.33333334
2019-01-28,UUP,-0.008220833,0.33333334
2019-01-29,UUP,0.00078585465,0.33333334
2019-01-30,UUP,0.00039269586,0.33333334
2019-01-31,UUP,-0.005117114,0.33333334
2019-02-01,UUP,0.0019712208,0.33333334
2019-02-04,UUP,0.0,0.33333334
2019-02-05,UUP,0.0027531974,0.20250937
2019-02-06,UUP,0.0027456381,0.33333334
2019-02-07,UUP,0.003909309,0.33333334
2019-02-08,UUP,0.0023382707,0.24148755
2019-02-11,UUP,0.0011670883,0.33333334
2019-02-12,UUP,0.0038804861,0.3298686
2019-02-13,UUP,-0.003491759,0.33333334
2019-02-14,UUP,0.00542637,0.17722078
2019-02-15,UUP,-0.0011603173,0.19449942
2019-02-18,UUP,-0.001936859,0.33130676
2019-02-19,UUP,0.0,0.33333334
2019-02-20,UUP,-0.0038850089,0.17870724
2019-02-21,UUP,0.0007782102,0.20503141
2019-02-22,UUP,0.000777605,0.33333334
2019-02-25,UUP,-0.0003887269,0.33333334
2019-02-26,UUP,-0.0007779075,0.33333334
2019-02-27,UUP,-0.0038986404,0.33333334
2019-02-28,UUP,0.000780945,0.3306689
2019-03-01,UUP,0.00078033557,0.33333334
2019-03-04,UUP,0.00389257,0.33333334
2019-03-05,UUP,0.0011648225,0.16896038
2019-03-06,UUP,0.0027126542,0.33333334
2019-03-07,UUP,0.0,0.33333334
2019-03-08,UUP,0.008861549,0.33333334
2019-03-11,UUP,-0.0030733794,0.33249202
2019-03-12,UUP,-0.002311249,0.2026269
2019-03-13,UUP,-0.00193013,0.33333334
2019-03-14,UUP,-0.0046475683,0.33333334
2019-03-15,UUP,0.0031007777,0.33333334
2019-03-18,UUP,-0.001549187,0.33333334
2019-03-19,UUP,-0.0011634673,0.33333334
2019-03-20,UUP,-0.0011648225,0.33333334
2019-03-21,UUP,-0.005844552,0.33333334
2019-03-22,UUP,0.006232977,0.18818988
2019-03-25,UUP,0.0019398648,0.33333334
2019-03-26,UUP,0.0,0.33333334
2019-03-27,UUP,0.0030959777,0.33333334
2019-03-28,UUP,0.0011585249,0.1992871
2019-03-29,UUP,0.0034675435,0.33333334
2019-04-01,UUP,0.001153181,0.33333334
2019-04-02,UUP,-0.00076863955,0.33333334
2019-04-03,UUP,0.0011527379,0.33333334
2019-04-04,UUP,-0.0015372793,0.0977155
2019-04-05,UUP,0.001153181,0.33333334
2019-04-08,UUP,0.0011518527,0.33333334
2019-04-09,UUP,-0.003459546,0.33333334
2019-04-10,UUP,0.00038498556,0.2614221
2019-04-11,UUP,-0.0015408323,0.33333334
2019-04-12,UUP,0.0030792942,0.20226353
2019-04-15,UUP,-0.0023085813,0.33333334
2019-04-16,UUP,-0.0003852822,0.33333334
2019-04-17,UUP,0.0023094697,0.33333334
2019-04-18,UUP,-0.0007692308,0.33333334
2019-04-19,UUP,0.005372231,0.25
2019-04-22,UUP,0.0,0.33333334
2019-04-23,UUP,-0.0022988515,0.33333334
2019-04-24,UUP,0.0034462987,0.33056727
2019-04-25,UUP,0.004957112,0.25
2019-04-26,UUP,0.0019000575,0.33333334
2019-04-29,UUP,-0.0011396012,0.33333334
2019-04-30,UUP,-0.002283106,0.33333334
2019-05-01,UUP,-0.0030522726,0.33333334
2019-05-02,UUP,0.0011456942,0.33333334
2019-05-03,UUP,0.0022874582,0.33333334
2019-05-06,UUP,-0.0038153422,0.33333334
2019-05-07,UUP,0.0007642339,0.33333334
2019-05-08,UUP,0.0007636503,0.33333334
2019-05-09,UUP,0.00038160657,0.25
2019-05-10,UUP,-0.0019094908,0.33173373
2019-05-13,UUP,-0.0003823361,0.33333334
2019-05-14,UUP,0.0,0.33333334
2019-05-15,UUP,0.0022918268,0.33333334
2019-05-16,UUP,0.000381461,0.33333334
2019-05-17,UUP,0.0026661605,0.33333334
2019-05-20,UUP,0.0022796362,0.33333334
2019-05-21,UUP,-0.0007593015,0.33333334
2019-05-22,UUP,0.0015180268,0.33333334
2019-05-23,UUP,0.0007581501,0.33333334
2019-05-24,UUP,-0.0018964543,0.33333334
2019-05-27,UUP,-0.0034227073,0.12804429
2019-05-28,UUP,0.0,0.099952005
2019-05-29,UUP,0.004181721,0.33185
2019-05-30,UUP,0.0022735894,0.33333334
2019-05-31,UUP,0.0003784295,0.33333334
2019-06-03,UUP,-0.004170622,0.33333334
2019-06-04,UUP,-0.005333346,0.28815648
2019-06-05,UUP,-0.00114657,0.33333334
2019-06-06,UUP,0.0034357735,0.33051592
2019-06-07,UUP,-0.0034357735,0.33333334
2019-06-10,UUP,-0.004215373,0.33333334
2019-06-11,UUP,0.0011514106,0.33333334
2019-06-12,UUP,0.00038350912,0.33082736
2019-06-13,UUP,0.0026804535,0.33333334
2019-06-14,UUP,0.000764526,0.1716783
2019-06-17,UUP,0.0053353785,0.32999262
2019-06-18,UUP,0.0003800114,0.33333334
2019-06-19,UUP,0.0015186032,0.33333334
2019-06-20,UUP,-0.0045627453,0.33180928
2019-06-21,UUP,-0.0061162272,0.33333334
2019-06-24,UUP,-0.004997127,0.33333334
2019-06-25,UUP,-0.001542615,0.08711554
2019-06-26,UUP,0.0023130311,0.33333334
2019-06-27,UUP,0.000769823,0.33333334
2019-06-28,UUP,0.0,0.33333334
2019-07-01,UUP,-0.000769823,0.33333334
2019-07-02,UUP,0.007289501,0.33111325
2019-07-03,UUP,-0.0007648184,0.33333334
2019-07-04,UUP,0.0,0.3309147
2019-07-05,UUP,0.0,0.33333334
2019-07-08,UUP,0.0053414856,0.32963654
2019-07-09,UUP,0.0019007799,0.1934973
2019-07-10,UUP,0.0007593015,0.32992664
2019-07-11,UUP,-0.004183311,0.33333334
2019-07-12,UUP,0.0,0.33333334
2019-07-15,UUP,-0.0019073056,0.33333334
2019-07-16,UUP,0.0015261354,0.33333334
2019-07-17,UUP,0.0045644813,0.33231172
2019-07-18,UUP,-0.0018993358,0.33333334
2019-07-19,UUP,-0.0053374125,0.33333334
2019-07-22,UUP,0.004957112,0.3301285
2019-07-23,UUP,0.0019000575,0.33333334
2019-07-24,UUP,0.0045454623,0.21126063
2019-07-25,UUP,0.0,0.33333334
2019-07-26,UUP,0.0018878616,0.18917796
2019-07-29,UUP,0.0015077274,0.33333334
2019-07-30,UUP,0.0007530121,0.33333334
2019-07-31,UUP,0.0,0.33333334
2019-08-01,UUP,0.0060037705,0.33333334
2019-08-02,UUP,-0.0029973795,0.33333334
2019-08-05,UUP,-0.0022539455,0.33333334
2019-08-06,UUP,-0.0049010464,0.33333334
2019-08-07,UUP,0.0011331446,0.32963246
2019-08-08,UUP,-0.00075528707,0.32927793
2019-08-09,UUP,0.00075528707,0.33333334
2019-08-12,UUP,-0.0011331446,0.33333334
2019-08-13,UUP,-0.0007561437,0.33333334
2019-08-14,UUP,0.0045283097,0.33333334
2019-08-15,UUP,0.0022564884,0.1740249
2019-08-16,UUP,0.0007510327,0.3317064
2019-08-19,UUP,0.0007504691,0.33333334
2019-08-20,UUP,0.0022480339,0.3293438
2019-08-21,UUP,-0.0022480339,0.33169675
2019-08-22,UUP,0.0011246486,0.33333334
2019-08-23,UUP,-0.0007496252,0.29582655
2019-08-26,UUP,-0.005640173,0.30062836
2019-08-27,UUP,0.0052651493,0.3306332
2019-08-28,UUP,-0.0007504691,0.3315599
2019-08-29,UUP,0.0022497198,0.33333334
2019-08-30,UUP,0.002618292,0.33333334
2019-09-02,UUP,0.003728565,0.33333334
2019-09-03,UUP,0.0,0.33053893
2019-09-04,UUP,0.0022304843,0.33333334
2019-09-05,UUP,-0.0063326717,0.2608237
2019-09-06,UUP,0.0003736223,0.33142102
2019-09-09,UUP,0.00037348273,0.33209354
2019-09-10,UUP,-0.0018688102,0.3314508
2019-09-11,UUP,0.0011217052,0.3323071
2019-09-12,UUP,0.0029850767,0.3308906
2019-09-13,UUP,-0.0029850767,0.33333334
2019-09-16,UUP,-0.0014958866,0.33333334
2019-09-17,UUP,0.0044809636,0.33039537
2019-09-18,UUP,-0.0044809636,0.33126858
2019-09-19,UUP,0.0037355293,0.33333334
2019-09-20,UUP,-0.0022396427,0.3311797
2019-09-23,UUP,0.0026124292,0.33333334
2019-09-24,UUP,0.0014897581,0.33222
2019-09-25,UUP,-0.003728565,0.33263654
2019-09-26,UUP,0.007813993,0.33091238
2019-09-27,UUP,0.0025911545,0.3320116
2019-09-30,UUP,-0.0014798375,0.33333334
2019-10-01,UUP,0.0033265601,0.33333334
2019-10-02,UUP,-0.0033265601,0.33333334
2019-10-03,UUP,-0.0007407408,0.3314601
2019-10-04,UUP,-0.00037057625,0.33097294
2019-10-07,UUP,-0.0007415647,0.33333334
2019-10-08,UUP,0.0018528817,0.33150107
2019-10-09,UUP,0.0014798375,0.33333334
2019-10-10,UUP,-0.000739645,0.33333334
2019-10-11,UUP,-0.0040778555,0.33333334
2019-10-14,UUP,-0.003721627,0.30924213
2019-10-15,UUP,0.0029784087,0.33333334
2019-10-16,UUP,-0.0029784087,0.33333334
2019-10-17,UUP,-0.0026134045,0.33003652
2019-10-18,UUP,-0.0037453228,0.33333334
2019-10-21,UUP,-0.003759403,0.33333334
2019-10-22,UUP,0.0007530121,0.26561713
2019-10-23,UUP,0.00225564,0.33333334
2019-10-24,UUP,-0.00037558685,0.33043933
2019-10-25,UUP,0.0030007525,0.2609621
2019-10-28,UUP,0.0011229648,0.33333334
2019-10-29,UUP,-0.000748503,0.33172095
2019-10-30,UUP,-0.00037446173,0.33333334
2019-10-31,UUP,-0.0022497198,0.31521192
2019-11-01,UUP,-0.0018786404,0.33333334
2019-11-04,UUP,-0.00037615196,0.33333334
2019-11-05,UUP,0.0037551678,0.3322394
2019-11-06,UUP,0.0037411193,0.33333334
2019-11-07,UUP,0.0,0.3304469
2019-11-08,UUP,0.0022379719,0.33333334
2019-11-11,UUP,0.0022329744,0.3322304
2019-11-12,UUP,-0.0014880955,0.30095276
2019-11-13,UUP,0.0014880955,0.3093673
2019-11-14,UUP,-0.00037181634,0.32961434
2019-11-15,UUP,-0.00074404763,0.3308117
2019-11-18,UUP,-0.0022354703,0.33088937
2019-11-19,UUP,-0.001866717,0.33333334
2019-11-20,UUP,0.0011204483,0.33193877
2019-11-21,UUP,0.0,0.28820243
2019-11-22,UUP,0.0014919809,0.33247626
2019-11-25,UUP,0.0029773002,0.3308106
2019-11-26,UUP,0.0007429421,0.33333334
2019-11-27,UUP,-0.0011146202,0.3322901
2019-11-28,UUP,0.0014858844,0.33333334
2019-11-29,UUP,0.0,0.3326083
2019-12-02,UUP,-0.0011142063,0.33333334
2019-12-03,UUP,-0.0040960773,0.33056045
2019-12-04,UUP,-0.00112003,0.31098446
2019-12-05,UUP,-0.0011212858,0.33083105
2019-12-06,UUP,-0.0022463505,0.33166614
2019-12-09,UUP,0.0037411193,0.33333334
2019-12-10,UUP,-0.001120867,0.33333334
2019-12-11,UUP,-0.0011221247,0.33333334
2019-12-12,UUP,-0.0037495357,0.19978696
2019-12-13,UUP,0.0015015018,0.33333334
2019-12-16,UUP,0.0,0.331542
2019-12-17,UUP,-0.0018772298,0.33134568
2019-12-18,UUP,0.0018772298,0.33267024
2019-12-19,UUP,0.0018737124,0.3325704
2019-12-20,UUP,0.0,0.33333334
2019-12-23,UUP,0.0033638603,0.33284882
2019-12-24,UUP,-0.020355018,0.31575292
2019-12-25,UUP,0.0,0.33333334
2019-12-26,UUP,0.0,0.33333334
2019-12-27,UUP,-0.0015243905,0.33333334
2019-12-30,UUP,-0.004970379,0.33333334
2019-12-31,UUP,-0.0019182818,0.33241773
