date,ticker,returns,weights
2015-01-01,SPY,-0.009972489,0.014657115
2015-01-02,SPY,0.0,0.0
2015-01-05,SPY,-0.0005353189,0.0
2015-01-06,SPY,-0.018224746,0.012709835
2015-01-07,SPY,-0.009463636,7.511573e-19
2015-01-08,SPY,0.0123842135,0.009702873
2015-01-09,SPY,0.017589439,0.04067826
2015-01-12,SPY,-0.00804588,5.432517e-07
2015-01-13,SPY,-0.00786438,0.0
2015-01-14,SPY,-0.0028166946,1.7434627e-19
2015-01-15,SPY,-0.0060555106,5.955736e-05
2015-01-16,SPY,-0.009203328,5.8944984e-19
2015-01-19,SPY,0.013029515,2.4007602e-18
2015-01-20,SPY,0.0,0.0061999345
2015-01-21,SPY,0.002105603,0.0023300105
2015-01-22,SPY,0.0050600525,0.03894598
2015-01-23,SPY,0.014761498,2.0046905e-20
2015-01-26,SPY,-0.0054978607,0.030588513
2015-01-27,SPY,0.0023390683,8.7173133e-20
2015-01-28,SPY,-0.013278325,0.0
2015-01-29,SPY,-0.012907248,0.0
2015-01-30,SPY,0.009202059,0.0271689
2015-02-02,SPY,-0.012655603,0.024162995
2015-02-03,SPY,0.012308001,0.011729424
2015-02-04,SPY,0.014357607,0.013893398
2015-02-05,SPY,-0.0038151185,0.096102424
2015-02-06,SPY,0.0100444555,0.0073990007
2015-02-09,SPY,-0.0027692101,0.024013229
2015-02-10,SPY,-0.0044858432,0.009567583
2015-02-11,SPY,0.010597027,1.2830019e-18
2015-02-12,SPY,0.00058007444,0.017423345
2015-02-13,SPY,0.009570831,8.326673e-17
2015-02-16,SPY,0.004107959,0.0056238505
2015-02-17,SPY,0.0,0.00573699
2015-02-18,SPY,0.0015718406,0.00059346546
2015-02-19,SPY,9.518371e-05,0.003202427
2015-02-20,SPY,-0.00071409874,0.00037089537
2015-02-23,SPY,0.005977906,0.08659494
2015-02-24,SPY,-0.00014202931,0.0007121596
2015-02-25,SPY,0.002841482,4.0887825e-19
2015-02-26,SPY,-0.0008501795,0.0010865685
2015-02-27,SPY,-0.0011820053,0.026138395
2015-03-02,SPY,-0.0034120022,1.1971399e-19
2015-03-03,SPY,0.006293644,0.008412262
2015-03-04,SPY,-0.0041124118,0.0017751479
2015-03-05,SPY,-0.004224047,1.6037525e-18
2015-03-06,SPY,0.0010929662,5.6734465e-18
2015-03-09,SPY,-0.014164272,1.4628473e-18
2015-03-10,SPY,0.0041360133,0.05777727
2015-03-11,SPY,-0.016354939,0.03491314
2015-03-12,SPY,-0.0023444379,0.000102238184
2015-03-13,SPY,0.012633793,5.1358133e-34
2015-03-16,SPY,-0.0061647864,5.007715e-19
2015-03-17,SPY,0.013285679,2.086548e-20
2015-03-18,SPY,-0.0029769072,0.091592066
2015-03-19,SPY,0.011949858,0.015902825
2015-03-20,SPY,-0.004571872,0.0
2015-03-23,SPY,0.004334269,0.07413057
2015-03-24,SPY,-0.0019504775,0.0
2015-03-25,SPY,-0.0056348937,0.02311278
2015-03-26,SPY,-0.014762196,9.1427956e-20
2015-03-27,SPY,-0.0023842554,0.00275813
2015-03-30,SPY,0.00228705,0.0
2015-03-31,SPY,0.012126045,5.2542537e-06
2015-04-01,SPY,-0.008777909,0.016904242
2015-04-02,SPY,-0.0035425753,0.0030956687
2015-04-03,SPY,0.0035667962,0.0029920842
2015-04-06,SPY,0.0,2.4056286e-19
2015-04-07,SPY,0.0067348448,0.016311029
2015-04-08,SPY,-0.0026499017,0.027341839
2015-04-09,SPY,0.003347344,1.951564e-18
2015-04-10,SPY,0.0044377884,0.0
2015-04-13,SPY,0.0054423204,0.0031940732
2015-04-14,SPY,-0.0045332075,0.028864656
2015-04-15,SPY,0.0019112242,0.0
2015-04-16,SPY,0.0044770506,0.0077434713
2015-04-17,SPY,-0.00028517112,0.0
2015-04-20,SPY,-0.011570219,0.01509938
2015-04-21,SPY,0.009095323,0.0
2015-04-22,SPY,-0.0011920374,0.05888619
2015-04-23,SPY,0.004902087,0.0
2015-04-24,SPY,0.0025131002,1.6839401e-18
2015-04-27,SPY,0.0023173545,0.02512802
2015-04-28,SPY,-0.004166003,1.3919804e-19
2015-04-29,SPY,0.0031737788,0.026440477
2015-04-30,SPY,-0.004123131,8.7173133e-20
2015-05-01,SPY,-0.010070963,4.1086507e-33
2015-05-04,SPY,0.010783061,0.058033247
2015-05-05,SPY,0.0028433343,2.6020852e-18
2015-05-06,SPY,-0.011517904,0.021026157
2015-05-07,SPY,-0.0041253,0.0008687775
2015-05-08,SPY,0.00398168,0.0
2015-05-11,SPY,0.013080165,0.0050553638
2015-05-12,SPY,-0.004807872,0.0
2015-05-13,SPY,-0.0029720531,0.0
2015-05-14,SPY,0.00019047619,0.0
2015-05-15,SPY,0.010373586,0.00958525
2015-05-18,SPY,0.0010832452,0.013856728
2015-05-19,SPY,0.0031019435,0.010257489
2015-05-20,SPY,-0.00032853824,0.0
2015-05-21,SPY,-0.00070437416,0.014054895
2015-05-22,SPY,0.002908206,0.028241059
2015-05-25,SPY,-0.0023916163,7.976412e-05
2015-05-26,SPY,0.0,0.0163074
2015-05-27,SPY,-0.010809896,0.056750618
2015-05-28,SPY,0.009447401,0.0040968377
2015-05-29,SPY,-0.0011289868,0.0
2015-06-01,SPY,-0.0062323147,5.485677e-19
2015-06-02,SPY,0.0020344923,0.0
2015-06-03,SPY,-0.0009930722,0.0002123701
2015-06-04,SPY,0.002646004,0.047561318
2015-06-05,SPY,-0.008486265,0.0043591536
2015-06-08,SPY,-0.0017108872,0.0
2015-06-09,SPY,-0.006168579,0.0044256644
2015-06-10,SPY,-0.00014390906,0.0
2015-06-11,SPY,0.011921934,4.3368087e-19
2015-06-12,SPY,0.0032183283,2.541924e-19
2015-06-15,SPY,-0.0076843183,4.6362435e-18
2015-06-16,SPY,-0.0042947195,0.0
2015-06-17,SPY,0.0054368693,1.2597291e-19
2015-06-18,SPY,0.0016158164,0.026797645
2015-06-19,SPY,0.010345653,9.272487e-19
2015-06-22,SPY,-0.009301514,0.007823506
2015-06-23,SPY,0.0051100184,0.02846728
2015-06-24,SPY,0.000707664,0.00015269221
2015-06-25,SPY,-0.007289283,0.0
2015-06-26,SPY,-0.0030450113,7.727073e-20
2015-06-29,SPY,-0.00019062143,0.004156725
2015-06-30,SPY,-0.021193357,0.019516632
2015-07-01,SPY,0.0020910844,0.000888211
2015-07-02,SPY,0.007983591,2.473788e-17
2015-07-03,SPY,-0.0009160821,2.0599841e-17
2015-07-06,SPY,0.0,2.5679067e-34
2015-07-07,SPY,-0.0028500368,1.4024408e-18
2015-07-08,SPY,0.0062690084,0.088583216
2015-07-09,SPY,-0.016919564,0.018339833
2015-07-10,SPY,0.0018073913,0.027766883
2015-07-13,SPY,0.012512894,1.3522376e-19
2015-07-14,SPY,0.010976743,1.9877039e-19
2015-07-15,SPY,0.004328702,0.0
2015-07-16,SPY,-0.00033231266,0.020706948
2015-07-17,SPY,0.007992287,0.0
2015-07-20,SPY,0.0008474976,1.4592339e-18
2015-07-21,SPY,0.0005175618,0.00027764332
2015-07-22,SPY,-0.0039590946,0.0
2015-07-23,SPY,-0.0017961812,0.20460561
2015-07-24,SPY,-0.005645846,8.0187623e-19
2015-07-27,SPY,-0.010426227,0.0068210512
2015-07-28,SPY,-0.005834294,0.08955896
2015-07-29,SPY,0.012208168,0.0
2015-07-30,SPY,0.0068555376,0.0030342396
2015-07-31,SPY,0.00023719728,0.0
2015-08-03,SPY,-0.0015190357,0.03523955
2015-08-04,SPY,-0.0033786227,2.953891e-18
2015-08-05,SPY,-0.0019562475,0.055213228
2015-08-06,SPY,0.0032900255,0.0
2015-08-07,SPY,-0.00822145,2.0283565e-18
2015-08-10,SPY,-0.0019216917,0.00041411057
2015-08-11,SPY,0.012520473,0.015153224
2015-08-12,SPY,-0.009064083,0.013951119
2015-08-13,SPY,0.0011973468,0.00284513
2015-08-14,SPY,-0.0012452705,0.00013061537
2015-08-17,SPY,0.003635672,4.76114e-19
2015-08-18,SPY,0.0055713104,0.007736648
2015-08-19,SPY,-0.0029008272,0.0011290534
2015-08-20,SPY,-0.007936929,0.0
2015-08-21,SPY,-0.021102434,0.0
2015-08-24,SPY,-0.030564848,0.0
2015-08-25,SPY,-0.043019053,0.011176424
2015-08-26,SPY,-0.011837599,0.017679734
2015-08-27,SPY,0.03767506,1.4556869e-18
2015-08-28,SPY,0.024434203,2.2452534e-18
2015-08-31,SPY,5.018191e-05,7.465061e-19
2015-09-01,SPY,-0.008111897,5.8480335e-19
2015-09-02,SPY,-0.030302236,0.0
2015-09-03,SPY,0.018803177,1.4930123e-19
2015-09-04,SPY,0.00071618584,0.0
2015-09-07,SPY,-0.015252524,0.024249192
2015-09-08,SPY,0.0,0.00015479569
2015-09-09,SPY,0.024820514,0.0
2015-09-10,SPY,-0.013462036,0.0
2015-09-11,SPY,0.005427005,5.230388e-19
2015-09-14,SPY,0.004534,0.0
2015-09-15,SPY,-0.0037173817,0.024476327
2015-09-16,SPY,0.01242189,8.018762e-20
2015-09-17,SPY,0.008629394,0.0
2015-09-18,SPY,-0.0022505072,0.0
2015-09-21,SPY,-0.021661863,0.00026229196
2015-09-22,SPY,0.005154256,1.1397432e-18
2015-09-23,SPY,-0.013064714,5.74701e-19
2015-09-24,SPY,-0.0015999591,7.4650614e-20
2015-09-25,SPY,-0.0036222548,0.1156206
2015-09-28,SPY,-0.00025923527,0.0077548106
2015-09-29,SPY,-0.02541753,6.537985e-20
2015-09-30,SPY,0.00058490416,1.0045195e-18
2015-10-01,SPY,0.018486373,0.0
2015-10-02,SPY,0.0026057968,0.0
2015-10-05,SPY,0.014827332,2.4777975e-17
2015-10-06,SPY,0.017638396,0.0069912295
2015-10-07,SPY,-0.0034320934,0.0259607
2015-10-08,SPY,0.008157145,1.5454146e-19
2015-10-09,SPY,0.008986132,0.0018358376
2015-10-12,SPY,0.0005962141,0.0
2015-10-13,SPY,0.0009432792,3.5879567e-18
2015-10-14,SPY,-0.0063220463,0.030313887
2015-10-15,SPY,-0.0048055355,0.0
2015-10-16,SPY,0.015237821,7.4179895e-18
2015-10-19,SPY,0.0045362734,1.2830019e-18
2015-10-20,SPY,0.0004918355,1.1226267e-18
2015-10-21,SPY,-0.0013777496,0.0
2015-10-22,SPY,-0.0061243833,0.00062330515
2015-10-23,SPY,0.016752621,0.0
2015-10-26,SPY,0.010902063,0.0
2015-10-27,SPY,-0.002460738,2.2190162e-18
2015-10-28,SPY,-0.0019342366,0.000864943
2015-10-29,SPY,0.011310432,2.0959683e-18
2015-10-30,SPY,-0.000574465,0.038024735
2015-11-02,SPY,-0.004319039,2.8367233e-18
2015-11-03,SPY,0.011761467,0.010792718
2015-11-04,SPY,0.0028951822,1.8662653e-18
2015-11-05,SPY,-0.0030377847,1.9728181e-18
2015-11-06,SPY,-0.0009987872,1.2839533e-33
2015-11-09,SPY,-0.0005235727,0.0
2015-11-10,SPY,-0.009375367,5.972049e-19
2015-11-11,SPY,0.0023041484,4.358657e-20
2015-11-12,SPY,-0.0039394717,2.7895403e-18
2015-11-13,SPY,-0.014058111,0.07185504
2015-11-16,SPY,-0.011291789,0.026025971
2015-11-17,SPY,0.015092407,0.0
2015-11-18,SPY,-0.00072976726,0.03658772
2015-11-19,SPY,0.015741512,4.3565457e-19
2015-11-20,SPY,-0.00086273014,9.622515e-19
2015-11-23,SPY,0.003641408,1.4930123e-19
2015-11-24,SPY,-0.0011511046,0.0
2015-11-25,SPY,0.0013383684,7.166459e-18
2015-11-26,SPY,-0.00014331096,0.0054786378
2015-11-27,SPY,0.0,0.007857244
2015-11-30,SPY,0.001145913,0.017482223
2015-12-01,SPY,-0.0041601975,0.0
2015-12-02,SPY,0.009490497,0.0
2015-12-03,SPY,-0.010262274,0.00083556224
2015-12-04,SPY,-0.01409695,0.02324369
2015-12-07,SPY,0.019315198,1.924503e-18
2015-12-08,SPY,-0.0060770097,0.0
2015-12-09,SPY,-0.006746972,0.0
2015-12-10,SPY,-0.007805244,0.0
2015-12-11,SPY,0.0025777598,0.0
2015-12-14,SPY,-0.01957144,0.0
2015-12-15,SPY,0.0050437283,1.8503718e-17
2015-12-16,SPY,0.0104430225,0.011116121
2015-12-17,SPY,0.014522089,0.0
2015-12-18,SPY,-0.015355481,0.034145854
2015-12-21,SPY,-0.023905458,4.5256933e-19
2015-12-22,SPY,0.008211337,0.0
2015-12-23,SPY,0.0090333065,1.168467e-18
2015-12-24,SPY,0.012307246,0.027396005
2015-12-25,SPY,-0.0016516885,4.6362434e-19
2015-12-28,SPY,0.0,6.7943338e-18
2015-12-29,SPY,-0.002287718,0.0
2015-12-30,SPY,0.01061545,0.0016474426
2015-12-31,SPY,-0.0071129906,0.05535896
2015-01-01,IWM,-0.006001018,0.0
2015-01-02,IWM,0.0,0.0
2015-01-05,IWM,-0.005784967,1.2895899e-17
2015-01-06,IWM,-0.013459382,7.228015e-20
2015-01-07,IWM,-0.017451549,0.0
2015-01-08,IWM,0.012239422,9.540554e-20
2015-01-09,IWM,0.016819969,0.0
2015-01-12,IWM,-0.009649643,0.0
2015-01-13,IWM,-0.0033226868,3.2152407e-18
2015-01-14,IWM,0.00076775433,2.1994435e-20
2015-01-15,IWM,-0.004015898,0.02472736
2015-01-16,IWM,-0.017010296,1.2804807e-18
2015-01-19,IWM,0.016153766,0.0
2015-01-20,IWM,0.0,1.1384123e-18
2015-01-21,IWM,-0.00420764,4.1705642e-17
2015-01-22,IWM,-0.0031889705,6.965622e-19
2015-01-23,IWM,0.020168176,9.53256e-19
2015-01-26,IWM,-0.0006770481,0.0
2015-01-27,IWM,0.009604927,0.0
2015-01-28,IWM,-0.0047909315,1.0391764e-19
2015-01-29,IWM,-0.016994206,0.0182311
2015-01-30,IWM,0.013702925,7.806256e-18
2015-02-02,IWM,-0.022223137,0.009012054
2015-02-03,IWM,0.009119912,7.532946e-19
2015-02-04,IWM,0.017741648,1.8070036e-18
2015-02-05,IWM,-0.0037090154,0.0
2015-02-06,IWM,0.012838439,0.0
2015-02-09,IWM,-0.0010844631,3.2526065e-19
2015-02-10,IWM,-0.007960824,0.0018494875
2015-02-11,IWM,0.0063737216,0.0
2015-02-12,IWM,-0.0014221779,0.0
2015-02-13,IWM,0.01132119,0.0
2015-02-16,IWM,0.0059420825,0.0
2015-02-17,IWM,0.0,0.0
2015-02-18,IWM,0.0031219218,0.0
2015-02-19,IWM,0.0010657923,0.0
2015-02-20,IWM,8.193699e-05,0.00037062567
2015-02-23,IWM,0.0027001612,4.1705642e-17
2015-02-24,IWM,0.000980072,0.0
2015-02-25,IWM,0.0013052702,1.126227e-18
2015-02-26,IWM,0.0011407156,0.0
2015-02-27,IWM,0.0036577971,0.0
2015-03-02,IWM,-0.0054509346,2.030702e-19
2015-03-03,IWM,0.0072343335,0.0
2015-03-04,IWM,-0.005929915,0.0
2015-03-05,IWM,-0.0031007777,3.0701203e-18
2015-03-06,IWM,0.0029378184,2.6877844e-18
2015-03-09,IWM,-0.012710819,0.0
2015-03-10,IWM,0.0043644817,0.0
2015-03-11,IWM,-0.011570377,0.0
2015-03-12,IWM,0.0061324467,0.0
2015-03-13,IWM,0.016469708,0.0
2015-03-16,IWM,-0.0035821905,0.0
2015-03-17,IWM,0.0058551035,0.0065546655
2015-03-18,IWM,0.0026721745,0.0046775686
2015-03-19,IWM,0.007973946,8.384497e-18
2015-03-20,IWM,0.0019235399,1.490195e-18
2015-03-23,IWM,0.008769189,0.0
2015-03-24,IWM,-0.00087346655,0.0
2015-03-25,IWM,-0.00023835062,0.0045848466
2015-03-26,IWM,-0.027224619,0.0817019
2015-03-27,IWM,-0.0012255404,0.022724384
2015-03-30,IWM,0.0063564717,2.7679262e-18
2015-03-31,IWM,0.013475009,0.0
2015-04-01,IWM,-0.0032110487,0.008895631
2015-04-02,IWM,0.00040194544,0.00016118088
2015-04-03,IWM,0.0018468709,0.0
2015-04-06,IWM,0.0,0.0
2015-04-07,IWM,0.0044026487,0.0
2015-04-08,IWM,-0.0064102784,0.0053353123
2015-04-09,IWM,0.008564506,0.0011597831
2015-04-10,IWM,-0.0035929617,0.0003301472
2015-04-13,IWM,0.0047877524,0.00396646
2015-04-14,IWM,0.00063663855,1.0842022e-19
2015-04-15,IWM,-0.00023869197,7.650027e-19
2015-04-16,IWM,0.0069780634,9.75782e-19
2015-04-17,IWM,-0.0005532941,0.0
2015-04-20,IWM,-0.016340883,9.81776e-05
2015-04-21,IWM,0.009756955,0.025580702
2015-04-22,IWM,-0.0010351556,2.1684043e-19
2015-04-23,IWM,0.0015125585,7.550391e-18
2015-04-24,IWM,0.0045239967,0.0
2015-04-27,IWM,-0.0033314857,0.016331987
2015-04-28,IWM,-0.011105455,1.07239747e-19
2015-04-29,IWM,0.0055281958,4.1561082e-19
2015-04-30,IWM,-0.010925558,1.4392705e-19
2015-05-01,IWM,-0.021390317,0.0
2015-05-04,IWM,0.0064980695,6.143812e-19
2015-05-05,IWM,0.0036009531,5.6378513e-18
2015-05-06,IWM,-0.012825959,0.014644166
2015-05-07,IWM,0.0034693575,0.0058546425
2015-05-08,IWM,0.0037860128,0.0
2015-05-11,IWM,0.0074477573,0.009275553
2015-05-12,IWM,0.0005706134,1.3027834e-18
2015-05-13,IWM,-0.001794454,3.058805e-19
2015-05-14,IWM,-4.082049e-05,1.5337426e-18
2015-05-15,IWM,0.010598008,0.0
2015-05-18,IWM,-0.0011315875,0.0
2015-05-19,IWM,0.011258664,0.004051391
2015-05-20,IWM,-0.0013603811,1.5123478e-18
2015-05-21,IWM,0.0018400741,0.0
2015-05-22,IWM,-0.0011196418,0.0
2015-05-25,IWM,-0.0043304,0.0002716407
2015-05-26,IWM,0.0,0.034411244
2015-05-27,IWM,-0.009609635,0.0071028722
2015-05-28,IWM,0.012178061,1.0661322e-17
2015-05-29,IWM,-0.0008821525,2.7484147e-18
2015-06-01,IWM,-0.006035507,0.0
2015-06-02,IWM,0.0031430095,0.017160164
2015-06-03,IWM,0.001929261,0.053293325
2015-06-04,IWM,0.0099089835,4.1667903e-05
2015-06-05,IWM,-0.010069612,0.0059357085
2015-06-08,IWM,0.007202912,0.0
2015-06-09,IWM,-0.0046359287,0.0
2015-06-10,IWM,-0.0030490274,0.003981855
2015-06-11,IWM,0.012378867,4.1523164e-18
2015-06-12,IWM,0.002536664,0.0
2015-06-15,IWM,-0.0030130057,2.1807041e-18
2015-06-16,IWM,-0.0031814233,0.0
2015-06-17,IWM,0.007064923,0.021761196
2015-06-18,IWM,-0.0015040573,3.1622564e-19
2015-06-19,IWM,0.013299429,0.0
2015-06-22,IWM,-0.0004691532,0.0
2015-06-23,IWM,0.0068589514,3.7947076e-19
2015-06-24,IWM,0.0020950541,0.008915083
2015-06-25,IWM,-0.0084848525,1.5500955e-19
2015-06-26,IWM,-0.0005473668,0.0
2015-06-29,IWM,-0.002741337,0.0
2015-06-30,IWM,-0.02557928,0.006035966
2015-07-01,IWM,0.004656025,0.042974956
2015-07-02,IWM,0.0029589368,0.026022725
2015-07-03,IWM,-0.01164625,0.0
2015-07-06,IWM,0.0,0.0003477005
2015-07-07,IWM,-0.00032320622,0.038773462
2015-07-08,IWM,0.001130765,4.6259294e-18
2015-07-09,IWM,-0.0153742805,0.00043374844
2015-07-10,IWM,0.0036003639,0.025972808
2015-07-13,IWM,0.013789966,0.012019425
2015-07-14,IWM,0.01121537,0.021497818
2015-07-15,IWM,0.005560866,0.024167798
2015-07-16,IWM,-0.005321908,0.015661707
2015-07-17,IWM,0.0059554707,5.6002614e-19
2015-07-20,IWM,-0.004363874,0.012728443
2015-07-21,IWM,-0.005421796,0.027627345
2015-07-22,IWM,-0.0047281412,0.015980517
2015-07-23,IWM,0.0036882658,0.02357746
2015-07-24,IWM,-0.011105861,3.3775123e-19
2015-07-27,IWM,-0.016235314,0.005581273
2015-07-28,IWM,-0.008341985,6.956964e-18
2015-07-29,IWM,0.008506472,0.0
2015-07-30,IWM,0.002792151,0.01335185
2015-07-31,IWM,0.0028661527,3.958764e-18
2015-08-03,IWM,0.005463826,7.228015e-20
2015-08-04,IWM,-0.004973309,0.0
2015-08-05,IWM,-0.0023730628,0.0541805
2015-08-06,IWM,0.0022913266,0.053224966
2015-08-07,IWM,-0.013578779,0.018536985
2015-08-10,IWM,-0.006734032,0.0045845415
2015-08-11,IWM,0.011445758,0.021451727
2015-08-12,IWM,-0.008613603,0.014607545
2015-08-13,IWM,-0.0019149916,0.00553485
2015-08-14,IWM,-0.00333918,0.0
2015-08-17,IWM,0.0064180256,0.0
2015-08-18,IWM,0.0104963975,0.016970003
2015-08-19,IWM,-0.008006977,0.0038959535
2015-08-20,IWM,-0.010413723,0.0
2015-08-21,IWM,-0.02561633,1.4640152e-18
2015-08-24,IWM,-0.011753657,1.1754874e-17
2015-08-25,IWM,-0.03981552,0.0013828739
2015-08-26,IWM,-0.007719241,0.0009308114
2015-08-27,IWM,0.025117222,0.0016116212
2015-08-28,IWM,0.017712055,0.03200282
2015-08-31,IWM,0.009821469,1.5319283e-19
2015-09-01,IWM,-0.0036392035,0.011482412
2015-09-02,IWM,-0.029064134,6.684461e-17
2015-09-03,IWM,0.017803047,0.026202334
2015-09-04,IWM,-0.0015814448,0.0
2015-09-07,IWM,-0.0075905044,0.007907158
2015-09-08,IWM,0.0,0.0094653275
2015-09-09,IWM,0.022600822,0.0
2015-09-10,IWM,-0.01158701,0.028766526
2015-09-11,IWM,0.004546257,1.337128e-19
2015-09-14,IWM,0.0046993387,0.0
2015-09-15,IWM,-0.004612113,0.044062186
2015-09-16,IWM,0.011188807,0.030265663
2015-09-17,IWM,0.008588167,3.1266137e-19
2015-09-18,IWM,0.0034147208,0.004901161
2015-09-21,IWM,-0.013902224,1.8070036e-19
2015-09-22,IWM,-0.0018163738,0.0011177537
2015-09-23,IWM,-0.01526614,0.00073645
2015-09-24,IWM,-0.0029932235,0.015412761
2015-09-25,IWM,-0.0016765943,0.002549912
2015-09-28,IWM,-0.016114304,0.055300992
2015-09-29,IWM,-0.028401691,0.0022945674
2015-09-30,IWM,-0.0071352758,4.7557583e-18
2015-10-01,IWM,0.015411185,0.0
2015-10-02,IWM,-0.0017414421,0.0
2015-10-05,IWM,0.014751679,0.0
2015-10-06,IWM,0.023583049,0.00015105138
2015-10-07,IWM,-0.0069100205,0.0
2015-10-08,IWM,0.017535806,1.0877196e-18
2015-10-09,IWM,0.008956971,0.023397883
2015-10-12,IWM,0.0019891898,1.7056869e-18
2015-10-13,IWM,-0.0014698892,1.6519873e-18
2015-10-14,IWM,-0.013765682,0.0
2015-10-15,IWM,-0.009874011,4.295989e-18
2015-10-16,IWM,0.023639694,4.651177e-18
2015-10-19,IWM,-0.0012987577,0.0
2015-10-20,IWM,0.0019042678,1.0336023e-17
2015-10-21,IWM,-0.0013845623,4.0576315e-18
2015-10-22,IWM,-0.015358068,0.07284546
2015-10-23,IWM,0.00875509,7.010527e-19
2015-10-26,IWM,0.009801874,6.447467e-19
2015-10-27,IWM,-0.0068425196,0.010480839
2015-10-28,IWM,-0.011011209,1.558962e-19
2015-10-29,IWM,0.02875653,3.0561723e-19
2015-10-30,IWM,-0.010730177,0.032169793
2015-11-02,IWM,-0.004584585,3.3610518e-18
2015-11-03,IWM,0.020594515,2.1684043e-19
2015-11-04,IWM,0.0051675322,7.069842e-19
2015-11-05,IWM,-0.0005070994,0.0
2015-11-06,IWM,0.0007605527,0.0
2015-11-09,IWM,0.0070707365,0.0
2015-11-10,IWM,-0.0118124895,4.383489e-20
2015-11-11,IWM,0.0029662296,0.0
2015-11-12,IWM,-0.008754465,7.769577e-18
2015-11-13,IWM,-0.019307615,1.4343091e-19
2015-11-16,IWM,-0.00724989,0.0
2015-11-17,IWM,0.008554521,2.0599841e-18
2015-11-18,IWM,-0.003831756,0.00021443264
2015-11-19,IWM,0.016785305,0.0
2015-11-20,IWM,-0.004213067,3.296641e-18
2015-11-23,IWM,0.0064413846,0.024775077
2015-11-24,IWM,0.0049530417,2.078618e-18
2015-11-25,IWM,0.0072993026,1.6074331e-17
2015-11-26,IWM,0.0077500176,0.0
2015-11-27,IWM,0.0,0.05807679
2015-11-30,IWM,0.0037690066,0.026782766
2015-12-01,IWM,-0.004356575,0.027211618
2015-12-02,IWM,0.0066111796,0.023810277
2015-12-03,IWM,-0.010818169,0.0020012052
2015-12-04,IWM,-0.017007213,0.02125151
2015-12-07,IWM,0.010069204,0.0
2015-12-08,IWM,-0.015142083,1.0398318e-18
2015-12-09,IWM,-0.0055320393,1.4844693e-18
2015-12-10,IWM,-0.011244399,3.6102757e-18
2015-12-11,IWM,0.0033254602,0.0
2015-12-14,IWM,-0.02253044,9.12256e-19
2015-12-15,IWM,-0.0071742753,5.782412e-19
2015-12-16,IWM,0.014297446,0.06372815
2015-12-17,IWM,0.015145134,0.0
2015-12-18,IWM,-0.0107187815,0.0126086855
2015-12-21,IWM,-0.015399299,0.0
2015-12-22,IWM,0.0075067375,3.9372527e-18
2015-12-23,IWM,0.009128436,0.0
2015-12-24,IWM,0.012536876,0.0
2015-12-25,IWM,-0.0024424298,1.5901632e-18
2015-12-28,IWM,0.0,0.0
2015-12-29,IWM,-0.0046395673,0.0
2015-12-30,IWM,0.010734492,1.490778e-19
2015-12-31,IWM,-0.010120484,0.018435324
2015-01-01,EEM,0.0007638447,0.0
2015-01-02,EEM,0.0,0.0
2015-01-05,EEM,-0.013323282,0.0
2015-01-06,EEM,-0.017957542,0.026689166
2015-01-07,EEM,-0.0042105326,0.0
2015-01-08,EEM,0.02139398,0.0
2015-01-09,EEM,0.016893158,0.0
2015-01-12,EEM,-0.0033049476,0.0
2015-01-13,EEM,-0.008182096,0.004477821
2015-01-14,EEM,0.0086912615,0.0
2015-01-15,EEM,-0.0056151245,0.008685486
2015-01-16,EEM,0.0023009086,0.0
2015-01-19,EEM,0.008391658,2.555489e-19
2015-01-20,EEM,0.0,0.018651577
2015-01-21,EEM,-0.0015205274,0.008165316
2015-01-22,EEM,0.021824522,0.0066813407
2015-01-23,EEM,0.018926458,8.919867e-19
2015-01-26,EEM,-0.0075767194,2.891206e-19
2015-01-27,EEM,0.0004905568,3.5776848e-18
2015-01-28,EEM,-0.005409406,1.2225213e-18
2015-01-29,EEM,-0.010907396,0.0
2015-01-30,EEM,0.0,0.017502585
2015-02-02,EEM,-0.027800627,0.007696295
2015-02-03,EEM,0.017780503,0.022251505
2015-02-04,EEM,0.01870612,0.009347506
2015-02-05,EEM,-0.004954184,0.015905581
2015-02-06,EEM,0.0059420825,0.023004144
2015-02-09,EEM,-0.017179558,0.00030634092
2015-02-10,EEM,-0.0015079168,0.0
2015-02-11,EEM,-0.0025182588,0.01242014
2015-02-12,EEM,-0.007339018,0.006043164
2015-02-13,EEM,0.021111617,0.0
2015-02-16,EEM,0.011374999,1.5336943e-18
2015-02-17,EEM,0.0,0.008062991
2015-02-18,EEM,-0.0022153854,0.024930144
2015-02-19,EEM,-0.00024645717,0.022665683
2015-02-20,EEM,-0.0041990923,0.0
2015-02-23,EEM,0.006660935,0.006926801
2015-02-24,EEM,-0.0101323,0.0056106285
2015-02-25,EEM,0.014303573,0.0
2015-02-26,EEM,-0.001960785,0.0
2015-02-27,EEM,0.00024530847,0.016724292
2015-03-02,EEM,-0.000736106,0.018884765
2015-03-03,EEM,-0.0014738396,0.0057017487
2015-03-04,EEM,-0.0077734985,0.0
2015-03-05,EEM,-0.010835152,0.05571322
2015-03-06,EEM,-0.0015037596,0.0
2015-03-09,EEM,-0.015417973,0.004743658
2015-03-10,EEM,-0.003828,0.0
2015-03-11,EEM,-0.0224961,4.8082016e-18
2015-03-12,EEM,0.0075550703,0.020909207
2015-03-13,EEM,0.0062095933,0.0
2015-03-16,EEM,-0.012196856,0.0036200436
2015-03-17,EEM,0.01193889,0.031906184
2015-03-18,EEM,0.011543029,6.53594e-05
2015-03-19,EEM,0.024188632,0.109435536
2015-03-20,EEM,-0.017072974,4.2186376e-20
2015-03-23,EEM,0.014829981,7.889169e-18
2015-03-24,EEM,0.002989539,0.0
2015-03-25,EEM,0.0039721997,2.4041008e-18
2015-03-26,EEM,-0.015984356,1.5817037e-17
2015-03-27,EEM,-0.009358864,3.3620483e-05
2015-03-30,EEM,0.0027915258,0.0
2015-03-31,EEM,0.019076884,2.7428387e-18
2015-04-01,EEM,-0.0022402,2.8776532e-18
2015-04-02,EEM,0.012382526,0.0007673404
2015-04-03,EEM,0.014901949,0.0
2015-04-06,EEM,0.0,0.024777303
2015-04-07,EEM,0.01276972,4.9849663e-18
2015-04-08,EEM,-0.005040212,0.010789934
2015-04-09,EEM,0.020717492,0.016104972
2015-04-10,EEM,0.009849986,0.014561089
2015-04-13,EEM,0.00069987174,0.0
2015-04-14,EEM,-0.005847286,0.027423711
2015-04-15,EEM,0.0044470523,0.0
2015-04-16,EEM,0.0069816434,0.02922339
2015-04-17,EEM,0.007854048,9.251858e-17
2015-04-20,EEM,-0.017642055,4.6259294e-18
2015-04-21,EEM,-0.0009372072,0.015166051
2015-04-22,EEM,0.005843186,2.0443912e-18
2015-04-23,EEM,0.010663059,0.0
2015-04-24,EEM,0.0073512853,0.01504166
2015-04-27,EEM,0.0035414442,0.020341165
2015-04-28,EEM,0.0039833887,0.0
2015-04-29,EEM,0.0015889233,0.0043799262
2015-04-30,EEM,-0.012552944,0.04310097
2015-05-01,EEM,-0.015274539,0.0
2015-05-04,EEM,0.006045124,0.0147602875
2015-05-05,EEM,0.005778359,0.0
2015-05-06,EEM,-0.010891082,0.0016345051
2015-05-07,EEM,-0.012425432,0.0
2015-05-08,EEM,-0.0014164308,3.3199377e-19
2015-05-11,EEM,0.012676226,0.0
2015-05-12,EEM,-0.009609824,1.5832233e-19
2015-05-13,EEM,-0.0033026687,0.0
2015-05-14,EEM,0.0018885747,0.0
2015-05-15,EEM,0.009856921,0.027563196
2015-05-18,EEM,0.0076771346,1.011922e-18
2015-05-19,EEM,-0.0102493325,0.0043752687
2015-05-20,EEM,0.0016376188,0.04036187
2015-05-21,EEM,-0.00070150825,1.3010426e-18
2015-05-22,EEM,-0.003514942,0.0
2015-05-25,EEM,0.0032809966,0.013675012
2015-05-26,EEM,0.0,0.0055212434
2015-05-27,EEM,-0.016038079,0.011547045
2015-05-28,EEM,0.00023772733,5.05961e-19
2015-05-29,EEM,-0.013159659,6.6993192e-18
2015-06-01,EEM,-0.009680618,0.020019896
2015-06-02,EEM,-0.0038986404,0.07042468
2015-06-03,EEM,0.0038986404,0.0
2015-06-04,EEM,-0.0051200893,8.195798e-19
2015-06-05,EEM,-0.015271232,0.1916491
2015-06-08,EEM,-0.004477619,0.016164491
2015-06-09,EEM,-0.00024934547,0.0014065577
2015-06-10,EEM,-0.0060030194,5.604973e-18
2015-06-11,EEM,0.01444608,0.039234377
2015-06-12,EEM,-0.0049578683,0.0
2015-06-15,EEM,0.0,2.3129647e-18
2015-06-16,EEM,-0.011245902,0.0
2015-06-17,EEM,0.00025128786,0.105341494
2015-06-18,EEM,0.006012042,0.0
2015-06-19,EEM,0.009198325,3.69453e-19
2015-06-22,EEM,-0.008698949,1.1564824e-18
2015-06-23,EEM,0.014374473,3.5688323e-18
2015-06-24,EEM,0.009794397,0.0
2015-06-25,EEM,-0.007091361,0.031923465
2015-06-26,EEM,-0.010856262,0.024561565
2015-06-29,EEM,-0.009471656,0.026599266
2015-06-30,EEM,-0.02254116,8.6736174e-19
2015-07-01,EEM,0.01474728,0.0
2015-07-02,EEM,-0.00075748016,0.0
2015-07-03,EEM,0.0047877124,0.0
2015-07-06,EEM,0.0,4.323657e-05
2015-07-07,EEM,-0.028300168,0.0
2015-07-08,EEM,-0.015112326,0.0
2015-07-09,EEM,-0.03499756,0.0
2015-07-10,EEM,0.019120011,3.7585677e-18
2015-07-13,EEM,0.025024353,0.07681264
2015-07-14,EEM,0.0067410157,0.0
2015-07-15,EEM,0.0018071516,4.6259294e-18
2015-07-16,EEM,-0.011413872,9.035018e-21
2015-07-17,EEM,0.012445066,7.806256e-18
2015-07-20,EEM,-0.0012891584,0.0
2015-07-21,EEM,-0.006470839,0.0
2015-07-22,EEM,0.0002596391,0.06450018
2015-07-23,EEM,-0.014381213,8.6736174e-19
2015-07-24,EEM,-0.009792324,0.018068084
2015-07-27,EEM,-0.014465829,1.6865367e-19
2015-07-28,EEM,-0.01906895,0.0
2015-07-29,EEM,0.01012459,0.14387369
2015-07-30,EEM,0.009753532,0.0
2015-07-31,EEM,-0.010025825,6.6773733e-18
2015-08-03,EEM,0.010834342,2.1684043e-19
2015-08-04,EEM,-0.016843647,1.00462334e-17
2015-08-05,EEM,0.0035553162,0.0132768
2015-08-06,EEM,0.00027296302,0.0018126
2015-08-07,EEM,-0.008771986,1.2710782e-18
2015-08-10,EEM,-0.00055081246,9.181837e-19
2015-08-11,EEM,0.016664775,2.7755576e-17
2015-08-12,EEM,-0.022189653,0.002473281
2015-08-13,EEM,-0.015634043,3.4954225e-18
2015-08-14,EEM,-0.0016896653,0.0
2015-08-17,EEM,0.0014082526,0.016900705
2015-08-18,EEM,-0.011037327,0.0
2015-08-19,EEM,-0.010872782,4.5400966e-19
2015-08-20,EEM,-0.012447693,0.052382126
2015-08-21,EEM,-0.015854707,0.02196379
2015-08-24,EEM,-0.03126194,2.806574e-19
2015-08-25,EEM,-0.04464609,8.4703295e-20
2015-08-26,EEM,0.0126905255,5.0426477e-18
2015-08-27,EEM,0.032566067,9.557864e-18
2015-08-28,EEM,0.043296807,7.3353715e-19
2015-08-31,EEM,-0.012941357,0.0
2015-09-01,EEM,0.0017746234,0.0
2015-09-02,EEM,-0.039480794,1.4726364e-17
2015-09-03,EEM,0.014344821,0.08990289
2015-09-04,EEM,0.0039316546,2.0328791e-19
2015-09-07,EEM,-0.030337855,1.9538227e-18
2015-09-08,EEM,0.0,0.0
2015-09-09,EEM,0.03124297,0.05026022
2015-09-10,EEM,-0.005139845,0.0
2015-09-11,EEM,0.010253407,0.036011677
2015-09-14,EEM,0.0038928033,1.5922384e-18
2015-09-15,EEM,-0.0014954392,0.0
2015-09-16,EEM,0.009532393,0.0
2015-09-17,EEM,0.0240199,0.00063726417
2015-09-18,EEM,-0.0023181697,1.5069667e-19
2015-09-21,EEM,-0.018741397,7.679765e-20
2015-09-22,EEM,-0.0017751484,0.012328484
2015-09-23,EEM,-0.018831823,0.0
2015-09-24,EEM,-0.016122023,0.0
2015-09-25,EEM,-0.004302404,2.1684043e-19
2015-09-28,EEM,-0.0021581633,1.0422787e-17
2015-09-29,EEM,-0.021526335,0.0072838664
2015-09-30,EEM,0.004719216,4.1174246e-20
2015-10-01,EEM,0.02846727,3.0249648e-18
2015-10-02,EEM,0.0054761316,0.0
2015-10-05,EEM,0.02634883,0.0
2015-10-06,EEM,0.021342719,3.7043576e-18
2015-10-07,EEM,-0.0017371168,0.0
2015-10-08,EEM,0.026309783,0.0
2015-10-09,EEM,0.010668265,0.0037494146
2015-10-12,EEM,0.0036236974,0.0
2015-10-13,EEM,-0.007540882,0.0
2015-10-14,EEM,-0.01639381,7.2280143e-19
2015-10-15,EEM,0.0076650484,0.0
2015-10-16,EEM,0.024030214,0.0
2015-10-19,EEM,0.00082792883,5.09738e-19
2015-10-20,EEM,-0.010259344,0.0
2015-10-21,EEM,-0.00027874563,0.0
2015-10-22,EEM,-0.0146029,0.0
2015-10-23,EEM,0.020440303,2.893598e-19
2015-10-26,EEM,0.005803526,0.0
2015-10-27,EEM,-0.009135012,2.6727744e-18
2015-10-28,EEM,-0.011467054,0.02737292
2015-10-29,EEM,-0.011600073,0.0
2015-10-30,EEM,-0.009435381,0.0
2015-11-02,EEM,0.0017221589,9.690462e-19
2015-11-03,EEM,0.01959455,9.431596e-18
2015-11-04,EEM,0.013130514,1.4050877e-18
2015-11-05,EEM,-0.008081415,0.0
2015-11-06,EEM,0.0016773837,8.744171e-18
2015-11-09,EEM,-0.014064929,0.0
2015-11-10,EEM,-0.025245173,1.7517832e-18
2015-11-11,EEM,-0.004367455,2.0838208e-20
2015-11-12,EEM,0.0020405196,0.007435752
2015-11-13,EEM,-0.009656256,2.7319326e-20
2015-11-16,EEM,-0.013915842,4.047688e-18
2015-11-17,EEM,0.019194447,0.0
2015-11-18,EEM,-0.0029291175,6.176182e-18
2015-11-19,EEM,0.010771929,0.0
2015-11-20,EEM,0.00897893,4.371092e-19
2015-11-23,EEM,0.010015823,0.09826923
2015-11-24,EEM,-0.00944078,0.0
2015-11-25,EEM,0.0051605618,0.0
2015-11-26,EEM,-0.007750864,0.04023749
2015-11-27,EEM,0.0,3.469447e-18
2015-11-30,EEM,-0.022145428,2.6020852e-18
2015-12-01,EEM,0.0014721039,6.507713e-20
2015-12-02,EEM,0.007620201,0.0
2015-12-03,EEM,-0.01204303,0.0
2015-12-04,EEM,-0.0056304787,0.00016668739
2015-12-07,EEM,0.006811814,0.0
2015-12-08,EEM,-0.016757093,2.6882103e-19
2015-12-09,EEM,-0.0110765165,6.0859967e-18
2015-12-10,EEM,-0.008227991,9.11995e-20
2015-12-11,EEM,-0.006779354,9.983474e-19
2015-12-14,EEM,-0.028410327,0.032045785
2015-12-15,EEM,0.016035559,3.469447e-18
2015-12-16,EEM,0.015168222,0.015290575
2015-12-17,EEM,0.019471258,9.240789e-19
2015-12-18,EEM,-0.013040367,0.0
2015-12-21,EEM,-0.0033634033,2.0534738e-18
2015-12-22,EEM,-0.007686433,0.053832687
2015-12-23,EEM,0.007992664,0.009639817
2015-12-24,EEM,0.013986242,0.0
2015-12-25,EEM,-0.003629768,9.594238e-19
2015-12-28,EEM,0.0,0.0
2015-12-29,EEM,-0.006994099,6.956213e-05
2015-12-30,EEM,0.00091505266,0.056720056
2015-12-31,EEM,-0.015670931,1.1804815e-18
2015-01-01,TLT,0.0019077908,0.15405308
2015-01-02,TLT,0.0,0.17658298
2015-01-05,TLT,0.011056818,0.0
2015-01-06,TLT,0.01558635,0.06160802
2015-01-07,TLT,0.017856933,0.14233679
2015-01-08,TLT,-0.0019768863,0.15402484
2015-01-09,TLT,-0.013331488,0.032689232
2015-01-12,TLT,0.01089302,0.13302252
2015-01-13,TLT,0.005705824,0.12778075
2015-01-14,TLT,0.0,0.12153909
2015-01-15,TLT,0.0075574727,0.14788924
2015-01-16,TLT,0.015613061,0.15143539
2015-01-19,TLT,-0.012831209,0.16901556
2015-01-20,TLT,0.0,0.07329747
2015-01-21,TLT,0.013201758,0.0
2015-01-22,TLT,-0.011626305,0.101518236
2015-01-23,TLT,-0.00360469,0.13537186
2015-01-26,TLT,0.013822178,0.16837731
2015-01-27,TLT,-0.003046857,9.621022e-18
2015-01-28,TLT,0.001561745,8.326673e-17
2015-01-29,TLT,0.016216174,0.11635945
2015-01-30,TLT,-0.006602137,0.065571524
2015-02-02,TLT,0.017582068,0.0
2015-02-03,TLT,-0.005802163,0.027876785
2015-02-04,TLT,-0.021393942,0.12533823
2015-02-05,TLT,0.0017076887,0.06867135
2015-02-06,TLT,-0.011039945,0.067895964
2015-02-09,TLT,-0.01786032,0.07140058
2015-02-10,TLT,-0.0016048301,0.047894258
2015-02-11,TLT,-0.007985913,2.7755576e-17
2015-02-12,TLT,0.0018485717,0.04246671
2015-02-13,TLT,-0.0033144518,0.0
2015-02-16,TLT,-0.010321771,0.03902751
2015-02-17,TLT,0.0,0.014482289
2015-02-18,TLT,-0.015170265,0.040933236
2015-02-19,TLT,0.005922551,0.027666906
2015-02-20,TLT,-0.00663562,0.0
2015-02-23,TLT,0.0029282598,0.011850183
2015-02-24,TLT,0.011393672,0.0
2015-02-25,TLT,0.0130406255,0.018623793
2015-02-26,TLT,0.004309356,0.026545824
2015-02-27,TLT,-0.013762394,0.027096925
2015-03-02,TLT,0.008372791,0.06560593
2015-03-03,TLT,-0.020749575,0.055847038
2015-03-04,TLT,-0.0036323476,0.04165655
2015-03-05,TLT,0.0003163806,3.7007435e-17
2015-03-06,TLT,-0.0012661235,0.07538415
2015-03-09,TLT,-0.022339694,0.0
2015-03-10,TLT,0.009188426,1.2196876e-17
2015-03-11,TLT,0.013072082,3.5284904e-17
2015-03-12,TLT,0.007258987,0.036372263
2015-03-13,TLT,-0.0007077976,3.7007435e-17
2015-03-16,TLT,-0.0030729251,0.14417653
2015-03-17,TLT,0.0095814755,0.0
2015-03-18,TLT,0.008251,0.0
2015-03-19,TLT,0.019118398,0.0
2015-03-20,TLT,-0.0051084706,0.0
2015-03-23,TLT,0.0052605616,0.0
2015-03-24,TLT,-0.0012173782,2.8912057e-17
2015-03-25,TLT,0.00962238,5.551115e-17
2015-03-26,TLT,-0.008481044,0.0
2015-03-27,TLT,-0.015712146,5.3705006e-17
2015-03-30,TLT,0.012360527,1.2481147e-16
2015-03-31,TLT,-0.0049719,1.0996856e-17
2015-04-01,TLT,0.002144773,0.08630999
2015-04-02,TLT,0.01095818,0.016318522
2015-04-03,TLT,-0.010652158,0.0
2015-04-06,TLT,0.0,0.0
2015-04-07,TLT,-0.005599677,1.5812079e-17
2015-04-08,TLT,0.00834966,2.7525801e-17
2015-04-09,TLT,0.00030508733,0.0
2015-04-10,TLT,-0.013049003,0.0
2015-04-13,TLT,0.0014668986,0.050597493
2015-04-14,TLT,0.0013877113,5.493291e-18
2015-04-15,TLT,0.007062827,0.0
2015-04-16,TLT,-0.0008418475,0.0015278506
2015-04-17,TLT,-0.0049890727,0.10807091
2015-04-20,TLT,0.01139984,2.3532355e-17
2015-04-21,TLT,-0.008863816,0.0
2015-04-22,TLT,-0.004538644,4.7551467e-17
2015-04-23,TLT,-0.015383723,0.0
2015-04-24,TLT,0.0042970493,0.0
2015-04-27,TLT,0.0062174755,5.7824114e-17
2015-04-28,TLT,0.0,9.540979e-18
2015-04-29,TLT,-0.013886945,1.0463302e-17
2015-04-30,TLT,-0.012331197,0.0
2015-05-01,TLT,0.0017482522,0.0
2015-05-04,TLT,-0.015603437,0.0
2015-05-05,TLT,-0.00948028,7.879231e-18
2015-05-06,TLT,-0.0013849854,0.0
2015-05-07,TLT,-0.017268745,0.0751799
2015-05-08,TLT,0.013347813,0.06461985
2015-05-11,TLT,0.002697292,0.0047024824
2015-05-12,TLT,-0.024625273,0.020510867
2015-05-13,TLT,0.0025901338,0.034903266
2015-05-14,TLT,-0.008042939,0.0
2015-05-15,TLT,0.0026881737,0.024685252
2015-05-18,TLT,0.019851975,4.00432e-17
2015-05-19,TLT,-0.016920036,2.7755576e-17
2015-05-20,TLT,-0.008906125,8.275114e-18
2015-05-21,TLT,0.0016864833,2.2862862e-17
2015-05-22,TLT,0.0138891125,0.0
2015-05-25,TLT,0.00041536865,0.0
2015-05-26,TLT,0.0,0.0
2015-05-27,TLT,0.016964912,4.6259294e-18
2015-05-28,TLT,0.002283851,0.0
2015-05-29,TLT,-0.0024471828,0.0
2015-06-01,TLT,0.002202734,0.154291
2015-06-02,TLT,-0.012959499,0.0
2015-06-03,TLT,-0.014050196,1.0413147e-16
2015-06-04,TLT,-0.016205622,0.0
2015-06-05,TLT,0.012935041,0.023593036
2015-06-08,TLT,-0.012254537,0.0
2015-06-09,TLT,-0.0011060536,0.0
2015-06-10,TLT,-0.00794842,0.007482255
2015-06-11,TLT,-0.008790887,8.326673e-17
2015-06-12,TLT,0.02081713,3.0599584e-18
2015-06-15,TLT,0.0,4.6259294e-18
2015-06-16,TLT,0.001609556,2.3129647e-18
2015-06-17,TLT,0.007841194,0.033626128
2015-06-18,TLT,-0.0077565517,3.053836e-18
2015-06-19,TLT,-0.004921103,0.0
2015-06-22,TLT,0.012761636,0.047306705
2015-06-23,TLT,-0.020617537,3.4333068e-18
2015-06-24,TLT,-0.006018935,0.0
2015-06-25,TLT,0.008587429,0.0
2015-06-26,TLT,-0.0035119313,0.0
2015-06-29,TLT,-0.011304431,1.0062311e-17
2015-06-30,TLT,0.026124563,3.9546274e-17
2015-07-01,TLT,-0.006956845,0.0
2015-07-02,TLT,-0.015788898,0.018426254
2015-07-03,TLT,0.0032812394,4.7731686e-17
2015-07-06,TLT,0.0,0.0
2015-07-07,TLT,0.018364813,4.485946e-19
2015-07-08,TLT,0.00935098,0.03434863
2015-07-09,TLT,0.00859951,0.07216499
2015-07-10,TLT,-0.019899065,1.2887335e-17
2015-07-13,TLT,-0.015985295,0.023427146
2015-07-14,TLT,-0.0031069326,0.011914227
2015-07-15,TLT,0.0032792573,1.503427e-17
2015-07-16,TLT,0.010541298,0.0
2015-07-17,TLT,0.006881638,0.0
2015-07-20,TLT,0.005151386,0.0
2015-07-21,TLT,-0.004220484,0.0
2015-07-22,TLT,0.0053990344,0.022734156
2015-07-23,TLT,0.0062065115,0.0
2015-07-24,TLT,0.01238123,0.0
2015-07-27,TLT,0.002474432,2.3129647e-18
2015-07-28,TLT,0.005340357,0.07088379
2015-07-29,TLT,-0.0073194127,0.0
2015-07-30,TLT,-0.0037213191,4.2464586e-19
2015-07-31,TLT,0.0076755215,0.0
2015-08-03,TLT,0.0073722485,0.0
2015-08-04,TLT,0.008290035,0.018040163
2015-08-05,TLT,-0.007963637,0.0
2015-08-06,TLT,-0.007534226,1.481743e-17
2015-08-07,TLT,0.008838751,2.8202885e-17
2015-08-10,TLT,0.013032928,0.006652229
2015-08-11,TLT,-0.012462733,8.095376e-18
2015-08-12,TLT,0.015754718,6.071532e-18
2015-08-13,TLT,-0.005465812,0.09331362
2015-08-14,TLT,-0.0032291948,0.016661143
2015-08-17,TLT,0.0023422053,0.03199252
2015-08-18,TLT,0.0045074127,1.4986575e-18
2015-08-19,TLT,-0.007901356,0.0
2015-08-20,TLT,0.009826901,4.0317875e-17
2015-08-21,TLT,0.010048733,0.0
2015-08-24,TLT,0.0030108572,0.08550474
2015-08-25,TLT,-0.0003165058,0.031247567
2015-08-26,TLT,-0.016195655,5.136894e-17
2015-08-27,TLT,-0.01949221,2.7207712e-18
2015-08-28,TLT,0.00057393516,1.503427e-17
2015-08-31,TLT,0.0029464746,8.7603536e-17
2015-09-01,TLT,-0.0077119097,0.098793246
2015-09-02,TLT,0.0050113066,0.0
2015-09-03,TLT,-0.008641673,0.033976804
2015-09-04,TLT,0.004864986,0.0
2015-09-07,TLT,0.00908911,2.5859731e-19
2015-09-08,TLT,0.0,0.02343359
2015-09-09,TLT,-0.014863752,0.0
2015-09-10,TLT,0.0047870674,2.891206e-19
2015-09-11,TLT,-0.0067746458,0.07729724
2015-09-14,TLT,0.0062804935,0.0
2015-09-15,TLT,0.0015639794,0.0
2015-09-16,TLT,-0.019350352,0.12292066
2015-09-17,TLT,-0.0037807229,0.0
2015-09-18,TLT,0.012131502,1.0721856e-16
2015-09-21,TLT,0.015267472,0.0
2015-09-22,TLT,-0.016432391,4.8355417e-17
2015-09-23,TLT,0.013808149,9.494278e-18
2015-09-24,TLT,-8.211866e-05,0.09860235
2015-09-25,TLT,0.006793004,0.06404497
2015-09-28,TLT,-0.008683597,6.985447e-17
2015-09-29,TLT,0.016968917,0.0
2015-09-30,TLT,0.0028272567,0.097380735
2015-10-01,TLT,-0.0034746106,0.0
2015-10-02,TLT,0.0021831421,0.020761471
2015-10-05,TLT,0.006039395,0.0
2015-10-06,TLT,-0.013660641,1.4636089e-17
2015-10-07,TLT,0.0043042256,5.4305433e-18
2015-10-08,TLT,-0.0033280603,0.04922425
2015-10-09,TLT,-0.008409929,0.06647732
2015-10-12,TLT,0.002620375,2.22185e-18
2015-10-13,TLT,0.0075767194,1.2444995e-18
2015-10-14,TLT,0.0017029563,0.0
2015-10-15,TLT,0.008712543,0.084846556
2015-10-16,TLT,-0.0049116407,0.0
2015-10-19,TLT,0.00032281494,0.08061833
2015-10-20,TLT,-0.0027472544,4.5771725e-17
2015-10-21,TLT,-0.00616835,0.0
2015-10-22,TLT,0.009883424,4.694762e-17
2015-10-23,TLT,0.0016914345,0.0
2015-10-26,TLT,-0.008567094,1.3576359e-17
2015-10-27,TLT,0.0066337916,1.4285239e-17
2015-10-28,TLT,0.0024964781,3.6140074e-17
2015-10-29,TLT,-0.0040296637,0.021268176
2015-10-30,TLT,-0.016036812,0.07953142
2015-11-02,TLT,0.0075212913,0.0
2015-11-03,TLT,-0.0067830114,0.042042516
2015-11-04,TLT,-0.008233887,0.07331962
2015-11-05,TLT,0.0011568337,0.0
2015-11-06,TLT,-0.0026461605,0.07180763
2015-11-09,TLT,-0.014764417,0.10366415
2015-11-10,TLT,-0.0056461617,0.07221263
2015-11-11,TLT,0.002953464,9.309503e-18
2015-11-12,TLT,-0.0021087267,4.011548e-18
2015-11-13,TLT,0.004801424,0.05910471
2015-11-16,TLT,0.005698021,0.0
2015-11-17,TLT,-0.0009195403,0.0
2015-11-18,TLT,0.001671263,1.5612511e-17
2015-11-19,TLT,0.0020851586,0.0
2015-11-20,TLT,0.006643439,0.075306185
2015-11-23,TLT,-0.0030671055,0.03265786
2015-11-24,TLT,0.0030671055,0.102712125
2015-11-25,TLT,-8.277118e-05,0.0
2015-11-26,TLT,0.0023150072,4.7213195e-19
2015-11-27,TLT,0.0,0.079353236
2015-11-30,TLT,-0.0009914897,3.1691854e-17
2015-12-01,TLT,0.0039600744,0.035506375
2015-12-02,TLT,0.01129863,0.0
2015-12-03,TLT,0.00032560033,0.01832568
2015-12-04,TLT,-0.0275595,3.4802552e-17
2015-12-07,TLT,0.0087460475,0.0
2015-12-08,TLT,0.009656329,0.0
2015-12-09,TLT,0.00049269176,0.0
2015-12-10,TLT,-0.0010678058,0.0
2015-12-11,TLT,0.0013140606,4.4542638e-18
2015-12-14,TLT,0.015635498,2.3129647e-18
2015-12-15,TLT,-0.013012545,1.0490181e-17
2015-12-16,TLT,-0.0059113475,0.0
2015-12-17,TLT,-0.00214327,0.07767043
2015-12-18,TLT,0.0112420665,0.0
2015-12-21,TLT,0.005533418,1.0292173e-16
2015-12-22,TLT,-0.00024347685,0.0
2015-12-23,TLT,-0.0072502457,0.056133255
2015-12-24,TLT,-0.0075503024,5.482263e-17
2015-12-25,TLT,0.0036181274,0.0980806
2015-12-28,TLT,0.0,0.0
2015-12-29,TLT,0.0029505799,1.1881048e-18
2015-12-30,TLT,-0.016753022,0.0
2015-12-31,TLT,-0.0009991674,0.049201738
2015-01-01,USO,0.0032961927,0.0
2015-01-02,USO,0.0,0.0
2015-01-05,USO,-0.023355098,3.469447e-18
2015-01-06,USO,-0.05689228,0.057645887
2015-01-07,USO,-0.04017913,9.138753e-19
2015-01-08,USO,0.017518776,0.0
2015-01-09,USO,0.009805328,2.628717e-18
2015-01-12,USO,-0.014662223,0.0
2015-01-13,USO,-0.048762813,4.8408748e-18
2015-01-14,USO,0.011989866,1.6222074e-19
2015-01-15,USO,0.03622575,0.0
2015-01-16,USO,-0.045920722,1.518727e-17
2015-01-19,USO,0.049199414,0.0
2015-01-20,USO,0.0,0.0
2015-01-21,USO,-0.047481693,9.396419e-19
2015-01-22,USO,0.016454272,0.0
2015-01-23,USO,-0.020466888,0.0
2015-01-26,USO,-0.02383141,3.5409896e-19
2015-01-27,USO,-0.0076764473,1.8803521e-18
2015-01-28,USO,0.019953713,1.4311818e-19
2015-01-29,USO,-0.03850046,0.0
2015-01-30,USO,0.0072202478,0.0
2015-02-02,USO,0.06611103,4.6259294e-18
2015-02-03,USO,0.04391485,0.0
2015-02-04,USO,0.052313183,5.551115e-17
2015-02-05,USO,-0.070741884,3.7007435e-17
2015-02-06,USO,0.040209115,2.6707815e-18
2015-02-09,USO,0.022858137,1.8503718e-17
2015-02-10,USO,0.015290818,0.0
2015-02-11,USO,-0.04288955,0.029573044
2015-02-12,USO,-0.022964962,3.7007435e-17
2015-02-13,USO,0.035556942,6.505213e-19
2015-02-16,USO,0.022681385,0.0
2015-02-17,USO,0.0,0.0
2015-02-18,USO,0.008627306,0.0
2015-02-19,USO,-0.027146352,6.360653e-18
2015-02-20,USO,-0.008342071,0.00239506
2015-02-23,USO,-0.02384219,0.0
2015-02-24,USO,-0.029381875,0.0
2015-02-25,USO,-0.0038727573,0.0
2015-02-26,USO,0.03325463,0.0
2015-02-27,USO,-0.03380911,0.0
2015-03-02,USO,0.003874901,0.0
2015-03-03,USO,0.012081421,0.0
2015-03-04,USO,0.009236686,0.0
2015-03-05,USO,0.02773511,0.0
2015-03-06,USO,-0.015907016,0.0
2015-03-09,USO,-0.025441155,1.460059e-17
2015-03-10,USO,0.0060125897,0.0
2015-03-11,USO,-0.024270358,5.782412e-19
2015-03-12,USO,-0.007847574,0.0
2015-03-13,USO,-0.018745223,8.6080333e-19
2015-03-16,USO,-0.03738009,0.0
2015-03-17,USO,-0.02715843,0.0022083984
2015-03-18,USO,-0.024142304,0.0
2015-03-19,USO,0.048909504,2.052756e-17
2015-03-20,USO,-0.04141883,8.6736174e-19
2015-03-23,USO,0.021532668,1.1136072e-17
2015-03-24,USO,0.02107877,7.198304e-18
2015-03-25,USO,0.0005957701,0.0
2015-03-26,USO,0.03338524,0.0
2015-03-27,USO,0.047802184,9.396419e-19
2015-03-30,USO,-0.06055598,1.7420561e-17
2015-03-31,USO,0.0052371374,2.3660962e-18
2015-04-01,USO,-0.022895042,3.9320398e-17
2015-04-02,USO,0.04300488,0.0
2015-04-03,USO,-0.001138304,2.7767445e-19
2015-04-06,USO,0.0,4.0587297e-19
2015-04-07,USO,0.048356183,0.0
2015-04-08,USO,0.03361213,0.0
2015-04-09,USO,-0.053338792,4.7644523e-19
2015-04-10,USO,-0.0022160674,1.6937732e-17
2015-04-13,USO,0.020856958,1.1564823e-17
2015-04-14,USO,0.004876737,9.251859e-18
2015-04-15,USO,0.017149402,2.0238441e-17
2015-04-16,USO,0.046205986,0.0
2015-04-17,USO,0.011601644,4.3079937e-17
2015-04-20,USO,-0.0050276625,0.0
2015-04-21,USO,0.002516991,9.322231e-19
2015-04-22,USO,-0.022370024,0.0
2015-04-23,USO,-0.0046379883,2.6572573e-18
2015-04-24,USO,0.02045061,8.4696036e-19
2015-04-27,USO,-0.00456506,4.427159e-19
2015-04-28,USO,-0.0076550515,0.0
2015-04-29,USO,0.004089985,0.00111418
2015-04-30,USO,0.026184779,0.0
2015-05-01,USO,0.019198228,0.004245565
2015-05-04,USO,-0.005377671,4.6259294e-18
2015-05-05,USO,-0.005899722,0.0
2015-05-06,USO,0.02339288,3.715651e-18
2015-05-07,USO,0.002886005,9.8300994e-18
2015-05-08,USO,-0.030231459,0.0
2015-05-11,USO,0.010832208,2.7012e-17
2015-05-12,USO,-0.001960785,6.938894e-18
2015-05-13,USO,0.017510176,0.0
2015-05-14,USO,-0.006287808,3.7007435e-17
2015-05-15,USO,-0.003889164,0.0
2015-05-18,USO,-0.00048721072,7.596296e-19
2015-05-19,USO,-0.003906255,3.7007435e-17
2015-05-20,USO,-0.040434755,1.1600963e-17
2015-05-21,USO,0.010641093,0.0
2015-05-22,USO,0.032724783,0.0
2015-05-25,USO,-0.012270093,0.0
2015-05-26,USO,0.0,3.7007435e-17
2015-05-27,USO,-0.028043902,0.0
2015-05-28,USO,-0.010722594,0.027381584
2015-05-29,USO,0.0040983665,4.2668557e-18
2015-06-01,USO,0.03762671,6.4002835e-18
2015-06-02,USO,0.0024588162,0.0
2015-06-03,USO,0.015594858,1.7058114e-17
2015-06-04,USO,-0.024970697,1.517883e-18
2015-06-05,USO,-0.025610236,3.1803264e-18
2015-06-08,USO,0.012133617,9.050906e-19
2015-06-09,USO,-0.009593611,0.0
2015-06-10,USO,0.02505141,0.0
2015-06-11,USO,0.02105341,0.0067554023
2015-06-12,USO,-0.0072939782,0.0
2015-06-15,USO,-0.010795002,2.8189256e-18
2015-06-16,USO,-0.005937672,9.251859e-18
2015-06-17,USO,0.0054442105,0.0
2015-06-18,USO,-0.0024709674,3.7007435e-17
2015-06-19,USO,0.0073946603,0.0
2015-06-22,USO,-0.016840417,0.0
2015-06-23,USO,0.006968669,8.326673e-17
2015-06-24,USO,0.015259956,0.022541033
2015-06-25,USO,-0.012782868,0.0
2015-06-26,USO,-0.011445758,1.1350821e-17
2015-06-29,USO,0.0,0.0
2015-06-30,USO,-0.023804618,0.0
2015-07-01,USO,0.018787047,1.3353908e-18
2015-07-02,USO,-0.040025868,4.7795244e-18
2015-07-03,USO,-0.00894037,7.401487e-17
2015-07-06,USO,0.0,0.0
2015-07-07,USO,-0.06548984,1.8503718e-17
2015-07-08,USO,0.0016906175,0.0
2015-07-09,USO,-0.021628618,1.6692384e-17
2015-07-10,USO,0.018809332,1.8503718e-17
2015-07-13,USO,-0.0022611655,0.0
2015-07-14,USO,-0.00909614,7.372575e-18
2015-07-15,USO,0.011921799,2.8912057e-18
2015-07-16,USO,-0.028041895,0.0
2015-07-17,USO,-0.010501847,3.242164e-17
2015-07-20,USO,-0.003525268,2.1085808e-19
2015-07-21,USO,-0.017815199,0.0
2015-07-22,USO,0.013095425,0.0
2015-07-23,USO,-0.034289073,4.6259294e-18
2015-07-24,USO,-0.012315427,2.0687785e-18
2015-07-27,USO,-0.006838696,0.0006672428
2015-07-28,USO,-0.02399105,0.0
2015-07-29,USO,0.012698583,0.0
2015-07-30,USO,0.024307834,9.050906e-18
2015-07-31,USO,-0.008658063,0.0
2015-08-03,USO,-0.03218959,3.7007435e-17
2015-08-04,USO,-0.03193494,7.401487e-17
2015-08-05,USO,0.007915609,2.9951085e-18
2015-08-06,USO,-0.012562148,0.0
2015-08-07,USO,-0.010702443,2.6707815e-18
2015-08-10,USO,-0.021067718,0.0
2015-08-11,USO,0.022411805,0.0
2015-08-12,USO,-0.02723109,5.421011e-19
2015-08-13,USO,-0.0034566228,0.0
2015-08-14,USO,-0.024536807,0.0
2015-08-17,USO,-0.007122537,0.0
2015-08-18,USO,-0.007173632,1.0408341e-17
2015-08-19,USO,0.011453239,5.7824114e-18
2015-08-20,USO,-0.045131385,0.0
2015-08-21,USO,-0.004477619,1.1564824e-18
2015-08-24,USO,-0.010526413,0.0
2015-08-25,USO,-0.057558656,2.4037033e-17
2015-08-26,USO,0.01903309,0.0
2015-08-27,USO,0.0031372574,7.8533735e-18
2015-08-28,USO,0.088380836,4.9656625e-17
2015-08-31,USO,0.06453852,0.0
2015-09-01,USO,0.06567195,2.3129647e-18
2015-09-02,USO,-0.070387356,0.0
2015-09-03,USO,0.018729644,3.6140072e-19
2015-09-04,USO,0.016431523,2.3129647e-18
2015-09-07,USO,-0.017094433,0.0
2015-09-08,USO,0.0,0.0
2015-09-09,USO,-0.0039867163,0.0
2015-09-10,USO,-0.03454458,0.0
2015-09-11,USO,0.028534545,0.0
2015-09-14,USO,-0.018932275,0.0
2015-09-15,USO,-0.017906815,2.6707815e-18
2015-09-16,USO,0.012431099,6.004125e-17
2015-09-17,USO,0.05280211,5.551115e-17
2015-09-18,USO,-0.008499561,0.0
2015-09-21,USO,-0.040876713,0.0
2015-09-22,USO,0.028987536,0.0
2015-09-23,USO,-0.008675396,4.8947263e-18
2015-09-24,USO,-0.03270046,0.0
2015-09-25,USO,0.010334229,1.2401021e-05
2015-09-28,USO,0.008870751,0.0
2015-09-29,USO,-0.023368761,2.0687787e-18
2015-09-30,USO,0.015867874,0.00022761813
2015-10-01,USO,0.0047797975,2.7751089e-17
2015-10-02,USO,-0.0068352968,1.3353908e-18
2015-10-05,USO,0.01294737,0.0
2015-10-06,USO,0.015452105,0.0
2015-10-07,USO,0.048155043,4.3187385e-18
2015-10-08,USO,-0.010859258,1.2505724e-19
2015-10-09,USO,0.029739616,2.6707815e-18
2015-10-12,USO,-0.0031220757,0.0
2015-10-13,USO,-0.043457318,6.3290256e-19
2015-10-14,USO,-0.016463988,2.6743653e-18
2015-10-15,USO,-0.0006642312,0.0
2015-10-16,USO,0.0053015365,0.0
2015-10-19,USO,0.0059308247,0.0
2015-10-20,USO,-0.025958197,5.551115e-17
2015-10-21,USO,-0.006765926,2.2851427e-18
2015-10-22,USO,-0.020576857,5.675121e-19
2015-10-23,USO,0.005528694,0.0
2015-10-26,USO,-0.016678635,1.0647206e-17
2015-10-27,USO,-0.018388072,2.9436785e-18
2015-10-28,USO,-0.013654542,0.0
2015-10-29,USO,0.061050173,9.251859e-18
2015-10-30,USO,-0.0040927753,2.0698557e-17
2015-11-02,USO,0.0122284135,0.0
2015-11-03,USO,-0.0040595457,0.0
2015-11-04,USO,0.0353017,0.0
2015-11-05,USO,-0.028544918,1.3353909e-18
2015-11-06,USO,-0.025231479,9.844357e-19
2015-11-09,USO,-0.017415974,0.0
2015-11-10,USO,-0.010597061,1.3031421e-18
2015-11-11,USO,0.0007099752,0.0
2015-11-12,USO,-0.023699494,0.0
2015-11-13,USO,-0.030249448,5.007715e-19
2015-11-16,USO,-0.02196226,0.0
2015-11-17,USO,0.024954036,0.0
2015-11-18,USO,-0.028789867,4.8501947e-19
2015-11-19,USO,0.0030698413,2.6599093e-17
2015-11-20,USO,-0.006920443,0.0
2015-11-23,USO,-0.0023174982,0.0
2015-11-24,USO,0.006936444,3.1866156e-19
2015-11-25,USO,0.02278003,0.0
2015-11-26,USO,0.0052414946,2.891206e-19
2015-11-27,USO,0.0,0.0
2015-11-30,USO,-0.02725377,0.0
2015-12-01,USO,-0.0077041984,5.4638655e-19
2015-12-02,USO,0.0015455954,0.0
2015-12-03,USO,-0.036968425,0.011121814
2015-12-04,USO,0.022971308,0.0
2015-12-07,USO,-0.024575157,4.7885597e-18
2015-12-08,USO,-0.06122673,7.228015e-20
2015-12-09,USO,-0.0034188067,6.2522327e-18
2015-12-10,USO,-0.010327114,6.841325e-19
2015-12-11,USO,-0.016572556,0.0
2015-12-14,USO,-0.026739562,0.0
2015-12-15,USO,0.00809721,0.0
2015-12-16,USO,0.021277398,0.001985148
2015-12-17,USO,-0.036627587,0.0
2015-12-18,USO,-0.023010679,7.2280143e-19
2015-12-21,USO,-0.00747667,1.8822848e-18
2015-12-22,USO,0.0,2.891206e-19
2015-12-23,USO,0.010266072,0.0001167429
2015-12-24,USO,0.044492133,1.8503718e-17
2015-12-25,USO,0.003546103,0.0
2015-12-28,USO,0.0,7.127093e-18
2015-12-29,USO,-0.03329142,0.0
2015-12-30,USO,0.02974532,0.0
2015-12-31,USO,-0.02974532,0.0
2015-01-01,GLD,-0.014162314,0.00047377576
2015-01-02,GLD,0.0,0.0
2015-01-05,GLD,0.0043925224,0.0
2015-01-06,GLD,0.0149646085,0.100983985
2015-01-07,GLD,0.011334485,5.1119745e-18
2015-01-08,GLD,-0.005908816,3.7007435e-17
2015-01-09,GLD,-0.004217418,1.1695537e-18
2015-01-12,GLD,0.011320876,0.015109034
2015-01-13,GLD,0.01102547,2.1684043e-19
2015-01-14,GLD,-0.0033795233,5.423218e-18
2015-01-15,GLD,-0.0016092834,2.5298051e-18
2015-01-16,GLD,0.0248642,3.6482594e-18
2015-01-19,GLD,0.012979727,6.5840024e-18
2015-01-20,GLD,0.0,0.11399014
2015-01-21,GLD,0.013618887,1.4094628e-18
2015-01-22,GLD,0.00024151673,7.869673e-19
2015-01-23,GLD,0.00801736,7.2091164e-18
2015-01-26,GLD,-0.00801736,0.0
2015-01-27,GLD,-0.010031635,0.0
2015-01-28,GLD,0.011399129,0.0
2015-01-29,GLD,-0.007909007,0.33041558
2015-01-30,GLD,-0.021788068,0.0
2015-02-02,GLD,0.022031112,0.16208807
2015-02-03,GLD,-0.00837846,0.20618755
2015-02-04,GLD,-0.011254072,0.18317752
2015-02-05,GLD,0.004368799,0.2262766
2015-02-06,GLD,0.0017257677,0.1640201
2015-02-09,GLD,-0.026204553,0.21537115
2015-02-10,GLD,0.004457347,0.0
2015-02-11,GLD,-0.005891281,0.1552036
2015-02-12,GLD,-0.011887717,0.09788079
2015-02-13,GLD,0.0023036571,0.0
2015-02-16,GLD,0.005439415,0.14227946
2015-02-17,GLD,0.0,0.14843321
2015-02-18,GLD,-0.016838724,0.13852546
2015-02-19,GLD,0.002840544,0.12878676
2015-02-20,GLD,-0.0034441226,0.12027136
2015-02-23,GLD,-0.0057088644,4.607859e-19
2015-02-24,GLD,0.0013003339,0.008249587
2015-02-25,GLD,-0.0014738396,1.0376181e-19
2015-02-26,GLD,0.0038101883,0.1337305
2015-02-27,GLD,0.0031928231,0.08126435
2015-03-02,GLD,0.0007750937,0.0955107
2015-03-03,GLD,-0.004140793,0.091263086
2015-03-04,GLD,-0.0018170024,0.10944701
2015-03-05,GLD,-0.003122563,0.09874774
2015-03-06,GLD,-0.00095606456,0.07785831
2015-03-09,GLD,-0.027684039,0.0
2015-03-10,GLD,0.0009828889,0.0
2015-03-11,GLD,-0.004924134,0.0061214315
2015-03-12,GLD,-0.0060314354,0.11482585
2015-03-13,GLD,-0.00027091705,0.07157671
2015-03-16,GLD,0.0014440436,7.119594e-18
2015-03-17,GLD,-0.0006315125,1.011922e-18
2015-03-18,GLD,-0.005429386,0.013970188
2015-03-19,GLD,0.01940936,0.109099396
2015-03-20,GLD,-0.0007121873,0.0
2015-03-23,GLD,0.011334577,0.0
2015-03-24,GLD,0.006319691,0.08977911
2015-03-25,GLD,0.002446912,0.0
2015-03-26,GLD,0.001395552,0.0
2015-03-27,GLD,0.006515813,0.0
2015-03-30,GLD,-0.0036436233,3.8155563e-18
2015-03-31,GLD,-0.011450673,8.718115e-19
2015-04-01,GLD,-0.000791522,0.3011282
2015-04-02,GLD,0.01692442,0.10622663
2015-04-03,GLD,-0.0027720046,0.03056283
2015-04-06,GLD,0.0,1.9081958e-17
2015-04-07,GLD,0.012156894,5.6280277e-18
2015-04-08,GLD,-0.004982828,0.0
2015-04-09,GLD,-0.0055272616,2.7466456e-18
2015-04-10,GLD,-0.006952318,0.09437126
2015-04-13,GLD,0.011238607,0.18728343
2015-04-14,GLD,-0.0071482654,0.00034112085
2015-04-15,GLD,-0.006098111,0.33333334
2015-04-16,GLD,0.008613617,0.0
2015-04-17,GLD,-0.0034713217,0.030485054
2015-04-20,GLD,0.0049429922,4.6259294e-18
2015-04-21,GLD,-0.0076415795,1.6190752e-17
2015-04-22,GLD,0.005736652,0.0
2015-04-23,GLD,-0.013524922,0.0
2015-04-24,GLD,0.0072651203,0.0
2015-04-27,GLD,-0.014141029,8.095376e-18
2015-04-28,GLD,0.019967385,0.021301629
2015-04-29,GLD,0.008633396,5.8702994e-18
2015-04-30,GLD,-0.0070738737,0.059455168
2015-05-01,GLD,-0.017818622,2.3707888e-17
2015-05-04,GLD,-0.003442952,0.10201628
2015-05-05,GLD,0.008979724,0.0
2015-05-06,GLD,0.002800632,0.029742053
2015-05-07,GLD,-0.0005245214,0.2438251
2015-05-08,GLD,-0.008253625,1.3877788e-17
2015-05-11,GLD,0.0048375134,0.22902112
2015-05-12,GLD,-0.0038681368,0.18483736
2015-05-13,GLD,0.008507703,0.19806008
2015-05-14,GLD,0.017745543,0.18421525
2015-05-15,GLD,0.0053908485,0.14766403
2015-05-18,GLD,0.002982406,0.15293431
2015-05-19,GLD,-8.508828e-05,0.16416407
2015-05-20,GLD,-0.013967066,0.2174489
2015-05-21,GLD,0.0016381432,7.692407e-18
2015-05-22,GLD,-0.0033654086,0.14544924
2015-05-25,GLD,-0.0007782438,0.18056977
2015-05-26,GLD,0.0,0.22325104
2015-05-27,GLD,-0.0147272935,0.20270243
2015-05-28,GLD,-0.00017559262,0.20523582
2015-05-29,GLD,0.0011408014,0.1700702
2015-06-01,GLD,0.00070138526,0.0
2015-06-02,GLD,-0.0008768085,0.17467989
2015-06-03,GLD,0.0040269685,0.0
2015-06-04,GLD,-0.00718986,0.0
2015-06-05,GLD,-0.007064671,0.14168423
2015-06-08,GLD,-0.00533145,0.11123633
2015-06-09,GLD,0.0029358147,0.19498788
2015-06-10,GLD,0.002218378,0.26226887
2015-06-11,GLD,0.008473131,0.33333334
2015-06-12,GLD,-0.0045806984,0.23863447
2015-06-15,GLD,-0.00026491235,0.2262942
2015-06-16,GLD,0.00440607,0.25869742
2015-06-17,GLD,-0.0036115432,0.12614459
2015-06-18,GLD,0.0046661175,0.22130838
2015-06-19,GLD,0.01282908,0.20265539
2015-06-22,GLD,-0.0017358102,0.18731463
2015-06-23,GLD,-0.012939505,0.1978768
2015-06-24,GLD,-0.006621664,0.23341964
2015-06-25,GLD,-0.0026609914,0.22568858
2015-06-26,GLD,-0.0013331558,0.18657702
2015-06-29,GLD,0.0010666668,0.0
2015-06-30,GLD,0.004520683,0.030840239
2015-07-01,GLD,-0.006210098,0.2716956
2015-07-02,GLD,-0.003476714,0.13008097
2015-07-03,GLD,-0.0019665689,0.27835938
2015-07-06,GLD,0.0,0.23250283
2015-07-07,GLD,0.0026807273,0.24033938
2015-07-08,GLD,-0.011668744,0.29698506
2015-07-09,GLD,0.0029749854,0.29434636
2015-07-10,GLD,0.002427513,0.17846459
2015-07-13,GLD,0.0011667042,0.10561106
2015-07-14,GLD,-0.0044947937,0.1436885
2015-07-15,GLD,-0.0022549958,0.33333334
2015-07-16,GLD,-0.0052512567,0.25117546
2015-07-17,GLD,-0.0036376903,0.15989663
2015-07-20,GLD,-0.010164457,0.33333334
2015-07-21,GLD,-0.027526814,0.20837598
2015-07-22,GLD,-0.0031269272,0.12654874
2015-07-23,GLD,-0.0054241936,0.23350531
2015-07-24,GLD,-0.0044948193,0.19819412
2015-07-27,GLD,0.009729188,0.33333334
2015-07-28,GLD,-0.004662013,0.20987102
2015-07-29,GLD,0.0015246811,0.12806734
2015-07-30,GLD,0.0014272804,0.13420151
2015-07-31,GLD,-0.008594399,0.17435409
2015-08-03,GLD,0.0063097724,0.2506666
2015-08-04,GLD,-0.007941485,0.25566357
2015-08-05,GLD,0.0020152591,0.0
2015-08-06,GLD,-0.0036496392,0.23130593
2015-08-07,GLD,0.0044162897,0.25495523
2015-08-10,GLD,0.0024875635,0.114653654
2015-08-11,GLD,0.010172641,0.21675047
2015-08-12,GLD,0.0050948313,0.020255987
2015-08-13,GLD,0.013924808,0.3188435
2015-08-14,GLD,-0.008294162,0.33300507
2015-08-17,GLD,-9.3584764e-05,0.0706918
2015-08-18,GLD,0.0026170686,0.29057193
2015-08-19,GLD,-0.0001867065,0.24393535
2015-08-20,GLD,0.013354553,0.046728853
2015-08-21,GLD,0.01726149,0.11524142
2015-08-24,GLD,0.0062283003,0.25467536
2015-08-25,GLD,-0.0054137097,0.33333334
2015-08-26,GLD,-0.012472281,0.33333334
2015-08-27,GLD,-0.013743702,0.17777723
2015-08-28,GLD,0.0005571031,0.27455443
2015-08-31,GLD,0.008963698,0.22700803
2015-09-01,GLD,0.0011033469,0.22415444
2015-09-02,GLD,0.0034859222,0.08447842
2015-09-03,GLD,-0.0053255106,0.15616466
2015-09-04,GLD,-0.0072069056,0.24888796
2015-09-07,GLD,-0.003250827,0.24878047
2015-09-08,GLD,0.0,0.2575126
2015-09-09,GLD,0.00027905678,0.23105551
2015-09-10,GLD,-0.013012119,0.25670156
2015-09-11,GLD,0.0023528317,0.11230213
2015-09-14,GLD,-0.0020701992,5.523378e-19
2015-09-15,GLD,0.00056502497,0.2587802
2015-09-16,GLD,-0.0030171624,0.21668245
2015-09-17,GLD,0.013226589,0.24991024
2015-09-18,GLD,0.0101984935,0.2423569
2015-09-21,GLD,0.0073522986,0.29070595
2015-09-22,GLD,-0.006246002,0.306603
2015-09-23,GLD,-0.0068417424,0.33333334
2015-09-24,GLD,0.0039813025,0.29284957
2015-09-25,GLD,0.020758826,0.0
2015-09-28,GLD,-0.0061734193,0.004682474
2015-09-29,GLD,-0.012739026,0.21805853
2015-09-30,GLD,-0.0040665492,0.0
2015-10-01,GLD,-0.010426458,0.32421374
2015-10-02,GLD,-0.0012172856,0.23288172
2015-10-05,GLD,0.020953855,0.25119007
2015-10-06,GLD,-0.0020205737,0.20856036
2015-10-07,GLD,0.009971267,0.24014193
2015-10-08,GLD,-0.0014574607,0.0029790346
2015-10-09,GLD,-0.0051179053,0.2422626
2015-10-12,GLD,0.015726881,0.11943758
2015-10-13,GLD,0.0039607575,0.16685
2015-10-14,GLD,0.004928988,0.035934526
2015-10-15,GLD,0.017282302,0.008612609
2015-10-16,GLD,-0.004579488,0.0
2015-10-19,GLD,-0.007086574,0.27075967
2015-10-20,GLD,-0.004186902,0.21952002
2015-10-21,GLD,0.0063181524,0.003521343
2015-10-22,GLD,-0.008910333,0.0
2015-10-23,GLD,-0.00035807,0.14218125
2015-10-26,GLD,-0.0017025856,0.2360791
2015-10-27,GLD,-0.00062799983,0.0062439884
2015-10-28,GLD,0.002241048,0.2429737
2015-10-29,GLD,-0.008091386,0.28247842
2015-10-30,GLD,-0.009614587,0.2762523
2015-11-02,GLD,-0.0038352709,0.33333334
2015-11-03,GLD,-0.006517073,0.27014783
2015-11-04,GLD,-0.014937421,0.00538799
2015-11-05,GLD,-0.009485866,0.26477322
2015-11-06,GLD,-0.0031189478,0.009826108
2015-11-09,GLD,-0.014685112,0.2537738
2015-11-10,GLD,0.0028777,0.0100998115
2015-11-11,GLD,-0.0021095031,0.20597206
2015-11-12,GLD,-0.003365226,2.3129647e-18
2015-11-13,GLD,0.00019260401,0.2909693
2015-11-16,GLD,-0.0027963954,0.33333334
2015-11-17,GLD,0.0014473877,0.009025254
2015-11-18,GLD,-0.01329794,0.012298541
2015-11-19,GLD,0.0008790351,0.18807693
2015-11-20,GLD,0.010971516,0.33333334
2015-11-23,GLD,-0.004548762,0.14273551
2015-11-24,GLD,-0.008083804,2.891206e-19
2015-11-25,GLD,0.0066277045,0.03333332
2015-11-26,GLD,-0.004673816,0.21307942
2015-11-27,GLD,0.0,0.0
2015-11-30,GLD,-0.011879773,5.926972e-18
2015-12-01,GLD,0.006595486,1.205471e-18
2015-12-02,GLD,0.0035259586,5.7824114e-18
2015-12-03,GLD,-0.01566766,0.0
2015-12-04,GLD,0.01057061,0.045763496
2015-12-07,GLD,0.021966089,0.22946654
2015-12-08,GLD,-0.013063227,0.2674065
2015-12-09,GLD,0.0016544211,0.15236522
2015-12-10,GLD,-0.0019466621,0.18211015
2015-12-11,GLD,-0.0008772358,0.33333334
2015-12-14,GLD,0.005445895,0.24429967
2015-12-15,GLD,-0.012884512,0.0020648064
2015-12-16,GLD,-0.002656044,8.632994e-18
2015-12-17,GLD,0.01204303,0.0
2015-12-18,GLD,-0.022141125,0.33333334
2015-12-21,GLD,0.015207166,0.33333334
2015-12-22,GLD,0.010819347,0.08815907
2015-12-23,GLD,-0.0052488456,0.33333334
2015-12-24,GLD,-0.002927974,0.24240892
2015-12-25,GLD,0.0072068875,0.0
2015-12-28,GLD,0.0,0.33333334
2015-12-29,GLD,-0.0075979326,0.23554581
2015-12-30,GLD,-0.00068469706,0.18875091
2015-12-31,GLD,-0.0076613673,0.009739639
2015-01-01,XLF,-0.011255464,0.009447919
2015-01-02,XLF,0.0,4.8324277e-05
2015-01-05,XLF,0.0,0.0
2015-01-06,XLF,-0.021253891,0.010288226
2015-01-07,XLF,-0.015398563,0.00024674233
2015-01-08,XLF,0.010431749,0.060398884
2015-01-09,XLF,0.014832076,0.06840454
2015-01-12,XLF,-0.013585505,0.018814698
2015-01-13,XLF,-0.008331395,0.0025707074
2015-01-14,XLF,-0.0033469254,0.00014631853
2015-01-15,XLF,-0.014365155,0.00012708433
2015-01-16,XLF,-0.012418,0.06172407
2015-01-19,XLF,0.011993435,0.028103102
2015-01-20,XLF,0.0,0.012104997
2015-01-21,XLF,-0.0042661238,0.0
2015-01-22,XLF,0.0025608074,0.04711633
2015-01-23,XLF,0.024434097,0.012007835
2015-01-26,XLF,-0.010882666,6.007356e-05
2015-01-27,XLF,0.005038679,2.3713759e-18
2015-01-28,XLF,-0.010941589,6.1798742e-18
2015-01-29,XLF,-0.01836651,1.3993644e-18
2015-01-30,XLF,0.0081571825,0.004262265
2015-02-02,XLF,-0.016381452,0.0
2015-02-03,XLF,0.015954891,0.022380397
2015-02-04,XLF,0.0165388,0.0
2015-02-05,XLF,-0.0025262954,3.9528203e-21
2015-02-06,XLF,0.010072255,0.0
2015-02-09,XLF,0.00790275,0.020106623
2015-02-10,XLF,-0.004986368,0.08247075
2015-02-11,XLF,0.007879827,0.015203202
2015-02-12,XLF,0.0,0.045531675
2015-02-13,XLF,0.009865263,1.3877788e-17
2015-02-16,XLF,-0.0008162978,0.019874893
2015-02-17,XLF,0.0,0.05202281
2015-02-18,XLF,0.003266225,0.00054356153
2015-02-19,XLF,-0.006138637,0.062417
2015-02-20,XLF,-0.00411346,0.030046497
2015-02-23,XLF,0.0073941043,2.3129646e-17
2015-02-24,XLF,-0.002456948,0.0014164472
2015-02-25,XLF,0.004907874,0.0
2015-02-26,XLF,0.0,0.035509735
2015-02-27,XLF,-0.002450926,0.0
2015-03-02,XLF,-0.003690218,0.031226216
2015-03-03,XLF,0.0073668687,0.0
2015-03-04,XLF,-0.0028606856,0.022714194
2015-03-05,XLF,-0.006151224,2.4575249e-18
2015-03-06,XLF,0.004105017,0.0
2015-03-09,XLF,-0.007398158,1.0996477e-17
2015-03-10,XLF,0.0045284396,0.016121099
2015-03-11,XLF,-0.021598162,0.01899475
2015-03-12,XLF,0.006277368,0.0
2015-03-13,XLF,0.021464447,0.03578214
2015-03-16,XLF,-0.006963641,0.00015546808
2015-03-17,XLF,0.0122597795,7.212312e-20
2015-03-18,XLF,-0.0024439727,0.029631434
2015-03-19,XLF,0.0056850296,6.4374504e-18
2015-03-20,XLF,-0.009352159,4.785017e-19
2015-03-23,XLF,0.009755931,0.08719101
2015-03-24,XLF,-0.005677716,0.03599392
2015-03-25,XLF,-0.0081731295,3.6140073e-20
2015-03-26,XLF,-0.016133368,0.038437154
2015-03-27,XLF,-0.00083744136,0.0
2015-03-30,XLF,-0.0012497591,4.3474607e-18
2015-03-31,XLF,0.014519738,0.008780779
2015-04-01,XLF,-0.0070291813,0.0
2015-04-02,XLF,-0.0008278146,0.0
2015-04-03,XLF,0.004966813,0.0
2015-04-06,XLF,0.0,2.4231695e-19
2015-04-07,XLF,0.0016518303,0.024930041
2015-04-08,XLF,-0.0053720726,3.3971669e-18
2015-04-09,XLF,0.0037202423,0.0
2015-04-10,XLF,0.0014486752,5.8402305e-20
2015-04-13,XLF,-0.00020827672,0.010880708
2015-04-14,XLF,0.003706929,3.1057875e-18
2015-04-15,XLF,0.0,0.005331334
2015-04-16,XLF,0.0036932384,0.008927382
2015-04-17,XLF,0.0014311849,0.0150396265
2015-04-20,XLF,-0.013378516,0.0
2015-04-21,XLF,0.0041355626,0.1462151
2015-04-22,XLF,-0.004967796,0.028039165
2015-04-23,XLF,0.0070291813,0.0
2015-04-24,XLF,0.0016470669,5.0219276e-17
2015-04-27,XLF,-0.0016470669,0.0
2015-04-28,XLF,-0.0037145768,0.091978855
2015-04-29,XLF,0.0057717212,1.543181e-17
2015-04-30,XLF,-0.0004100778,0.0
2015-05-01,XLF,-0.007844015,0.13483301
2015-05-04,XLF,0.008664003,0.053384412
2015-05-05,XLF,0.009812811,0.029353432
2015-05-06,XLF,-0.008993495,0.030185036
2015-05-07,XLF,-0.0049361545,0.0062894667
2015-05-08,XLF,0.0069865566,0.0009552883
2015-05-11,XLF,0.014236293,0.006722431
2015-05-12,XLF,-0.0036374547,0.0
2015-05-13,XLF,-0.0036557443,0.03302824
2015-05-14,XLF,0.0004057415,0.025324853
2015-05-15,XLF,0.008904769,0.010627918
2015-05-18,XLF,-0.004442473,0.0
2015-05-19,XLF,0.0056528924,0.0011199288
2015-05-20,XLF,0.005621117,0.020828253
2015-05-21,XLF,-0.0028090808,1.7347235e-18
2015-05-22,XLF,-0.0024105401,0.020258248
2015-05-25,XLF,0.0004013348,0.017292991
2015-05-26,XLF,0.0,0.0
2015-05-27,XLF,-0.011323761,6.324513e-19
2015-05-28,XLF,0.010922426,0.016418569
2015-05-29,XLF,-0.0012049718,0.0
2015-06-01,XLF,-0.008906136,7.806256e-18
2015-06-02,XLF,0.0008156628,2.1755294e-20
2015-06-03,XLF,0.0016193446,0.000106862
2015-06-04,XLF,0.008483562,0.0
2015-06-05,XLF,-0.0088881515,0.01795028
2015-06-08,XLF,0.0056643263,0.0
2015-06-09,XLF,-0.0060690804,0.030441608
2015-06-10,XLF,0.0024310567,0.035309736
2015-06-11,XLF,0.014070305,0.0010534266
2015-06-12,XLF,0.0039839908,0.0
2015-06-15,XLF,-0.0043822806,1.1315872e-18
2015-06-16,XLF,-0.0044015697,0.0034776381
2015-06-17,XLF,0.0056008757,0.007637766
2015-06-18,XLF,-0.0011993061,0.022904426
2015-06-19,XLF,0.009145137,0.0
2015-06-22,XLF,-0.021198066,0.035277665
2015-06-23,XLF,0.015244619,2.3852448e-18
2015-06-24,XLF,0.0019884228,0.16459154
2015-06-25,XLF,-0.008382023,0.0017289896
2015-06-26,XLF,-0.0060276324,3.911333e-18
2015-06-29,XLF,0.003221237,0.021888431
2015-06-30,XLF,-0.02440086,0.0812818
2015-07-01,XLF,0.0036993127,0.0
2015-07-02,XLF,0.015060042,0.035396975
2015-07-03,XLF,-0.004453262,0.022055844
2015-07-06,XLF,0.0,1.3481718e-19
2015-07-07,XLF,-0.004066614,0.0697107
2015-07-08,XLF,0.002035374,0.017237809
2015-07-09,XLF,-0.017643148,0.025405828
2015-07-10,XLF,0.007834337,0.04839556
2015-07-13,XLF,0.011840051,0.0063695344
2015-07-14,XLF,0.012101549,0.003302929
2015-07-15,XLF,0.0024018497,2.0821863e-20
2015-07-16,XLF,0.008363775,2.1161575e-05
2015-07-17,XLF,0.009872506,0.0
2015-07-20,XLF,-0.0027560436,0.050460935
2015-07-21,XLF,0.0011827839,0.0064927256
2015-07-22,XLF,-0.0011827839,1.229104e-18
2015-07-23,XLF,0.007456212,0.06457645
2015-07-24,XLF,-0.0086355405,0.0
2015-07-27,XLF,-0.009509546,0.00074505317
2015-07-28,XLF,-0.007193214,0.051576328
2015-07-29,XLF,0.0040015234,0.012162131
2015-07-30,XLF,0.00993431,0.0062729344
2015-07-31,XLF,0.0,0.0
2015-08-03,XLF,-0.0031702085,0.0
2015-08-04,XLF,-0.001187756,0.0303735
2015-08-05,XLF,-0.0015907709,0.0
2015-08-06,XLF,0.003969753,0.0
2015-08-07,XLF,-0.0035730472,0.0
2015-08-10,XLF,0.0019860591,0.0146881705
2015-08-11,XLF,0.009479527,6.536271e-20
2015-08-12,XLF,-0.009083766,0.024615042
2015-08-13,XLF,-0.0091621075,0.009117168
2015-08-14,XLF,0.0035973121,0.023832446
2015-08-17,XLF,0.007151156,0.0090833185
2015-08-18,XLF,0.0019782016,0.12573662
2015-08-19,XLF,-0.00078886247,0.0
2015-08-20,XLF,-0.009141511,0.0
2015-08-21,XLF,-0.021381278,0.022533804
2015-08-24,XLF,-0.036550142,0.013011271
2015-08-25,XLF,-0.04278047,0.013595079
2015-08-26,XLF,-0.014231783,8.1134465e-18
2015-08-27,XLF,0.036927655,3.0444054e-19
2015-08-28,XLF,0.024305703,2.3129646e-17
2015-08-31,XLF,-0.0046431543,6.741915e-20
2015-09-01,XLF,-0.008499643,0.037671342
2015-09-02,XLF,-0.03297836,3.339374e-19
2015-09-03,XLF,0.013585831,0.009345996
2015-09-04,XLF,0.0056378217,0.0
2015-09-07,XLF,-0.020104073,0.0013183027
2015-09-08,XLF,0.0,0.0023413114
2015-09-09,XLF,0.025286272,0.0
2015-09-10,XLF,-0.01387395,1.4621354e-18
2015-09-11,XLF,0.004788739,0.01991349
2015-09-14,XLF,0.0043345573,0.3047263
2015-09-15,XLF,-0.00216493,5.782412e-19
2015-09-16,XLF,0.014204784,3.220007e-20
2015-09-17,XLF,0.006389664,0.0
2015-09-18,XLF,-0.014113668,5.8128276e-20
2015-09-21,XLF,-0.024411162,0.0
2015-09-22,XLF,0.011407327,0.0
2015-09-23,XLF,-0.0127342725,3.069123e-18
2015-09-24,XLF,0.0004461371,6.142499e-20
2015-09-25,XLF,-0.0070964484,0.045608245
2015-09-28,XLF,0.014574901,0.0
2015-09-29,XLF,-0.023511345,0.0
2015-09-30,XLF,0.0017947922,0.0
2015-10-01,XLF,0.015118907,0.031218302
2015-10-02,XLF,0.00044011336,1.4224525e-17
2015-10-05,XLF,0.0013246041,6.3499483e-18
2015-10-06,XLF,0.02092659,0.03734991
2015-10-07,XLF,-0.0047609247,0.0
2015-10-08,XLF,0.00777403,0.0
2015-10-09,XLF,0.006004375,0.0
2015-10-12,XLF,-0.006433506,0.018251836
2015-10-13,XLF,0.0008580782,0.013039342
2015-10-14,XLF,-0.007765347,0.0062381052
2015-10-15,XLF,-0.008267188,2.1690328e-17
2015-10-16,XLF,0.02246054,6.4817823e-18
2015-10-19,XLF,0.005963466,1.2608661e-19
2015-10-20,XLF,-0.00084750645,0.0003173017
2015-10-21,XLF,0.005927922,3.8237445e-18
2015-10-22,XLF,-0.007205771,0.0017047928
2015-10-23,XLF,0.016042596,4.3431846e-18
2015-10-26,XLF,0.010827662,0.0
2015-10-27,XLF,-0.004151017,0.30137125
2015-10-28,XLF,-0.005841555,3.0345452e-18
2015-10-29,XLF,0.023159193,0.0
2015-10-30,XLF,-0.001224197,0.0
2015-11-02,XLF,-0.014429943,0.0
2015-11-03,XLF,0.013607932,0.01740072
2015-11-04,XLF,0.0016383075,0.0
2015-11-05,XLF,-0.0028650134,0.011938185
2015-11-06,XLF,0.004093243,7.822719e-18
2015-11-09,XLF,0.0101604005,3.536618e-19
2015-11-10,XLF,-0.01098073,4.320717e-18
2015-11-11,XLF,0.0044909804,0.0029927313
2015-11-12,XLF,-0.0032632516,7.2891925e-18
2015-11-13,XLF,-0.015221133,0.010786206
2015-11-16,XLF,-0.008331395,0.0
2015-11-17,XLF,0.012051637,8.2830616e-18
2015-11-18,XLF,-0.0020673578,0.025728092
2015-11-19,XLF,0.017643148,0.0
2015-11-20,XLF,0.0016263217,0.02512753
2015-11-23,XLF,0.0016236812,0.004644037
2015-11-24,XLF,-0.0040616505,0.0
2015-11-25,XLF,-0.002856019,0.0
2015-11-26,XLF,0.0008189906,0.0
2015-11-27,XLF,0.0,0.009529566
2015-11-30,XLF,0.0024429346,0.0
2015-12-01,XLF,-0.00081699144,0.0022988713
2015-12-02,XLF,0.010936265,0.0048899846
2015-12-03,XLF,-0.011748906,2.3491048e-19
2015-12-04,XLF,-0.016433874,0.021899639
2015-12-07,XLF,0.0261671,1.5313274e-17
2015-12-08,XLF,-0.009326824,0.0
2015-12-09,XLF,-0.01270642,0.019128006
2015-12-10,XLF,-0.011620195,0.0005043423
2015-12-11,XLF,0.00083744136,6.578489e-19
2015-12-14,XLF,-0.022351244,0.0
2015-12-15,XLF,0.0021298816,1.1564823e-17
2015-12-16,XLF,0.023134096,0.0010960788
2015-12-17,XLF,0.016086819,0.036112513
2015-12-18,XLF,-0.01442401,0.0
2015-12-21,XLF,-0.033343785,0.0
2015-12-22,XLF,0.009824729,7.323091e-18
2015-12-23,XLF,0.00930404,0.0
2015-12-24,XLF,0.011722327,0.0
2015-12-25,XLF,-0.0008356982,3.3058224e-18
2015-12-28,XLF,0.0,1.24205545e-17
2015-12-29,XLF,-0.0008312638,0.0
2015-12-30,XLF,0.010366862,0.00044592007
2015-12-31,XLF,-0.0070408285,0.0453113
2015-01-01,XLB,-0.009832115,7.228015e-20
2015-01-02,XLB,0.0,0.028721986
2015-01-05,XLB,0.001439885,9.86543e-19
2015-01-06,XLB,-0.025818631,0.006262542
2015-01-07,XLB,-0.008898363,0.0
2015-01-08,XLB,0.011215862,7.228015e-20
2015-01-09,XLB,0.023501134,0.0027877649
2015-01-12,XLB,-0.005151995,0.0
2015-01-13,XLB,-0.002275314,4.0093948e-20
2015-01-14,XLB,-0.011245433,9.481534e-20
2015-01-15,XLB,-0.011797061,0.0
2015-01-16,XLB,-0.0019090048,8.4603526e-19
2015-01-19,XLB,0.015798116,1.5464525e-19
2015-01-20,XLB,0.0,0.0043471693
2015-01-21,XLB,0.0016704953,0.0023177427
2015-01-22,XLB,0.0097582005,0.026221296
2015-01-23,XLB,0.012524545,1.437073e-19
2015-01-26,XLB,-0.015628532,0.0
2015-01-27,XLB,0.0043428876,0.0
2015-01-28,XLB,-0.0068330322,0.0
2015-01-29,XLB,-0.018241411,2.0342649e-19
2015-01-30,XLB,0.013033609,0.0
2015-02-02,XLB,-0.0039761486,0.0031192736
2015-02-03,XLB,0.008976159,8.6736174e-19
2015-02-04,XLB,0.021789147,0.0
2015-02-05,XLB,-0.006527971,0.0060140537
2015-02-06,XLB,0.02386362,0.004489233
2015-02-09,XLB,-0.0024009615,0.025546884
2015-02-10,XLB,-0.001202646,0.0
2015-02-11,XLB,0.0073933797,0.014676254
2015-02-12,XLB,-0.0015939433,1.2016574e-18
2015-02-13,XLB,0.017003177,0.0077438005
2015-02-16,XLB,0.008394388,0.003145396
2015-02-17,XLB,0.0,0.008281619
2015-02-18,XLB,0.0011657277,0.0085026175
2015-02-19,XLB,0.0027147583,1.5540231e-18
2015-02-20,XLB,0.0027074083,0.0
2015-02-23,XLB,0.0028926835,0.06590483
2015-02-24,XLB,-0.0011560695,0.00094348285
2015-02-25,XLB,0.0042324034,0.08089335
2015-02-26,XLB,-0.0028837856,0.0
2015-02-27,XLB,-0.0063737542,2.1458169e-20
2015-03-02,XLB,-0.0023278382,0.0
2015-03-03,XLB,0.0065815183,0.011176648
2015-03-04,XLB,-0.005416922,0.0033110848
2015-03-05,XLB,-0.003497866,8.6736174e-19
2015-03-06,XLB,-0.004291852,0.0
2015-03-09,XLB,-0.013581549,6.236375e-18
2015-03-10,XLB,0.0013862761,1.6010053e-17
2015-03-11,XLB,-0.0153557705,0.049131863
2015-03-12,XLB,-0.0012065154,0.0014804219
2015-03-13,XLB,0.0123976795,0.0
2015-03-16,XLB,-0.009584738,0.0
2015-03-17,XLB,-0.0016064261,0.02349096
2015-03-18,XLB,-0.011114594,6.7762636e-20
2015-03-19,XLB,0.015125831,0.114798404
2015-03-20,XLB,-0.01736365,0.0
2015-03-23,XLB,0.002644159,0.018955411
2015-03-24,XLB,0.0,9.64669e-19
2015-03-25,XLB,-0.0032553438,0.0002262208
2015-03-26,XLB,-0.011271766,3.9991394e-20
2015-03-27,XLB,0.0022645404,0.014481839
2015-03-30,XLB,-0.00041135337,0.0
2015-03-31,XLB,0.013486106,0.040512674
2015-04-01,XLB,-0.009994984,0.010060122
2015-04-02,XLB,0.002865918,1.5811281e-20
2015-04-03,XLB,0.0010215549,0.0
2015-04-06,XLB,0.0,0.016340613
2015-04-07,XLB,0.007932514,0.0
2015-04-08,XLB,-0.0016220603,1.445603e-19
2015-04-09,XLB,0.0028368814,5.2041704e-18
2015-04-10,XLB,0.0028288562,0.21584567
2015-04-13,XLB,0.0028208764,0.006954988
2015-04-14,XLB,-0.0040322635,0.01737503
2015-04-15,XLB,0.0042334506,0.0
2015-04-16,XLB,0.009609683,0.05246826
2015-04-17,XLB,-0.0021940768,0.27883807
2015-04-20,XLB,-0.009227749,0.00011954339
2015-04-21,XLB,0.0072289472,0.0
2015-04-22,XLB,-0.007430499,2.8730226e-17
2015-04-23,XLB,0.0020136938,0.0
2015-04-24,XLB,0.0026117545,2.170491e-17
2015-04-27,XLB,0.008391658,1.6263033e-18
2015-04-28,XLB,0.008716378,3.469447e-18
2015-04-29,XLB,0.0013797183,0.0
2015-04-30,XLB,-0.0005910748,0.24848177
2015-05-01,XLB,-0.0063266326,1.1926939e-18
2015-05-04,XLB,0.016327696,7.950816e-19
2015-05-05,XLB,-0.0027354453,4.5505075e-18
2015-05-06,XLB,-0.011412953,0.0
2015-05-07,XLB,0.00019788266,0.0014092383
2015-05-08,XLB,0.004343541,2.138839e-19
2015-05-11,XLB,0.015831465,0.03372347
2015-05-12,XLB,-0.0046647317,0.02107231
2015-05-13,XLB,-0.0105758915,1.1341522e-18
2015-05-14,XLB,-0.0011820332,4.944279e-18
2015-05-15,XLB,0.010393269,0.0069473907
2015-05-18,XLB,0.0048652426,0.0004023569
2015-05-19,XLB,-0.004475151,1.0842022e-19
2015-05-20,XLB,-0.0048871175,0.0
2015-05-21,XLB,-0.00058806234,0.0
2015-05-22,XLB,0.003523198,0.0
2015-05-25,XLB,-0.0011730207,6.3245125e-20
2015-05-26,XLB,0.0,0.0
2015-05-27,XLB,-0.012598592,0.007955197
2015-05-28,XLB,0.006515967,8.510098e-05
2015-05-29,XLB,0.002555284,2.0887719e-19
2015-06-01,XLB,-0.0064992844,2.2584806e-18
2015-06-02,XLB,0.00039510077,0.08822876
2015-06-03,XLB,0.0031551989,0.0
2015-06-04,XLB,0.0009839615,0.0
2015-06-05,XLB,-0.011871925,3.6140073e-20
2015-06-08,XLB,-0.004588537,4.2351742e-18
2015-06-09,XLB,-0.0036057732,0.001410362
2015-06-10,XLB,0.0006018658,1.8902483e-19
2015-06-11,XLB,0.010375192,0.0
2015-06-12,XLB,0.0023790654,0.021723207
2015-06-15,XLB,-0.0059583094,5.643258e-19
2015-06-16,XLB,-0.006194445,3.6612494e-20
2015-06-17,XLB,0.0051979325,0.0
2015-06-18,XLB,0.004178695,0.0052133477
2015-06-19,XLB,0.008305367,7.530037e-20
2015-06-22,XLB,-0.011288366,0.009047975
2015-06-23,XLB,0.003776965,9.035018e-19
2015-06-24,XLB,-0.002781643,5.7372363e-19
2015-06-25,XLB,-0.012815554,0.011120289
2015-06-26,XLB,-0.00080645166,0.008671469
2015-06-29,XLB,-0.0038395522,0.29539028
2015-06-30,XLB,-0.023559421,1.17635936e-17
2015-07-01,XLB,0.0031046283,0.0
2015-07-02,XLB,0.0055641565,1.0774212e-19
2015-07-03,XLB,-0.003087375,0.0
2015-07-06,XLB,0.0,2.7354997e-06
2015-07-07,XLB,-0.008279907,0.0
2015-07-08,XLB,-0.0033312545,6.938894e-18
2015-07-09,XLB,-0.022141125,9.740879e-21
2015-07-10,XLB,0.002980628,1.887037e-18
2015-07-13,XLB,0.013933094,0.023861716
2015-07-14,XLB,0.010842475,6.743137e-20
2015-07-15,XLB,0.0055837184,7.149611e-21
2015-07-16,XLB,-0.007867536,4.517509e-20
2015-07-17,XLB,-0.0024974,0.0
2015-07-20,XLB,-0.0069001843,0.0
2015-07-21,XLB,-0.0084282,0.0064559877
2015-07-22,XLB,-0.006155172,1.5540231e-18
2015-07-23,XLB,-0.004267128,0.0
2015-07-24,XLB,-0.014645965,0.0
2015-07-27,XLB,-0.022157317,0.0
2015-07-28,XLB,-0.011153361,2.6581024e-17
2015-07-29,XLB,0.020646755,4.5718107e-19
2015-07-30,XLB,0.0072249905,1.535953e-19
2015-07-31,XLB,0.0050049066,0.0
2015-08-03,XLB,-0.0026081302,8.6736174e-19
2015-08-04,XLB,-0.007865455,2.1896577e-19
2015-08-05,XLB,0.0043773325,1.4456029e-18
2015-08-06,XLB,0.005010358,5.1525072e-18
2015-08-07,XLB,-0.0034828072,0.0
2015-08-10,XLB,-0.01405381,0.0
2015-08-11,XLB,0.024250232,0.040694516
2015-08-12,XLB,-0.018736932,0.0
2015-08-13,XLB,0.0037317572,0.0
2015-08-14,XLB,-0.002852443,0.0
2015-08-17,XLB,0.004603757,0.22094989
2015-08-18,XLB,0.00567068,0.0
2015-08-19,XLB,-0.006545954,0.0
2015-08-20,XLB,-0.012334958,0.19689734
2015-08-21,XLB,-0.019018361,0.17663436
2015-08-24,XLB,-0.02469826,0.0
2015-08-25,XLB,-0.042811316,1.1293773e-21
2015-08-26,XLB,-0.01583275,9.035018e-19
2015-08-27,XLB,0.026648864,0.0
2015-08-28,XLB,0.03569292,3.3735646e-19
2015-08-31,XLB,0.005750447,0.0
2015-09-01,XLB,-0.0055197934,0.0
2015-09-02,XLB,-0.030915812,0.22323638
2015-09-03,XLB,0.014171233,0.00015353794
2015-09-04,XLB,0.006079046,0.030063437
2015-09-07,XLB,-0.02001244,4.96926e-20
2015-09-08,XLB,0.0,0.0004773735
2015-09-09,XLB,0.02466361,0.052017596
2015-09-10,XLB,-0.007686075,0.0
2015-09-11,XLB,0.0023353584,0.16510503
2015-09-14,XLB,-0.0014005605,0.0
2015-09-15,XLB,-0.011984634,0.007933206
2015-09-16,XLB,0.0073018814,0.0
2015-09-17,XLB,0.014214383,0.0
2015-09-18,XLB,-0.004638227,2.4896511e-20
2015-09-21,XLB,-0.026856737,0.0
2015-09-22,XLB,0.0033373095,3.0271737e-18
2015-09-23,XLB,-0.018737037,0.0
2015-09-24,XLB,-0.021569464,0.0
2015-09-25,XLB,-0.0027291917,0.0
2015-09-28,XLB,-0.0012430082,0.0
2015-09-29,XLB,-0.031588223,0.11527481
2015-09-30,XLB,0.0038436947,1.153973e-19
2015-10-01,XLB,0.020754984,2.1351569e-18
2015-10-02,XLB,0.011209483,2.565945e-18
2015-10-05,XLB,0.024227295,7.973036e-18
2015-10-06,XLB,0.025777083,1.7618285e-19
2015-10-07,XLB,0.012876216,0.0
2015-10-08,XLB,0.013171768,0.0
2015-10-09,XLB,0.013906527,0.038939156
2015-10-12,XLB,-0.00045289856,0.0
2015-10-13,XLB,-0.008644276,0.0
2015-10-14,XLB,-0.0038915009,0.0
2015-10-15,XLB,0.007995474,0.0
2015-10-16,XLB,0.0027266548,2.840613e-17
2015-10-19,XLB,0.0004537205,4.0098756e-19
2015-10-20,XLB,-0.007055907,7.8027114e-20
2015-10-21,XLB,0.0015976267,0.0
2015-10-22,XLB,-0.008933744,0.0
2015-10-23,XLB,0.027013332,0.0
2015-10-26,XLB,0.0082525285,0.092269994
2015-10-27,XLB,-0.0082525285,2.8429112e-19
2015-10-28,XLB,-0.004264399,0.046204355
2015-10-29,XLB,0.014957305,0.0
2015-10-30,XLB,0.0019922531,0.0035602325
2015-11-02,XLB,0.001325967,1.7347235e-18
2015-11-03,XLB,0.006164705,0.05200925
2015-11-04,XLB,0.00394305,0.0
2015-11-05,XLB,-0.0065804143,0.0
2015-11-06,XLB,-0.005074473,0.0
2015-11-09,XLB,0.0026507636,0.0
2015-11-10,XLB,-0.0068622297,0.0
2015-11-11,XLB,-0.0073570726,1.9720398e-20
2015-11-12,XLB,0.0011181931,3.8589514e-17
2015-11-13,XLB,-0.020321313,4.7075624e-21
2015-11-16,XLB,0.012692827,0.0
2015-11-17,XLB,0.012756132,0.0
2015-11-18,XLB,-0.0011124709,6.2533436e-18
2015-11-19,XLB,0.017652709,0.12629396
2015-11-20,XLB,-0.0010942117,0.013947872
2015-11-23,XLB,-0.0030701777,0.014905729
2015-11-24,XLB,0.0013169448,1.474561e-17
2015-11-25,XLB,0.0083006155,4.917518e-19
2015-11-26,XLB,-0.0063284445,0.08001643
2015-11-27,XLB,0.0,0.0
2015-11-30,XLB,-0.0013143485,0.0
2015-12-01,XLB,0.0024083208,0.0
2015-12-02,XLB,0.006973225,2.514633e-20
2015-12-03,XLB,-0.0135550825,0.0066974587
2015-12-04,XLB,-0.008843745,0.0
2015-12-07,XLB,0.017391743,0.0
2015-12-08,XLB,-0.018058186,0.0
2015-12-09,XLB,-0.019069564,1.650235e-19
2015-12-10,XLB,0.029679742,3.7065433e-19
2015-12-11,XLB,-0.0075038974,3.9453946e-19
2015-12-14,XLB,-0.026943704,0.05379036
2015-12-15,XLB,-0.01328771,1.1564823e-17
2015-12-16,XLB,0.0055197934,1.1497061e-18
2015-12-17,XLB,0.010268202,0.0
2015-12-18,XLB,-0.020179544,1.2359905e-17
2015-12-21,XLB,-0.021068195,0.0
2015-12-22,XLB,0.00894966,0.16903704
2015-12-23,XLB,0.0125817135,0.01689188
2015-12-24,XLB,0.02334202,0.0
2015-12-25,XLB,-0.0022644936,0.0
2015-12-28,XLB,0.0,0.0
2015-12-29,XLB,-0.007052697,0.008240482
2015-12-30,XLB,0.00931719,0.017156856
2015-12-31,XLB,-0.00931719,0.0
2015-01-01,XLK,-0.011063124,0.023573253
2015-01-02,XLK,0.0,0.051937792
2015-01-05,XLK,-0.0019365777,0.0
2015-01-06,XLK,-0.0153830405,0.010534121
2015-01-07,XLK,-0.012130363,6.634778e-05
2015-01-08,XLK,0.0084325895,0.0065582297
2015-01-09,XLK,0.021742642,0.04785834
2015-01-12,XLK,-0.0031465595,0.00014137759
2015-01-13,XLK,-0.011704596,0.007494648
2015-01-14,XLK,-0.000736106,0.00023014692
2015-01-15,XLK,-0.0056615537,0.00018187826
2015-01-16,XLK,-0.012919434,0.005285554
2015-01-19,XLK,0.00970519,0.00018437863
2015-01-20,XLK,0.0,0.011680062
2015-01-21,XLK,0.00838476,0.08627966
2015-01-22,XLK,0.0017175811,0.06779245
2015-01-23,XLK,0.016292153,0.031749606
2015-01-26,XLK,-0.00024122543,0.0659078
2015-01-27,XLK,-0.0041097603,4.6259294e-18
2015-01-28,XLK,-0.029251194,0.0
2015-01-29,XLK,-0.0017475975,5.2463197e-20
2015-01-30,XLK,0.009450456,0.01137553
2015-02-02,XLK,-0.012453461,0.03113875
2015-02-03,XLK,0.010223254,0.023455616
2015-02-04,XLK,0.01134694,0.0001291271
2015-02-05,XLK,0.0019603046,0.0026194346
2015-02-06,XLK,0.009259325,0.008177926
2015-02-09,XLK,-0.0031580252,0.011927183
2015-02-10,XLK,-0.0014609207,0.013483306
2015-02-11,XLK,0.014754168,0.09349657
2015-02-12,XLK,0.0038341768,0.019066324
2015-02-13,XLK,0.013541007,0.020143826
2015-02-16,XLK,0.006350721,0.016580451
2015-02-17,XLK,0.0,0.011018972
2015-02-18,XLK,0.00046882327,0.009141828
2015-02-19,XLK,0.00093698764,0.052336924
2015-02-20,XLK,0.0035059052,0.019771388
2015-02-23,XLK,0.005119862,0.051589873
2015-02-24,XLK,0.0006961365,0.024441015
2015-02-25,XLK,0.003011004,0.028287984
2015-02-26,XLK,-0.006263795,0.037551347
2015-02-27,XLK,0.006263795,0.028754488
2015-03-02,XLK,-0.0034750411,0.06859291
2015-03-03,XLK,0.007859495,0.019665435
2015-03-04,XLK,-0.0066998056,0.036549922
2015-03-05,XLK,-0.003948443,0.09706585
2015-03-06,XLK,-0.00116428,4.208985e-18
2015-03-09,XLK,-0.012425432,0.0
2015-03-10,XLK,0.0047069984,0.0
2015-03-11,XLK,-0.020638853,0.08336308
2015-03-12,XLK,-0.0064927484,0.029535206
2015-03-13,XLK,0.0064927484,1.3336871e-17
2015-03-16,XLK,-0.0055281958,0.07308217
2015-03-17,XLK,0.01174088,1.4268688e-18
2015-03-18,XLK,0.0002381803,0.017401172
2015-03-19,XLK,0.01348335,0.020165168
2015-03-20,XLK,-0.0028235314,0.0
2015-03-23,XLK,0.002353496,0.037193622
2015-03-24,XLK,0.0,0.020359907
2015-03-25,XLK,-0.0032964475,0.07757252
2015-03-26,XLK,-0.026043762,6.2608305e-20
2015-03-27,XLK,0.00072595285,0.020745149
2015-03-30,XLK,0.00072542625,0.0
2015-03-31,XLK,0.012013599,0.05140259
2015-04-01,XLK,-0.010322982,0.017868647
2015-04-02,XLK,-0.0014489256,0.0024111685
2015-04-03,XLK,-0.00024169184,0.05998919
2015-04-06,XLK,0.0,0.013031579
2015-04-07,XLK,0.009622398,0.03313411
2015-04-08,XLK,-0.002156981,0.0
2015-04-09,XLK,0.0031141478,0.066312194
2015-04-10,XLK,0.0026274947,0.0
2015-04-13,XLK,0.0038095284,0.0090744635
2015-04-14,XLK,-0.002855785,0.045832824
2015-04-15,XLK,-0.003102998,0.033450194
2015-04-16,XLK,0.008806435,0.10115068
2015-04-17,XLK,-0.0035608346,0.075333245
2015-04-20,XLK,-0.0138891125,1.445603e-19
2015-04-21,XLK,0.0169759,0.00038449428
2015-04-22,XLK,-0.0004742708,0.019384168
2015-04-23,XLK,0.01014758,6.3702887e-18
2015-04-24,XLK,0.0039836024,4.0910563e-17
2015-04-27,XLK,0.008615725,0.0
2015-04-28,XLK,0.0027784228,5.5648136e-19
2015-04-29,XLK,0.0032317664,0.0373447
2015-04-30,XLK,-0.0048515745,5.528619e-21
2015-05-01,XLK,-0.013992766,8.095376e-18
2015-05-04,XLK,0.012138338,0.0965665
2015-05-05,XLK,0.00092764385,0.020406492
2015-05-06,XLK,-0.015652698,0.040203195
2015-05-07,XLK,-0.008512702,0.01867106
2015-05-08,XLK,0.007334707,1.0932372e-18
2015-05-11,XLK,0.014277598,0.017343542
2015-05-12,XLK,-0.0051258267,0.022463888
2015-05-13,XLK,-0.005387061,0.04356344
2015-05-14,XLK,0.0042184265,0.00043655522
2015-05-15,XLK,0.016007766,0.056355797
2015-05-18,XLK,-0.0032272965,0.0
2015-05-19,XLK,0.0048370473,0.047433585
2015-05-20,XLK,-0.0025307732,2.861927e-19
2015-05-21,XLK,0.0006908463,0.0
2015-05-22,XLK,0.0043643117,0.04722995
2015-05-25,XLK,-0.0006878368,0.021127017
2015-05-26,XLK,0.0,0.024477353
2015-05-27,XLK,-0.014554952,0.034482874
2015-05-28,XLK,0.018674895,0.032930963
2015-05-29,XLK,-0.0020578492,7.777389e-19
2015-06-01,XLK,-0.0073512853,2.4005573e-18
2015-06-02,XLK,0.0027630688,0.0017642453
2015-06-03,XLK,-0.0020715855,4.6785357e-05
2015-06-04,XLK,0.0020715855,0.0
2015-06-05,XLK,-0.009240075,0.056936447
2015-06-08,XLK,-0.0032543032,0.0
2015-06-09,XLK,-0.011238704,0.009940581
2015-06-10,XLK,-0.0023573798,0.013087413
2015-06-11,XLK,0.015456982,0.015842523
2015-06-12,XLK,0.000464684,0.022131195
2015-06-15,XLK,-0.008866134,0.0
2015-06-16,XLK,-0.006111914,1.7933352e-19
2015-06-17,XLK,0.006580517,0.0014384715
2015-06-18,XLK,0.0004683841,0.0073602493
2015-06-19,XLK,0.008857867,0.0
2015-06-22,XLK,-0.012846142,0.063101344
2015-06-23,XLK,0.008193889,1.6985834e-18
2015-06-24,XLK,0.00069921924,1.0209571e-18
2015-06-25,XLK,-0.0046707233,0.04984641
2015-06-26,XLK,-0.002343568,6.012667e-06
2015-06-29,XLK,-0.0084826145,0.0
2015-06-30,XLK,-0.021526782,0.0013015362
2015-07-01,XLK,0.0009666506,0.02163981
2015-07-02,XLK,0.0067405165,0.0
2015-07-03,XLK,0.0014385042,5.331335e-17
2015-07-06,XLK,0.0,0.0
2015-07-07,XLK,-0.004081148,0.0
2015-07-08,XLK,0.001442308,0.0
2015-07-09,XLK,-0.016469251,1.2846667e-20
2015-07-10,XLK,-0.003914857,0.009701546
2015-07-13,XLK,0.015809644,1.5245592e-18
2015-07-14,XLK,0.015088299,0.004798578
2015-07-15,XLK,0.0037959714,0.0
2015-07-16,XLK,0.00023677046,1.987704e-19
2015-07-17,XLK,0.012703064,1.6717094e-19
2015-07-20,XLK,0.015309972,4.6259294e-18
2015-07-21,XLK,0.0052806917,0.0011252314
2015-07-22,XLK,-0.006662862,7.765927e-20
2015-07-23,XLK,-0.016268078,7.0662954e-06
2015-07-24,XLK,-0.0021109425,0.0
2015-07-27,XLK,-0.0054149632,0.007366967
2015-07-28,XLK,-0.009011206,0.0
2015-07-29,XLK,0.009011206,2.720576e-19
2015-07-30,XLK,0.0065882592,2.42055e-05
2015-07-31,XLK,0.0018744147,2.0601073e-19
2015-08-03,XLK,-0.0032825351,3.6140072e-19
2015-08-04,XLK,-0.005416238,0.0
2015-08-05,XLK,-0.0059206802,3.7585677e-18
2015-08-06,XLK,0.009691602,0.0010603399
2015-08-07,XLK,-0.00992916,2.06191e-18
2015-08-10,XLK,0.0007125045,0.0
2015-08-11,XLK,0.015548016,0.01418999
2015-08-12,XLK,-0.015073296,0.05286603
2015-08-13,XLK,0.004498646,4.1786958e-20
2015-08-14,XLK,-0.0028388947,0.0005939194
2015-08-17,XLK,0.0049627894,4.017343e-21
2015-08-18,XLK,0.005641764,0.012241694
2015-08-19,XLK,-0.0051703993,0.004630594
2015-08-20,XLK,-0.0066194097,3.6945542e-18
2015-08-21,XLK,-0.024734123,0.0
2015-08-24,XLK,-0.038919274,0.0
2015-08-25,XLK,-0.036554907,0.060074303
2015-08-26,XLK,-0.011603505,0.028576257
2015-08-27,XLK,0.049169023,4.3408023e-18
2015-08-28,XLK,0.022966562,1.5359531e-18
2015-08-31,XLK,0.0019723873,4.5042886e-20
2015-09-01,XLK,-0.009155081,0.0
2015-09-02,XLK,-0.032590985,0.0
2015-09-03,XLK,0.023852944,0.0
2015-09-04,XLK,0.00075197394,1.987704e-18
2015-09-07,XLK,-0.0154024,0.00078861107
2015-09-08,XLK,0.0,0.0
2015-09-09,XLK,0.027605265,0.0
2015-09-10,XLK,-0.013205623,7.0638074e-05
2015-09-11,XLK,0.009982614,1.0309025e-19
2015-09-14,XLK,0.004707057,0.0
2015-09-15,XLK,-0.0024746363,0.0
2015-09-16,XLK,0.012801751,2.0477152e-20
2015-09-17,XLK,0.00414989,0.0
2015-09-18,XLK,-0.006844319,2.1049124e-18
2015-09-21,XLK,-0.017568186,0.02581271
2015-09-22,XLK,0.009935502,0.0012969025
2015-09-23,XLK,-0.016949559,0.0
2015-09-24,XLK,0.0025106717,0.002926416
2015-09-25,XLK,0.0,2.2049917e-05
2015-09-28,XLK,-0.0017568081,0.0074965763
2015-09-29,XLK,-0.023123886,0.0
2015-09-30,XLK,-0.004379757,0.0
2015-10-01,XLK,0.01968618,0.0
2015-10-02,XLK,0.00050620094,0.0006339333
2015-10-05,XLK,0.0140705835,0.0
2015-10-06,XLK,0.019518841,2.3581397e-18
2015-10-07,XLK,0.0012226435,0.0
2015-10-08,XLK,0.00463246,0.0
2015-10-09,XLK,0.004611099,0.0
2015-10-12,XLK,0.0043488834,1.5469326e-05
2015-10-13,XLK,0.0012046742,0.0
2015-10-14,XLK,-0.0021694596,0.0039299573
2015-10-15,XLK,-0.0019323678,0.0
2015-10-16,XLK,0.012732904,2.171342e-18
2015-10-19,XLK,0.0019079424,3.526057e-19
2015-10-20,XLK,0.0038049987,1.0408341e-17
2015-10-21,XLK,-0.0026143806,3.1260497e-18
2015-10-22,XLK,-0.0076445667,0.044661522
2015-10-23,XLK,0.022291651,3.505437e-18
2015-10-26,XLK,0.027525734,9.42189e-19
2015-10-27,XLK,-0.0038861632,6.6124533e-18
2015-10-28,XLK,-0.005742522,0.0014865063
2015-10-29,XLK,0.014862512,0.0
2015-10-30,XLK,-0.0027272743,0.0
2015-11-02,XLK,-0.0066217845,0.012142181
2015-11-03,XLK,0.008895029,0.0
2015-11-04,XLK,0.0052089347,0.0
2015-11-05,XLK,0.0011287957,0.0
2015-11-06,XLK,-0.0029375232,0.0
2015-11-09,XLK,0.003388685,0.0031878431
2015-11-10,XLK,-0.00974512,0.0
2015-11-11,XLK,-0.006626324,2.525737e-19
2015-11-12,XLK,-0.00045861042,0.0
2015-11-13,XLK,-0.008753799,0.0
2015-11-16,XLK,-0.019862786,0.005482755
2015-11-17,XLK,0.015224559,0.00081570575
2015-11-18,XLK,0.00023242302,0.061562356
2015-11-19,XLK,0.014992785,5.1430156e-19
2015-11-20,XLK,0.004568304,0.028022518
2015-11-23,XLK,0.0072661536,4.592627e-19
2015-11-24,XLK,-0.005899722,7.104619e-18
2015-11-25,XLK,0.00022755718,0.0
2015-11-26,XLK,-0.0031905223,7.228015e-20
2015-11-27,XLK,0.0,0.018265214
2015-11-30,XLK,0.0022799827,0.0
2015-12-01,XLK,0.001138045,0.0067216074
2015-12-02,XLK,0.0088325795,0.03943704
2015-12-03,XLK,-0.00633343,0.01952514
2015-12-04,XLK,-0.013018341,0.033472884
2015-12-07,XLK,0.024300048,9.985128e-19
2015-12-08,XLK,-0.0049482784,0.0
2015-12-09,XLK,-0.0024833516,0.022551665
2015-12-10,XLK,-0.014801591,0.020181222
2015-12-11,XLK,0.0027491427,0.01159378
2015-12-14,XLK,-0.021038806,0.00038844883
2015-12-15,XLK,0.007680708,2.3129647e-18
2015-12-16,XLK,0.0043956116,0.011146339
2015-12-17,XLK,0.0135276625,0.0
2015-12-18,XLK,-0.015838733,6.360653e-18
2015-12-21,XLK,-0.024594283,0.006369273
2015-12-22,XLK,0.0101451855,0.0
2015-12-23,XLK,0.0072506457,0.0
2015-12-24,XLK,0.0083546555,2.3129647e-18
2015-12-25,XLK,-0.00046232087,0.0
2015-12-28,XLK,0.0,0.0
2015-12-29,XLK,-0.0006938823,1.9174956e-18
2015-12-30,XLK,0.013558751,1.3778403e-19
2015-12-31,XLK,-0.008481426,0.02513218
2015-01-01,XLV,-0.010040099,0.01945006
2015-01-02,XLV,0.0,1.3171023e-05
2015-01-05,XLV,0.0036493726,0.0
2015-01-06,XLV,-0.005112859,0.00495709
2015-01-07,XLV,-0.0033741689,0.034255072
2015-01-08,XLV,0.02323997,0.004244132
2015-01-09,XLV,0.016941113,0.050824445
2015-01-12,XLV,-0.008933062,0.04985287
2015-01-13,XLV,0.0004271983,0.00014097115
2015-01-14,XLV,-0.0044232076,5.4024962e-20
2015-01-15,XLV,-0.00157424,5.911554e-05
2015-01-16,XLV,-0.010800019,1.8776939e-19
2015-01-19,XLV,0.018646553,0.0073548714
2015-01-20,XLV,0.0,0.013374201
2015-01-21,XLV,0.0,0.0
2015-01-22,XLV,0.0019875078,0.035295147
2015-01-23,XLV,0.0118428,0.022152364
2015-01-26,XLV,-0.0057628946,2.891206e-19
2015-01-27,XLV,0.0052021206,0.0
2015-01-28,XLV,-0.0071775694,1.1564823e-17
2015-01-29,XLV,-0.014511565,0.0
2015-01-30,XLV,0.0084196,1.445603e-19
2015-02-02,XLV,-0.015755124,0.0
2015-02-03,XLV,0.005614353,0.01149955
2015-02-04,XLV,0.0067243977,0.06896086
2015-02-05,XLV,-0.012627518,0.0
2015-02-06,XLV,0.016754169,0.006801163
2015-02-09,XLV,-0.009129878,0.029336426
2015-02-10,XLV,-0.011820809,0.021464594
2015-02-11,XLV,0.016681435,0.049867988
2015-02-12,XLV,0.0009977907,0.021610614
2015-02-13,XLV,0.003555433,0.11670049
2015-02-16,XLV,0.0039671347,0.022819957
2015-02-17,XLV,0.0,0.0066041565
2015-02-18,XLV,0.00718566,0.0023982823
2015-02-19,XLV,0.001122492,0.019064207
2015-02-20,XLV,0.0016813792,0.0
2015-02-23,XLV,0.01044505,0.0
2015-02-24,XLV,0.0045614843,0.08181851
2015-02-25,XLV,-0.0012419791,0.057364013
2015-02-26,XLV,-0.00041433604,0.021800317
2015-02-27,XLV,0.002759003,1.8070037e-20
2015-03-02,XLV,-0.0048332624,5.0499596e-20
2015-03-03,XLV,0.008957546,0.018565005
2015-03-04,XLV,-0.009095984,0.020966878
2015-03-05,XLV,0.0048339297,0.003865423
2015-03-06,XLV,0.003575853,0.015056288
2015-03-09,XLV,-0.01982734,6.4411706e-18
2015-03-10,XLV,0.006142697,6.225182e-05
2015-03-11,XLV,-0.011196758,4.6259294e-18
2015-03-12,XLV,-0.00056314236,0.017197335
2015-03-13,XLV,0.013150721,0.002341467
2015-03-16,XLV,-0.0019476912,5.765727e-05
2015-03-17,XLV,0.021900194,0.014354959
2015-03-18,XLV,-0.002865136,0.06493495
2015-03-19,XLV,0.012896398,0.03484708
2015-03-20,XLV,0.005783084,0.0
2015-03-23,XLV,0.004415609,0.020794302
2015-03-24,XLV,-0.002807676,0.032018527
2015-03-25,XLV,-0.008740727,0.025146557
2015-03-26,XLV,-0.018401664,0.00026479122
2015-03-27,XLV,-0.0023414376,0.030457925
2015-03-30,XLV,0.00714485,5.2041704e-18
2015-03-31,XLV,0.010080456,0.087483875
2015-04-01,XLV,-0.01750113,0.029263893
2015-04-02,XLV,-0.010120001,0.029994538
2015-04-03,XLV,0.003060659,0.07180471
2015-04-06,XLV,0.0,0.011310832
2015-04-07,XLV,0.0015268238,0.019885406
2015-04-08,XLV,0.002355061,0.025717743
2015-04-09,XLV,0.008405148,0.026170017
2015-04-10,XLV,0.0075183185,1.584085e-18
2015-04-13,XLV,0.008543004,0.01761837
2015-04-14,XLV,-0.0054156645,0.06679305
2015-04-15,XLV,0.0016277812,0.057188615
2015-04-16,XLV,0.0025719134,0.05297476
2015-04-17,XLV,-0.00054090604,0.076439984
2015-04-20,XLV,-0.008694526,0.05506222
2015-04-21,XLV,0.0061212187,0.017862795
2015-04-22,XLV,0.0066229883,0.0019080583
2015-04-23,XLV,0.0016152918,1.8503718e-17
2015-04-24,XLV,0.0037588982,0.032703884
2015-04-27,XLV,-0.0032210469,0.043993525
2015-04-28,XLV,-0.018314287,0.06367233
2015-04-29,XLV,0.004916699,0.007855331
2015-04-30,XLV,-0.009169982,8.746384e-20
2015-05-01,XLV,-0.014137692,0.0071950974
2015-05-04,XLV,0.013449981,0.0055356277
2015-05-05,XLV,0.0063091693,0.012811099
2015-05-06,XLV,-0.012658397,0.049310155
2015-05-07,XLV,-0.0038845777,0.02019599
2015-05-08,XLV,0.0047150273,3.442797e-05
2015-05-11,XLV,0.016057437,0.052582335
2015-05-12,XLV,0.00054443994,0.039266452
2015-05-13,XLV,-0.0064159664,0.035024043
2015-05-14,XLV,0.0010949905,0.00583847
2015-05-15,XLV,0.01372211,0.033789225
2015-05-18,XLV,0.0020219728,0.0
2015-05-19,XLV,0.0059076436,0.020863231
2015-05-20,XLV,0.004674466,0.016002264
2015-05-21,XLV,0.0013315581,4.481369e-18
2015-05-22,XLV,0.00013305835,0.05012142
2015-05-25,XLV,-0.0023977633,0.034908466
2015-05-26,XLV,0.0,0.027842572
2015-05-27,XLV,-0.010187755,0.032227643
2015-05-28,XLV,0.011520556,0.08481486
2015-05-29,XLV,0.00066573464,0.0
2015-06-01,XLV,-0.002532153,1.3179509e-19
2015-06-02,XLV,0.003995211,0.040088676
2015-06-03,XLV,-0.0065337922,0.05943864
2015-06-04,XLV,0.001871158,0.014908526
2015-06-05,XLV,-0.0069677355,0.020607138
2015-06-08,XLV,-0.00040346984,0.0
2015-06-09,XLV,-0.0049895593,0.03605382
2015-06-10,XLV,-0.00027041644,0.0014616818
2015-06-11,XLV,0.012230514,0.032716863
2015-06-12,XLV,0.0067896154,0.015266941
2015-06-15,XLV,-0.012415886,1.6237936e-18
2015-06-16,XLV,0.0012082971,0.0
2015-06-17,XLV,0.0049521616,0.01848144
2015-06-18,XLV,0.00093414297,0.020074433
2015-06-19,XLV,0.014039965,0.007403048
2015-06-22,XLV,-0.004217747,0.025482027
2015-06-23,XLV,0.0077626863,0.0023010094
2015-06-24,XLV,0.001963994,0.017191108
2015-06-25,XLV,-0.010123008,0.06771998
2015-06-26,XLV,0.00553434,0.029236952
2015-06-29,XLV,-0.0014465122,2.2587545e-20
2015-06-30,XLV,-0.024781443,0.012109631
2015-07-01,XLV,0.0035012155,0.019724686
2015-07-02,XLV,0.010696719,0.014504887
2015-07-03,XLV,-0.004665742,0.003175319
2015-07-06,XLV,0.0,0.055402096
2015-07-07,XLV,-0.00040093553,0.046402853
2015-07-08,XLV,0.0048006494,0.0031089883
2015-07-09,XLV,-0.01731006,0.0030284529
2015-07-10,XLV,0.005399581,0.06351618
2015-07-13,XLV,0.013372758,0.009413533
2015-07-14,XLV,0.008465659,0.0424522
2015-07-15,XLV,0.009960764,0.02327517
2015-07-16,XLV,0.0013032714,0.035030026
2015-07-17,XLV,0.004677763,4.1187455e-19
2015-07-20,XLV,-0.0022062173,0.04132844
2015-07-21,XLV,0.0032427553,0.039031245
2015-07-22,XLV,-0.004412726,3.599188e-05
2015-07-23,XLV,0.002208797,0.0072179884
2015-07-24,XLV,-0.0036406228,1.7496466e-19
2015-07-27,XLV,-0.025327828,0.0568953
2015-07-28,XLV,-0.0009356413,5.05961e-19
2015-07-29,XLV,0.017891936,2.3565411e-19
2015-07-30,XLV,0.0017061491,0.022662036
2015-07-31,XLV,-0.0014434751,0.00042930688
2015-08-03,XLV,0.0057614404,0.02191409
2015-08-04,XLV,-0.0007836991,0.052570775
2015-08-05,XLV,-0.0005228075,0.04081404
2015-08-06,XLV,0.008332296,0.019895026
2015-08-07,XLV,-0.022022124,4.7601213e-18
2015-08-10,XLV,-0.0017244815,0.019446615
2015-08-11,XLV,0.00806616,0.035113223
2015-08-12,XLV,-0.008464539,0.040613174
2015-08-13,XLV,0.0006638784,0.020602023
2015-08-14,XLV,-0.0022589872,0.028012585
2015-08-17,XLV,0.0027897726,9.111844e-18
2015-08-18,XLV,0.010031763,0.047927275
2015-08-19,XLV,-0.0014457518,0.042414147
2015-08-20,XLV,-0.004085673,0.004600887
2015-08-21,XLV,-0.02351792,5.1058013e-18
2015-08-24,XLV,-0.03103366,0.023124963
2015-08-25,XLV,-0.043469615,0.030551141
2015-08-26,XLV,-0.010101835,0.031981435
2015-08-27,XLV,0.041363344,0.0
2015-08-28,XLV,0.019295901,0.034078937
2015-08-31,XLV,-0.0056940643,0.018790357
2015-09-01,XLV,-0.01841362,0.0125950985
2015-09-02,XLV,-0.0265954,0.0
2015-09-03,XLV,0.020333817,0.029225856
2015-09-04,XLV,-0.007163354,0.018056018
2015-09-07,XLV,-0.012587883,0.0029481591
2015-09-08,XLV,0.0,0.00012051256
2015-09-09,XLV,0.027572108,7.2280143e-19
2015-09-10,XLV,-0.015559518,0.0005352219
2015-09-11,XLV,0.009592743,0.0
2015-09-14,XLV,0.0063916133,0.008778565
2015-09-15,XLV,-0.003119685,0.02104558
2015-09-16,XLV,0.0142426435,0.0
2015-09-17,XLV,0.0027964225,0.0015222988
2015-09-18,XLV,0.009034741,1.1877103e-18
2015-09-21,XLV,-0.018997638,0.023188839
2015-09-22,XLV,-0.013344889,0.02550047
2015-09-23,XLV,-0.006164452,0.0
2015-09-24,XLV,-0.0010071219,0.0015612788
2015-09-25,XLV,-0.010272824,0.0001761428
2015-09-28,XLV,-0.027722212,0.03994279
2015-09-29,XLV,-0.03949587,0.0
2015-09-30,XLV,0.0091353115,1.5859364e-18
2015-10-01,XLV,0.020594122,0.01487259
2015-10-02,XLV,0.0100654345,0.006989061
2015-10-05,XLV,0.020564375,0.0
2015-10-06,XLV,0.0026323502,0.040825456
2015-10-07,XLV,-0.023794811,0.0
2015-10-08,XLV,0.015876882,3.1577204e-19
2015-10-09,XLV,0.0029398815,1.445603e-19
2015-10-12,XLV,0.004539804,0.0019724714
2015-10-13,XLV,0.0026265883,0.0
2015-10-14,XLV,-0.012611987,1.7347235e-18
2015-10-15,XLV,-0.0019203788,0.0
2015-10-16,XLV,0.022081763,2.69672e-18
2015-10-19,XLV,0.008927345,4.2577594e-19
2015-10-20,XLV,0.0035773094,0.0
2015-10-21,XLV,-0.015836783,2.1126578e-17
2015-10-22,XLV,-0.009037962,0.025121769
2015-10-23,XLV,-0.0060219024,0.0
2015-10-26,XLV,0.021136273,0.0
2015-10-27,XLV,0.0038868543,2.1719958e-18
2015-10-28,XLV,0.018223738,0.0
2015-10-29,XLV,0.008289475,0.0
2015-10-30,XLV,0.0044674096,0.019542897
2015-11-02,XLV,-0.0062880106,0.014551068
2015-11-03,XLV,0.021082612,0.022273408
2015-11-04,XLV,-0.0035748698,1.2029863e-18
2015-11-05,XLV,-0.004417456,1.0760062e-18
2015-11-06,XLV,-0.0031871432,0.0
2015-11-09,XLV,-0.0041724676,0.0
2015-11-10,XLV,-0.007695036,0.0
2015-11-11,XLV,0.0067189503,5.262221e-20
2015-11-12,XLV,-0.009954516,0.0
2015-11-13,XLV,-0.017483212,0.0
2015-11-16,XLV,-0.0024406014,0.0
2015-11-17,XLV,0.012427844,0.018735616
2015-11-18,XLV,0.0042499,0.010194742
2015-11-19,XLV,0.019320214,0.0
2015-11-20,XLV,-0.016919931,3.9596218e-19
2015-11-23,XLV,0.008565663,0.0036573617
2015-11-24,XLV,-0.002519951,0.0
2015-11-25,XLV,0.0030790786,1.4621957e-20
2015-11-26,XLV,0.005435175,0.00047596893
2015-11-27,XLV,0.0,0.018756136
2015-11-30,XLV,0.0019439051,0.0
2015-12-01,XLV,-0.013687365,1.3469601e-19
2015-12-02,XLV,0.016734459,0.0
2015-12-03,XLV,-0.0084716845,0.00038034652
2015-12-04,XLV,-0.022140086,0.037760757
2015-12-07,XLV,0.023255223,2.918039e-17
2015-12-08,XLV,-0.005588168,0.0
2015-12-09,XLV,0.002239016,1.7836363e-18
2015-12-10,XLV,-0.010115287,0.0
2015-12-11,XLV,0.007455897,1.743411e-18
2015-12-14,XLV,-0.014825545,0.0
2015-12-15,XLV,0.0065220706,9.251859e-18
2015-12-16,XLV,0.0129178995,0.017847238
2015-12-17,XLV,0.012890885,4.6635156e-19
2015-12-18,XLV,-0.010800437,5.05961e-19
2015-12-21,XLV,-0.018831361,0.008234262
2015-12-22,XLV,0.009038333,0.0152875
2015-12-23,XLV,0.0067255404,1.7462801e-19
2015-12-24,XLV,0.010695289,0.0
2015-12-25,XLV,0.0009666506,0.0
2015-12-28,XLV,0.0,4.549598e-19
2015-12-29,XLV,-0.004703938,1.457161e-19
2015-12-30,XLV,0.012129715,1.0625181e-17
2015-12-31,XLV,-0.004256202,0.0
2015-01-01,XLI,-0.010023824,0.007952331
2015-01-02,XLI,0.0,0.0070047826
2015-01-05,XLI,-0.0012379523,0.0
2015-01-06,XLI,-0.023635836,0.03859076
2015-01-07,XLI,-0.012397606,0.000105591556
2015-01-08,XLI,0.00749341,0.01349382
2015-01-09,XLI,0.019831188,0.09339522
2015-01-12,XLI,-0.01076823,0.0
2015-01-13,XLI,-0.0068803458,0.016604997
2015-01-14,XLI,-0.0020005463,0.006275261
2015-01-15,XLI,-0.005476465,0.00011708641
2015-01-16,XLI,-0.0047706515,0.0001409467
2015-01-19,XLI,0.0065994738,0.018024428
2015-01-20,XLI,0.0,0.0
2015-01-21,XLI,0.0071006217,2.891206e-19
2015-01-22,XLI,0.0081308605,0.041460834
2015-01-23,XLI,0.015888935,0.0008167524
2015-01-26,XLI,-0.008448625,0.0
2015-01-27,XLI,0.001338748,0.0
2015-01-28,XLI,-0.013288039,0.0
2015-01-29,XLI,-0.008714652,0.0
2015-01-30,XLI,0.0114224795,0.08327636
2015-02-02,XLI,-0.016358053,0.012397185
2015-02-03,XLI,0.0147342365,0.0059025045
2015-02-04,XLI,0.016120715,0.02755428
2015-02-05,XLI,-0.007669707,0.0073597976
2015-02-06,XLI,0.008557728,0.0
2015-02-09,XLI,-0.002310496,9.830674e-05
2015-02-10,XLI,-0.0026726073,0.016206907
2015-02-11,XLI,0.0055155377,0.0
2015-02-12,XLI,0.00035479866,0.0
2015-02-13,XLI,0.009356587,0.018415993
2015-02-16,XLI,0.0045582126,0.003020978
2015-02-17,XLI,0.0,0.0031048777
2015-02-18,XLI,0.0013983572,0.00571391
2015-02-19,XLI,0.0055739563,0.0
2015-02-20,XLI,0.0017355089,0.022015452
2015-02-23,XLI,0.008460726,2.891206e-19
2015-02-24,XLI,-0.004307752,1.3877788e-17
2015-02-25,XLI,0.003963814,4.3626054e-19
2015-02-26,XLI,-0.0020661165,0.0
2015-02-27,XLI,-0.004491284,0.02535404
2015-03-02,XLI,-0.004685475,5.8073558e-05
2015-03-03,XLI,0.009176759,0.03461176
2015-03-04,XLI,-0.006397532,0.0047464473
2015-03-05,XLI,-0.007836348,0.0
2015-03-06,XLI,0.0006990563,3.9026407e-19
2015-03-09,XLI,-0.013720532,4.780566e-19
2015-03-10,XLI,0.009343391,2.1684043e-18
2015-03-11,XLI,-0.018596126,0.06285221
2015-03-12,XLI,-0.0010731533,2.742975e-19
2015-03-13,XLI,0.012802451,0.0
2015-03-16,XLI,-0.009229743,4.0165967e-05
2015-03-17,XLI,0.01644745,0.014160399
2015-03-18,XLI,-0.00404254,0.02224355
2015-03-19,XLI,0.0117308535,0.0
2015-03-20,XLI,-0.0068116584,3.3882585e-19
2015-03-23,XLI,0.0010509723,6.505213e-19
2015-03-24,XLI,-0.008438868,3.2391307e-18
2015-03-25,XLI,-0.0033601588,0.025085442
2015-03-26,XLI,-0.017152466,0.00024973063
2015-03-27,XLI,-0.00270685,0.0
2015-03-30,XLI,0.0037875418,0.0
2015-03-31,XLI,0.013943736,6.7797366e-05
2015-04-01,XLI,-0.009991162,0.025706725
2015-04-02,XLI,-0.006656497,0.0053665577
2015-04-03,XLI,0.00054136966,1.2197274e-19
2015-04-06,XLI,0.0,0.0
2015-04-07,XLI,0.0075485623,1.7485018e-17
2015-04-08,XLI,-0.0023303765,0.0
2015-04-09,XLI,0.003404106,0.0
2015-04-10,XLI,0.004817567,1.9351845e-20
2015-04-13,XLI,0.013963992,0.018306263
2015-04-14,XLI,-0.009523882,9.306068e-19
2015-04-15,XLI,0.0012397062,8.681779e-18
2015-04-16,XLI,0.0017683471,0.0
2015-04-17,XLI,-0.002122392,0.0
2015-04-20,XLI,-0.012112724,0.0
2015-04-21,XLI,0.011581421,0.0
2015-04-22,XLI,-0.0012408049,1.0842022e-19
2015-04-23,XLI,0.004247794,0.0
2015-04-24,XLI,-0.0010602581,4.279725e-19
2015-04-27,XLI,-0.00425231,0.00022748706
2015-04-28,XLI,-0.00035517671,3.3674127e-19
2015-04-29,XLI,0.0017746234,1.8070037e-20
2015-04-30,XLI,-0.004976903,9.4648985e-20
2015-05-01,XLI,-0.008769631,0.0
2015-05-04,XLI,0.012504629,0.0
2015-05-05,XLI,0.0015964527,0.0
2015-05-06,XLI,-0.013561949,2.8912057e-18
2015-05-07,XLI,-0.000539132,0.0
2015-05-08,XLI,0.005199474,2.607303e-19
2015-05-11,XLI,0.011733468,0.0400909
2015-05-12,XLI,-0.0008840952,0.0
2015-05-13,XLI,-0.001061947,0.0
2015-05-14,XLI,0.0021227675,9.474949e-19
2015-05-15,XLI,0.010022062,0.00039260913
2015-05-18,XLI,-0.0008751204,0.0
2015-05-19,XLI,0.0019242549,3.2526065e-18
2015-05-20,XLI,-0.002800142,4.4505574e-20
2015-05-21,XLI,-0.0036871256,0.0
2015-05-22,XLI,0.0054381327,0.0
2015-05-25,XLI,-0.004559012,0.0
2015-05-26,XLI,0.0,0.010097439
2015-05-27,XLI,-0.010956109,0.008993732
2015-05-28,XLI,0.006376217,1.009519e-18
2015-05-29,XLI,-0.0047783474,0.0
2015-06-01,XLI,-0.009984037,1.9817841e-17
2015-06-02,XLI,0.004469481,5.8256072e-18
2015-06-03,XLI,0.0019602608,0.00546708
2015-06-04,XLI,0.004972484,0.0
2015-06-05,XLI,-0.011223063,0.003633248
2015-06-08,XLI,0.0007163324,1.775257e-19
2015-06-09,XLI,-0.007366847,0.0020562338
2015-06-10,XLI,-0.00018035891,0.0074660485
2015-06-11,XLI,0.009871748,0.0
2015-06-12,XLI,0.0056990357,0.0
2015-06-15,XLI,-0.005877655,0.0
2015-06-16,XLI,-0.0084313,9.271592e-20
2015-06-17,XLI,0.00090033317,2.4091674e-20
2015-06-18,XLI,0.0026961463,0.0
2015-06-19,XLI,0.01000187,7.896542e-19
2015-06-22,XLI,-0.009822384,0.007045317
2015-06-23,XLI,0.0060833967,0.0
2015-06-24,XLI,-0.002500448,0.108017065
2015-06-25,XLI,-0.009342504,0.0
2015-06-26,XLI,-0.007792012,0.0
2015-06-29,XLI,0.0018175214,9.251859e-18
2015-06-30,XLI,-0.019065656,0.0051021227
2015-07-01,XLI,0.000555093,0.0019212343
2015-07-02,XLI,0.00498202,5.7311487e-20
2015-07-03,XLI,-0.0018422997,1.5788632e-18
2015-07-06,XLI,0.0,0.0
2015-07-07,XLI,-0.0038799124,0.0
2015-07-08,XLI,0.008112139,0.018989667
2015-07-09,XLI,-0.018158736,0.0
2015-07-10,XLI,0.0024278655,0.020179277
2015-07-13,XLI,0.010391632,1.1319167e-22
2015-07-14,XLI,0.011015349,2.163159e-18
2015-07-15,XLI,0.0027349822,0.0056657298
2015-07-16,XLI,-0.0041967034,0.0005448224
2015-07-17,XLI,0.0045608035,3.4006549e-18
2015-07-20,XLI,-0.00036409977,5.3769066e-19
2015-07-21,XLI,0.00018206646,0.0
2015-07-22,XLI,-0.010799044,2.5753145e-05
2015-07-23,XLI,-0.0044264183,0.014916729
2015-07-24,XLI,-0.0092851175,4.0475713e-19
2015-07-27,XLI,-0.013145729,1.6380487e-17
2015-07-28,XLI,-0.0049270517,0.05174378
2015-07-29,XLI,0.019191558,0.0
2015-07-30,XLI,0.012224638,0.0
2015-07-31,XLI,-0.0009208952,0.0
2015-08-03,XLI,-0.000921744,1.445603e-19
2015-08-04,XLI,-0.004806813,1.1446425e-19
2015-08-05,XLI,-0.000556122,5.782412e-19
2015-08-06,XLI,0.0055473517,0.01195637
2015-08-07,XLI,-0.0051765693,3.7910843e-19
2015-08-10,XLI,-0.004830927,0.0
2015-08-11,XLI,0.019367939,2.2687777e-18
2015-08-12,XLI,-0.012315201,0.012544084
2015-08-13,XLI,0.00018492834,0.021577371
2015-08-14,XLI,-0.0007399186,0.022387294
2015-08-17,XLI,0.006271926,6.690254e-20
2015-08-18,XLI,0.0049527753,1.8070037e-20
2015-08-19,XLI,-0.0018315023,9.984009e-05
2015-08-20,XLI,-0.009393199,7.648048e-18
2015-08-21,XLI,-0.020943174,0.0
2015-08-24,XLI,-0.027976532,3.0719826e-22
2015-08-25,XLI,-0.037418995,0.004701035
2015-08-26,XLI,-0.01197376,0.0033079786
2015-08-27,XLI,0.030759284,0.0
2015-08-28,XLI,0.023866547,0.011501993
2015-08-31,XLI,0.00038654814,7.326232e-19
2015-09-01,XLI,-0.0089286305,0.04195794
2015-09-02,XLI,-0.026873777,2.1296102e-18
2015-09-03,XLI,0.021987615,8.031363e-20
2015-09-04,XLI,0.0005876016,0.0
2015-09-07,XLI,-0.014000031,0.0013391798
2015-09-08,XLI,0.0,0.022229658
2015-09-09,XLI,0.027227223,3.6140072e-19
2015-09-10,XLI,-0.0106849,0.001036924
2015-09-11,XLI,0.0005857659,9.9428105e-20
2015-09-14,XLI,0.0054506655,9.256538e-19
2015-09-15,XLI,-0.0050603454,0.018827708
2015-09-16,XLI,0.01721679,0.0
2015-09-17,XLI,0.007261641,0.0
2015-09-18,XLI,-0.0043889014,0.0014608215
2015-09-21,XLI,-0.027728388,0.04488225
2015-09-22,XLI,0.004903413,0.0
2015-09-23,XLI,-0.014584413,0.012641199
2015-09-24,XLI,-0.0069728345,0.014769157
2015-09-25,XLI,-0.0062168054,0.0
2015-09-28,XLI,0.002009647,0.0
2015-09-29,XLI,-0.019870888,0.015418373
2015-09-30,XLI,0.0065319687,8.048159e-20
2015-10-01,XLI,0.014943736,0.0
2015-10-02,XLI,-0.002207285,0.00995081
2015-10-05,XLI,0.012576271,0.0006655607
2015-10-06,XLI,0.027972484,2.7466456e-18
2015-10-07,XLI,-0.0009649716,0.0
2015-10-08,XLI,0.013044497,0.0
2015-10-09,XLI,0.013816819,0.006490317
2015-10-12,XLI,0.0033777477,3.6214077e-20
2015-10-13,XLI,0.00018731854,0.0
2015-10-14,XLI,-0.010733556,2.1684043e-18
2015-10-15,XLI,-0.010850016,0.0
2015-10-16,XLI,0.010850016,1.6244155e-18
2015-10-19,XLI,-0.0051248097,7.108911e-18
2015-10-20,XLI,0.0013311782,7.344882e-19
2015-10-21,XLI,0.00662944,0.0
2015-10-22,XLI,0.00018876829,9.175061e-18
2015-10-23,XLI,0.027552003,1.2649026e-18
2015-10-26,XLI,0.0036656933,4.5350956e-20
2015-10-27,XLI,-0.002197803,2.5374334e-19
2015-10-28,XLI,-0.01106206,0.0
2015-10-29,XLI,0.007940213,0.0
2015-10-30,XLI,-0.00055192714,0.0
2015-11-02,XLI,-0.0012890159,0.028028704
2015-11-03,XLI,0.0115417605,0.008235387
2015-11-04,XLI,0.00072833215,6.8080596e-18
2015-11-05,XLI,-0.0027339852,0.0
2015-11-06,XLI,0.0012767899,0.0
2015-11-09,XLI,0.0,0.0
2015-11-10,XLI,-0.007685308,1.6966552e-18
2015-11-11,XLI,-0.00018370534,0.0
2015-11-12,XLI,0.0012852292,1.6285918e-19
2015-11-13,XLI,-0.013671005,0.0036460187
2015-11-16,XLI,-0.0044742804,0.0
2015-11-17,XLI,0.012809978,2.7171971e-18
2015-11-18,XLI,-0.0020312073,0.09661044
2015-11-19,XLI,0.0137680005,0.024292465
2015-11-20,XLI,0.004366025,0.03403965
2015-11-23,XLI,0.005069719,0.0
2015-11-24,XLI,-0.005069719,3.3567178e-19
2015-11-25,XLI,-0.0016350263,1.096989e-18
2015-11-26,XLI,0.0,0.0
2015-11-27,XLI,0.0,0.0
2015-11-30,XLI,0.0017257828,0.0
2015-12-01,XLI,-0.0064642644,5.604451e-20
2015-12-02,XLI,0.0047384817,0.0
2015-12-03,XLI,-0.010234008,0.0
2015-12-04,XLI,-0.0125694815,0.0069131237
2015-12-07,XLI,0.014771317,0.0
2015-12-08,XLI,-0.004960966,0.0
2015-12-09,XLI,-0.01615484,0.0
2015-12-10,XLI,-0.0029996273,0.0
2015-12-11,XLI,0.004682972,1.8425076e-19
2015-12-14,XLI,-0.016962336,1.1360468e-19
2015-12-15,XLI,0.003604975,0.0
2015-12-16,XLI,0.000189376,0.0
2015-12-17,XLI,0.0176431,0.0
2015-12-18,XLI,-0.016696759,9.273378e-05
2015-12-21,XLI,-0.021415733,7.843649e-19
2015-12-22,XLI,0.0077012316,0.0
2015-12-23,XLI,0.013714501,0.023355268
2015-12-24,XLI,0.011660843,7.228015e-20
2015-12-25,XLI,-0.00037404153,1.07015934e-20
2015-12-28,XLI,0.0,6.168171e-19
2015-12-29,XLI,-0.002247192,3.6138574e-20
2015-12-30,XLI,0.009515885,0.0
2015-12-31,XLI,-0.008391658,0.0
2015-01-01,XLU,-0.018256724,0.0
2015-01-02,XLU,0.0,0.033577103
2015-01-05,XLU,0.004648223,0.016019108
2015-01-06,XLU,-0.012301322,0.16105607
2015-01-07,XLU,0.00064000004,0.027973304
2015-01-08,XLU,0.009762387,1.2721306e-17
2015-01-09,XLU,0.006945203,0.0
2015-01-12,XLU,-0.006311824,0.023705909
2015-01-13,XLU,-0.002324354,0.022191808
2015-01-14,XLU,0.002746384,0.02121772
2015-01-15,XLU,0.008612594,0.01285276
2015-01-16,XLU,0.0079167085,0.02059762
2015-01-19,XLU,0.008883438,0.029557865
2015-01-20,XLU,0.0,0.0024472666
2015-01-21,XLU,0.0024650793,2.3129647e-18
2015-01-22,XLU,0.009596807,0.0
2015-01-23,XLU,-0.004276557,0.007084277
2015-01-26,XLU,0.002853069,0.016338421
2015-01-27,XLU,-0.000610687,0.011326649
2015-01-28,XLU,0.0014243567,0.01731817
2015-01-29,XLU,-0.008576732,0.04086846
2015-01-30,XLU,0.013242528,0.0
2015-02-02,XLU,-0.022307279,0.0
2015-02-03,XLU,0.00433661,0.0023979251
2015-02-04,XLU,0.0037021844,0.038560867
2015-02-05,XLU,-0.0121864565,0.0059936894
2015-02-06,XLU,0.009102256,0.0
2015-02-09,XLU,-0.042058345,0.0
2015-02-10,XLU,-0.008844842,0.013112628
2015-02-11,XLU,0.02037604,0.0
2015-02-12,XLU,-0.021893984,0.1490225
2015-02-13,XLU,-0.004567708,0.0
2015-02-16,XLU,-0.015378159,0.12196836
2015-02-17,XLU,0.0,0.08799303
2015-02-18,XLU,-0.00088593585,0.0
2015-02-19,XLU,0.023432584,1.8070036e-19
2015-02-20,XLU,-0.011319233,0.1696566
2015-02-23,XLU,0.00021889023,1.2197274e-19
2015-02-24,XLU,0.006761941,0.00018084166
2015-02-25,XLU,0.0073641227,0.0
2015-02-26,XLU,-0.016536495,0.14727265
2015-02-27,XLU,-0.0066035897,0.1565754
2015-03-02,XLU,-0.0011048504,0.14768544
2015-03-03,XLU,-0.019422421,0.13095312
2015-03-04,XLU,0.006068116,0.15024728
2015-03-05,XLU,-0.005617361,0.0
2015-03-06,XLU,0.0078555,0.06485832
2015-03-09,XLU,-0.030415418,0.0
2015-03-10,XLU,0.0018420452,0.0048604687
2015-03-11,XLU,-0.0018420452,1.7343005e-17
2015-03-12,XLU,-0.006474011,0.11703646
2015-03-13,XLU,0.01884247,0.014403932
2015-03-16,XLU,-0.010296396,0.0097814165
2015-03-17,XLU,0.01710223,1.5901632e-17
2015-03-18,XLU,-0.0015838899,5.551115e-17
2015-03-19,XLU,0.026590774,0.008958428
2015-03-20,XLU,-0.009304454,0.0
2015-03-23,XLU,0.0011122235,2.6495658e-18
2015-03-24,XLU,0.00066674076,0.018876476
2015-03-25,XLU,-0.0111708045,7.500203e-18
2015-03-26,XLU,-0.011751547,0.039562367
2015-03-27,XLU,-0.008446574,5.4821395e-18
2015-03-30,XLU,0.0059428746,4.307223e-18
2015-03-31,XLU,0.012231183,2.3140029e-19
2015-04-01,XLU,0.00022509848,0.008240165
2015-04-02,XLU,0.0008998876,0.1545433
2015-04-03,XLU,0.0017973494,0.0
2015-04-06,XLU,0.0,0.0
2015-04-07,XLU,0.013820996,0.0
2015-04-08,XLU,-0.011578842,0.0
2015-04-09,XLU,-0.002915781,8.095376e-18
2015-04-10,XLU,-0.0042768777,0.0
2015-04-13,XLU,0.0074165976,0.024633186
2015-04-14,XLU,-0.009901071,0.0
2015-04-15,XLU,0.0049627894,0.0
2015-04-16,XLU,0.0024721893,0.0
2015-04-17,XLU,-0.0065308195,1.8503718e-17
2015-04-20,XLU,-0.0036215521,0.0
2015-04-21,XLU,0.014855101,0.0
2015-04-22,XLU,-0.008976721,0.0
2015-04-23,XLU,0.0020267994,0.0063644107
2015-04-24,XLU,0.0056085396,8.926598e-18
2015-04-27,XLU,0.0100167785,5.493291e-18
2015-04-28,XLU,-0.01203223,1.0770562e-17
2015-04-29,XLU,0.007147674,0.0
2015-04-30,XLU,-0.004237767,2.3129646e-17
2015-05-01,XLU,-0.0116907805,3.469447e-18
2015-05-04,XLU,0.005637629,0.004238418
2015-05-05,XLU,0.007393335,0.0012212767
2015-05-06,XLU,-0.022574322,3.143904e-18
2015-05-07,XLU,-0.005494519,0.0014442486
2015-05-08,XLU,0.0036663653,4.3957337e-17
2015-05-11,XLU,0.0070655565,0.027793681
2015-05-12,XLU,-0.0068368544,1.639016e-21
2015-05-13,XLU,-0.001144034,0.0
2015-05-14,XLU,-0.009893098,0.0
2015-05-15,XLU,0.0114943795,0.0
2015-05-18,XLU,0.012944429,0.0
2015-05-19,XLU,0.0038284024,0.010142702
2015-05-20,XLU,0.0022451738,0.0
2015-05-21,XLU,0.0015686278,0.0
2015-05-22,XLU,-0.00044792835,0.0
2015-05-25,XLU,-0.0015693312,5.1627663e-18
2015-05-26,XLU,0.0,0.02642489
2015-05-27,XLU,-0.006302069,0.0
2015-05-28,XLU,0.0040558865,0.0
2015-05-29,XLU,0.0022461824,1.6190752e-17
2015-06-01,XLU,-0.0015717978,0.07568909
2015-06-02,XLU,0.0013474064,2.1394922e-17
2015-06-03,XLU,-0.013329012,0.0
2015-06-04,XLU,-0.014893161,0.008147289
2015-06-05,XLU,-0.0013860016,0.0
2015-06-08,XLU,-0.012561226,0.013943564
2015-06-09,XLU,-0.0058692503,0.0
2015-06-10,XLU,-0.0023573798,0.0
2015-06-11,XLU,0.004944095,3.2381504e-17
2015-06-12,XLU,0.007953258,0.0
2015-06-15,XLU,-0.008893108,1.1714484e-18
2015-06-16,XLU,-0.0016468654,2.999626e-18
2015-06-17,XLU,0.0046981527,0.10184725
2015-06-18,XLU,0.00840145,1.3010426e-18
2015-06-19,XLU,0.013159604,7.440955e-19
2015-06-22,XLU,-0.01875272,5.421011e-20
2015-06-23,XLU,-0.0014031808,0.0
2015-06-24,XLU,-0.0136665655,0.0
2015-06-25,XLU,-0.00785999,4.2604066e-18
2015-06-26,XLU,-0.0067178756,1.2215344e-17
2015-06-29,XLU,0.006000258,0.0
2015-06-30,XLU,-0.0052783233,0.0
2015-07-01,XLU,-0.0026496463,0.034934122
2015-07-02,XLU,0.0060118013,0.16349763
2015-07-03,XLU,0.012389961,4.776079e-18
2015-07-06,XLU,0.0,1.0408341e-17
2015-07-07,XLU,0.004017493,0.0
2015-07-08,XLU,0.02446249,0.03160115
2015-07-09,XLU,-0.0053075007,7.03355e-05
2015-07-10,XLU,-0.011168101,0.0
2015-07-13,XLU,0.005366948,0.11821606
2015-07-14,XLU,0.00046533273,0.14097622
2015-07-15,XLU,-0.0013966482,0.00409014
2015-07-16,XLU,0.0048797587,0.029595416
2015-07-17,XLU,0.014726452,2.162199e-18
2015-07-20,XLU,-0.009870389,0.0
2015-07-21,XLU,-0.0050878925,9.251859e-18
2015-07-22,XLU,-0.009083561,0.11674141
2015-07-23,XLU,0.0044356324,0.0
2015-07-24,XLU,-0.015020231,0.056616005
2015-07-27,XLU,0.00094540307,0.0
2015-07-28,XLU,0.012676226,3.975408e-19
2015-07-29,XLU,0.0046544187,1.3404355e-17
2015-07-30,XLU,0.0037079996,0.12437735
2015-07-31,XLU,0.0073750047,5.782412e-19
2015-08-03,XLU,0.010052632,0.016217759
2015-08-04,XLU,0.00521484,0.0
2015-08-05,XLU,-0.016186379,2.2840526e-17
2015-08-06,XLU,0.002524964,0.02051335
2015-08-07,XLU,0.005258958,9.683696e-19
2015-08-10,XLU,0.0122395,0.13743879
2015-08-11,XLU,-0.004063211,1.1564824e-18
2015-08-12,XLU,0.0049639093,0.0
2015-08-13,XLU,0.01762455,0.016597888
2015-08-14,XLU,0.00022111664,0.011056389
2015-08-17,XLU,0.007489022,8.301229e-20
2015-08-18,XLU,0.0048161214,6.1064845e-20
2015-08-19,XLU,-0.0024051613,0.026960548
2015-08-20,XLU,0.004150743,0.0
2015-08-21,XLU,-0.005903592,0.0
2015-08-24,XLU,-0.012134733,0.0
2015-08-25,XLU,-0.038005028,0.00873428
2015-08-26,XLU,-0.031384308,0.0069247303
2015-08-27,XLU,0.017687054,3.5816432e-18
2015-08-28,XLU,0.011619931,0.012943274
2015-08-31,XLU,-0.003008217,1.6190752e-17
2015-09-01,XLU,-0.01611996,8.900632e-05
2015-09-02,XLU,-0.027457856,0.010548701
2015-09-03,XLU,0.00072595285,0.08726579
2015-09-04,XLU,0.0045855036,0.0
2015-09-07,XLU,-0.013820077,0.019711286
2015-09-08,XLU,0.0,0.0
2015-09-09,XLU,0.021017805,0.0
2015-09-10,XLU,-0.012509184,0.0
2015-09-11,XLU,-0.0016959423,0.0066212732
2015-09-14,XLU,0.007488862,8.953409e-18
2015-09-15,XLU,0.0024038474,1.8097928e-18
2015-09-16,XLU,0.0052682115,0.026495554
2015-09-17,XLU,0.009981072,0.0
2015-09-18,XLU,0.013621629,0.0029436713
2015-09-21,XLU,-0.015041412,9.584639e-19
2015-09-22,XLU,0.004017493,0.012146263
2015-09-23,XLU,-0.012578783,7.446375e-18
2015-09-24,XLU,0.0026237343,0.0
2015-09-25,XLU,0.0080664735,0.0
2015-09-28,XLU,0.009641462,0.0
2015-09-29,XLU,-0.004926696,0.0
2015-09-30,XLU,0.00023515579,0.0
2015-10-01,XLU,0.017711952,0.037525542
2015-10-02,XLU,-0.011850958,0.0
2015-10-05,XLU,0.013235999,0.0037143948
2015-10-06,XLU,0.012835382,0.0
2015-10-07,XLU,-0.006855603,0.0023675335
2015-10-08,XLU,-0.003445507,1.8089698e-18
2015-10-09,XLU,0.012348659,0.0
2015-10-12,XLU,-0.0047841533,0.17000785
2015-10-13,XLU,0.008866717,0.0
2015-10-14,XLU,-0.002266033,1.4456029e-18
2015-10-15,XLU,-0.000226886,1.0157881e-18
2015-10-16,XLU,0.01464155,4.6259294e-18
2015-10-19,XLU,0.0013407823,0.0
2015-10-20,XLU,0.0006697176,0.015358511
2015-10-21,XLU,0.003341877,0.02039452
2015-10-22,XLU,-0.0020037857,0.0
2015-10-23,XLU,0.0115223965,0.13771655
2015-10-26,XLU,-0.017782198,0.007317892
2015-10-27,XLU,-0.0035947016,7.7160586e-19
2015-10-28,XLU,-0.0036076703,0.0060918424
2015-10-29,XLU,-0.01067343,0.0
2015-10-30,XLU,-0.005724114,0.012192349
2015-11-02,XLU,0.0045819096,0.019800048
2015-11-03,XLU,0.0011422046,1.6684596e-19
2015-11-04,XLU,0.0029636405,0.0
2015-11-05,XLU,0.005221944,7.638987e-18
2015-11-06,XLU,-0.00864231,4.6259294e-18
2015-11-09,XLU,-0.035572737,0.008706914
2015-11-10,XLU,0.002600167,0.0
2015-11-11,XLU,0.008930729,0.0
2015-11-12,XLU,0.008619739,0.0
2015-11-13,XLU,-0.009556068,0.006580939
2015-11-16,XLU,-0.0037541105,5.782412e-19
2015-11-17,XLU,0.01678361,0.0
2015-11-18,XLU,-0.018195044,0.0
2015-11-19,XLU,0.0063358187,0.014448616
2015-11-20,XLU,0.010702754,1.3637728e-18
2015-11-23,XLU,0.00415705,0.07121703
2015-11-24,XLU,-0.009261469,1.9154238e-18
2015-11-25,XLU,-0.0013966482,0.0
2015-11-26,XLU,-0.0060747853,0.0
2015-11-27,XLU,0.0,0.0
2015-11-30,XLU,0.0018730982,1.1591129e-17
2015-12-01,XLU,0.0016360878,0.0
2015-12-02,XLU,0.007908857,5.5387673e-19
2015-12-03,XLU,-0.02249392,0.0
2015-12-04,XLU,-0.007611835,0.0
2015-12-07,XLU,0.013989558,0.0016811023
2015-12-08,XLU,0.0044637686,0.013240094
2015-12-09,XLU,-0.0014074597,0.15176408
2015-12-10,XLU,0.00023471424,2.0596093e-19
2015-12-11,XLU,-0.016683815,0.0042688157
2015-12-14,XLU,-0.0027480752,1.2721306e-17
2015-12-15,XLU,0.005012542,1.1564823e-17
2015-12-16,XLU,0.007826436,2.4236262e-18
2015-12-17,XLU,0.024963386,0.0005093904
2015-12-18,XLU,0.0020715855,0.0
2015-12-21,XLU,-0.022791684,0.011690843
2015-12-22,XLU,-0.00070596545,0.0
2015-12-23,XLU,0.008438868,0.0
2015-12-24,XLU,0.015288693,0.0069170534
2015-12-25,XLU,-0.0006898931,7.236107e-19
2015-12-28,XLU,0.0,0.0067871055
2015-12-29,XLU,0.0018386584,0.004534086
2015-12-30,XLU,0.0054957774,2.9378478e-17
2015-12-31,XLU,-0.000913868,1.4524592e-18
2015-01-01,XLY,-0.004011348,0.007162097
2015-01-02,XLY,0.0,5.2188247e-20
2015-01-05,XLY,-0.0072333044,5.3598313e-18
2015-01-06,XLY,-0.019311333,0.0
2015-01-07,XLY,-0.010012957,1.05008104e-19
2015-01-08,XLY,0.015689952,0.0
2015-01-09,XLY,0.014890007,1.3412485e-17
2015-01-12,XLY,-0.011640269,0.04532947
2015-01-13,XLY,-0.0053748363,0.0
2015-01-14,XLY,0.0,1.6671966e-20
2015-01-15,XLY,-0.012128279,0.0031757236
2015-01-16,XLY,-0.013004084,1.4357681e-19
2015-01-19,XLY,0.013147629,8.3347995e-19
2015-01-20,XLY,0.0,0.0
2015-01-21,XLY,-0.005757897,0.0
2015-01-22,XLY,0.0064753084,1.7296413e-18
2015-01-23,XLY,0.018615102,9.128579e-20
2015-01-26,XLY,-0.0014088477,0.0
2015-01-27,XLY,0.005202852,1.3254097e-19
2015-01-28,XLY,-0.008026516,0.0
2015-01-29,XLY,-0.013092545,0.015567186
2015-01-30,XLY,0.013516603,7.228015e-20
2015-02-02,XLY,-0.010941494,0.0
2015-02-03,XLY,0.008961015,0.019533377
2015-02-04,XLY,0.021018008,0.00017643625
2015-02-05,XLY,0.0066335234,0.0063843625
2015-02-06,XLY,0.0061792163,0.022361655
2015-02-09,XLY,-0.0015069528,0.060400505
2015-02-10,XLY,-0.0038461585,0.11498312
2015-02-11,XLY,0.01217442,0.0
2015-02-12,XLY,0.0002718869,0.011054831
2015-02-13,XLY,0.011756098,1.3877788e-17
2015-02-16,XLY,0.0060269386,0.05711892
2015-02-17,XLY,0.0,0.02193736
2015-02-18,XLY,-0.0022725763,0.025380854
2015-02-19,XLY,-0.00053547526,0.01495545
2015-02-20,XLY,0.0030750742,0.007667433
2015-02-23,XLY,0.0070502455,5.05961e-19
2015-02-24,XLY,-0.00092832046,0.06177902
2015-02-25,XLY,0.0047650654,0.055804092
2015-02-26,XLY,0.0076296083,0.03453398
2015-02-27,XLY,-0.0031500224,3.15548e-18
2015-03-02,XLY,-0.0013154435,9.454836e-22
2015-03-03,XLY,0.011907239,0.005598007
2015-03-04,XLY,-0.0027352672,0.017120581
2015-03-05,XLY,-0.005230821,4.6259294e-18
2015-03-06,XLY,0.000655351,0.029093066
2015-03-09,XLY,-0.011995135,3.2959156e-19
2015-03-10,XLY,0.0056859655,0.0
2015-03-11,XLY,-0.015681384,0.034944545
2015-03-12,XLY,-0.0055066957,0.033930693
2015-03-13,XLY,0.020132672,0.057011615
2015-03-16,XLY,-0.0079512745,0.037428923
2015-03-17,XLY,0.011640343,0.06467616
2015-03-18,XLY,-0.0055387192,0.025247524
2015-03-19,XLY,0.008821069,0.014250504
2015-03-20,XLY,-0.001442907,0.0
2015-03-23,XLY,0.007714978,0.0051697087
2015-03-24,XLY,-0.0016948052,0.026314426
2015-03-25,XLY,-0.0052328743,0.0058897617
2015-03-26,XLY,-0.016398145,0.0
2015-03-27,XLY,-0.0062863845,0.085346006
2015-03-30,XLY,0.005085664,7.366178e-18
2015-03-31,XLY,0.010226532,0.1151486
2015-04-01,XLY,-0.0043699997,0.054484554
2015-04-02,XLY,-0.0043891803,0.027999561
2015-04-03,XLY,0.008891307,0.06084871
2015-04-06,XLY,0.0,0.06660035
2015-04-07,XLY,0.0047449674,1.1971399e-19
2015-04-08,XLY,-0.0055379886,0.07618639
2015-04-09,XLY,0.009344017,0.041671004
2015-04-10,XLY,0.0009165303,0.0
2015-04-13,XLY,0.00339692,0.013034528
2015-04-14,XLY,-0.005493082,0.019265385
2015-04-15,XLY,-0.0005247278,0.0
2015-04-16,XLY,0.0,0.0
2015-04-17,XLY,0.0019663111,0.0
2015-04-20,XLY,-0.014908912,0.08467872
2015-04-21,XLY,0.010972415,0.08254787
2015-04-22,XLY,0.0010512484,0.021392776
2015-04-23,XLY,0.00091893674,0.0
2015-04-24,XLY,0.004973832,1.6728259e-18
2015-04-27,XLY,0.01348743,0.060266662
2015-04-28,XLY,-0.00879809,0.07339826
2015-04-29,XLY,-0.003514942,0.08456376
2015-04-30,XLY,-0.0068045277,0.0072728572
2015-05-01,XLY,-0.011223462,0.038761184
2015-05-04,XLY,0.013715103,0.02739507
2015-05-05,XLY,0.0020934197,0.0
2015-05-06,XLY,-0.010511199,0.05710599
2015-05-07,XLY,-0.004102977,0.028078172
2015-05-08,XLY,0.005159083,0.0626881
2015-05-11,XLY,0.010630719,0.024422659
2015-05-12,XLY,-0.0044485223,0.042215474
2015-05-13,XLY,-0.001837512,0.010652267
2015-05-14,XLY,-0.0063257986,0.012039677
2015-05-15,XLY,0.004484904,0.038144995
2015-05-18,XLY,0.007996372,0.017868578
2015-05-19,XLY,0.0037792448,0.0021376754
2015-05-20,XLY,-0.0002601795,0.0
2015-05-21,XLY,-0.0011716463,4.379186e-06
2015-05-22,XLY,0.003900161,0.027998753
2015-05-25,XLY,-0.0016882025,0.05109713
2015-05-26,XLY,0.0,0.0
2015-05-27,XLY,-0.0071741,0.027339695
2015-05-28,XLY,0.0074340086,0.006268519
2015-05-29,XLY,-0.0016906175,1.825431e-20
2015-06-01,XLY,-0.0069222506,8.0181114e-19
2015-06-02,XLY,0.0028792063,0.029815469
2015-06-03,XLY,0.0022191773,0.039238863
2015-06-04,XLY,0.0077932593,0.0
2015-06-05,XLY,-0.0071414965,0.06543817
2015-06-08,XLY,-0.0028709401,0.0
2015-06-09,XLY,-0.0070819966,0.019727534
2015-06-10,XLY,-0.0010534633,0.0058254534
2015-06-11,XLY,0.010224233,0.017751873
2015-06-12,XLY,0.0033849792,0.03711081
2015-06-15,XLY,-0.004559377,1.7875911e-19
2015-06-16,XLY,-0.004711434,0.0
2015-06-17,XLY,0.006016236,0.086109586
2015-06-18,XLY,0.0045534456,0.0142435515
2015-06-19,XLY,0.01199937,3.270709e-19
2015-06-22,XLY,-0.0066915704,0.06135039
2015-06-23,XLY,0.0055366135,0.040621813
2015-06-24,XLY,0.0039725816,0.0013247707
2015-06-25,XLY,-0.0069302125,0.014275162
2015-06-26,XLY,-0.0007729967,0.053678896
2015-06-29,XLY,0.0039874,0.0
2015-06-30,XLY,-0.022852201,0.06463592
2015-07-01,XLY,0.004455518,0.021252522
2015-07-02,XLY,0.0113113085,0.06955873
2015-07-03,XLY,-0.00194112,0.030531464
2015-07-06,XLY,0.0,0.054499205
2015-07-07,XLY,-0.0019448953,0.05633264
2015-07-08,XLY,0.008658063,0.0015727928
2015-07-09,XLY,-0.019226365,0.0
2015-07-10,XLY,0.004188488,0.051721584
2015-07-13,XLY,0.014394335,0.062247302
2015-07-14,XLY,0.014317003,0.05796233
2015-07-15,XLY,0.0012683918,0.0
2015-07-16,XLY,-0.0010145848,0.037282884
2015-07-17,XLY,0.006072125,0.0
2015-07-20,XLY,-0.0017672309,0.040418405
2015-07-21,XLY,0.0005052419,0.040589616
2015-07-22,XLY,-0.003161958,0.06947543
2015-07-23,XLY,0.0048022335,0.0050422815
2015-07-24,XLY,-0.00594299,1.3818759e-19
2015-07-27,XLY,0.0,0.11431215
2015-07-28,XLY,-0.0075106965,0.0448645
2015-07-29,XLY,0.0077643106,0.043362416
2015-07-30,XLY,0.010217686,0.058733072
2015-07-31,XLY,0.003632951,0.009703717
2015-08-03,XLY,0.003121296,0.024814567
2015-08-04,XLY,-0.003371421,0.124311045
2015-08-05,XLY,0.0042436407,0.09427242
2015-08-06,XLY,-0.010894855,5.458802e-18
2015-08-07,XLY,-0.0136918975,0.12988564
2015-08-10,XLY,-0.0007661857,0.059588972
2015-08-11,XLY,0.00801582,0.055899568
2015-08-12,XLY,-0.009038315,0.04920343
2015-08-13,XLY,-0.0043573054,0.06953668
2015-08-14,XLY,0.0057629663,0.0070295646
2015-08-17,XLY,0.0006382843,0.009549773
2015-08-18,XLY,0.009525696,0.055897895
2015-08-19,XLY,0.00088445266,0.036703695
2015-08-20,XLY,-0.0017696882,0.03671378
2015-08-21,XLY,-0.02848903,0.016824478
2015-08-24,XLY,-0.03254686,0.060542174
2015-08-25,XLY,-0.04076036,0.020937663
2015-08-26,XLY,-0.004070467,0.02423943
2015-08-27,XLY,0.037271395,0.03804808
2015-08-28,XLY,0.023171198,0.028556459
2015-08-31,XLY,0.00039711432,0.071407266
2015-09-01,XLY,-0.007705631,0.119103305
2015-09-02,XLY,-0.02566668,0.0
2015-09-03,XLY,0.020853836,0.07732141
2015-09-04,XLY,0.0004019562,0.027293155
2015-09-07,XLY,-0.010774515,0.14330932
2015-09-08,XLY,0.0,0.04659879
2015-09-09,XLY,0.022891033,0.042970154
2015-09-10,XLY,-0.01077783,0.061264414
2015-09-11,XLY,0.0028054256,0.0
2015-09-14,XLY,0.0074428837,0.0043015787
2015-09-15,XLY,-0.005310687,0.059924394
2015-09-16,XLY,0.010461593,0.0034885423
2015-09-17,XLY,0.011265511,0.06093188
2015-09-18,XLY,0.0026017968,0.052958835
2015-09-21,XLY,-0.019813022,0.09483316
2015-09-22,XLY,0.008708328,0.016343942
2015-09-23,XLY,-0.013357337,0.09991506
2015-09-24,XLY,-0.0026663127,0.05661687
2015-09-25,XLY,-0.002673441,0.072371416
2015-09-28,XLY,-0.00013385985,0.12372759
2015-09-29,XLY,-0.029204113,0.014881716
2015-09-30,XLY,-0.0033135472,0.002552592
2015-10-01,XLY,0.026610017,0.052977603
2015-10-02,XLY,0.007379117,0.11013471
2015-10-05,XLY,0.01420158,0.06477678
2015-10-06,XLY,0.014652276,0.023657965
2015-10-07,XLY,-0.0074301325,0.09468956
2015-10-08,XLY,0.0033960326,5.58935e-18
2015-10-09,XLY,0.012182629,0.047352865
2015-10-12,XLY,0.0011586741,0.041065753
2015-10-13,XLY,0.0047493833,0.04655379
2015-10-14,XLY,-0.0053929253,0.055166505
2015-10-15,XLY,-0.010223318,0.0
2015-10-16,XLY,0.012923416,0.0
2015-10-19,XLY,0.0052507003,0.00055306
2015-10-20,XLY,0.004714886,0.071487375
2015-10-21,XLY,-0.0012721029,4.045763e-18
2015-10-22,XLY,-0.0044651474,0.1085566
2015-10-23,XLY,0.013083706,0.07503706
2015-10-26,XLY,0.0049096844,0.07125485
2015-10-27,XLY,0.0070079127,0.01679468
2015-10-28,XLY,-0.004750009,0.041931678
2015-10-29,XLY,0.009477562,0.082609795
2015-10-30,XLY,0.0028505938,0.07610663
2015-11-02,XLY,0.00210175,0.06822095
2015-11-03,XLY,0.004559185,0.091662265
2015-11-04,XLY,0.0038039188,1.3113319e-17
2015-11-05,XLY,-0.0065122796,0.07024478
2015-11-06,XLY,0.0035685757,0.010418905
2015-11-09,XLY,0.00012282749,0.014476479
2015-11-10,XLY,-0.013851322,0.0
2015-11-11,XLY,0.00942,0.02274307
2015-11-12,XLY,-0.0059391414,0.0048172534
2015-11-13,XLY,-0.009351106,0.019140057
2015-11-16,XLY,-0.02665809,0.1353469
2015-11-17,XLY,0.012020605,0.06746811
2015-11-18,XLY,0.0019048834,0.069590725
2015-11-19,XLY,0.016982608,0.05627135
2015-11-20,XLY,0.0012465721,4.127633e-18
2015-11-23,XLY,0.011888685,0.07365246
2015-11-24,XLY,0.0036864136,0.038284875
2015-11-25,XLY,-0.002087299,0.0
2015-11-26,XLY,0.005026676,0.100143276
2015-11-27,XLY,0.0,0.09041661
2015-11-30,XLY,-0.0036755737,0.07481672
2015-12-01,XLY,-0.008505444,0.084206834
2015-12-02,XLY,0.010222393,0.11856018
2015-12-03,XLY,-0.008737979,0.06714516
2015-12-04,XLY,-0.01519521,0.06608765
2015-12-07,XLY,0.019142909,1.6489998e-18
2015-12-08,XLY,-0.0041949474,0.007619057
2015-12-09,XLY,-0.0029717705,0.0077690235
2015-12-10,XLY,-0.012855091,0.075360194
2015-12-11,XLY,0.0033857955,0.018077943
2015-12-14,XLY,-0.023047747,0.0818267
2015-12-15,XLY,0.005111179,2.3129647e-18
2015-12-16,XLY,0.0054655364,0.09370235
2015-12-17,XLY,0.016593719,0.0
2015-12-18,XLY,-0.016593719,2.3129646e-17
2015-12-21,XLY,-0.019972498,0.04465727
2015-12-22,XLY,0.005030646,0.013519202
2015-12-23,XLY,0.0073072566,0.04777457
2015-12-24,XLY,0.005096202,0.05942519
2015-12-25,XLY,-0.0026722674,0.0229653
2015-12-28,XLY,0.0,0.046763975
2015-12-29,XLY,0.0025451782,0.014540622
2015-12-30,XLY,0.011499464,0.05968271
2015-12-31,XLY,-0.008073716,0.09323079
2015-01-01,XLP,-0.012297757,0.07439677
2015-01-02,XLP,0.0,0.03123015
2015-01-05,XLP,-0.0028913692,0.01933884
2015-01-06,XLP,-0.0070568994,0.057176642
2015-01-07,XLP,-0.0012505212,0.040315486
2015-01-08,XLP,0.016956568,0.055434547
2015-01-09,XLP,0.0150593,0.109038904
2015-01-12,XLP,-0.008111989,0.00023093616
2015-01-13,XLP,-0.003059042,0.10891768
2015-01-14,XLP,-0.00020426922,0.11585968
2015-01-15,XLP,-0.0030690562,0.15699628
2015-01-16,XLP,0.001638002,0.055009775
2015-01-19,XLP,0.007947062,0.110650994
2015-01-20,XLP,0.0,0.036436766
2015-01-21,XLP,0.004051049,0.24240592
2015-01-22,XLP,0.004839695,0.073100515
2015-01-23,XLP,0.01000809,0.11191815
2015-01-26,XLP,-0.01121582,0.02645857
2015-01-27,XLP,0.0,0.20041046
2015-01-28,XLP,-0.011546771,0.16872433
2015-01-29,XLP,-0.011681657,0.056225814
2015-01-30,XLP,0.008007434,0.041539673
2015-02-02,XLP,-0.018159805,0.097280644
2015-02-03,XLP,0.011800158,0.029321346
2015-02-04,XLP,0.00881063,0.094558045
2015-02-05,XLP,0.00040791353,0.057855904
2015-02-06,XLP,0.005084929,0.051715568
2015-02-09,XLP,-0.0044733705,0.007908459
2015-02-10,XLP,-0.00756882,0.033826057
2015-02-11,XLP,0.011636347,0.0074475515
2015-02-12,XLP,0.004657293,0.03701493
2015-02-13,XLP,0.0046357033,0.09473969
2015-02-16,XLP,-0.0046357033,0.044447392
2015-02-17,XLP,0.0,0.005007541
2015-02-18,XLP,0.00020199979,0.067667484
2015-02-19,XLP,0.0054386277,0.008526542
2015-02-20,XLP,-0.006449035,0.08001082
2015-02-23,XLP,0.0028265717,0.19514853
2015-02-24,XLP,0.0028186047,0.079832844
2015-02-25,XLP,0.0034119452,0.19187725
2015-02-26,XLP,-0.0034119452,0.021462306
2015-02-27,XLP,0.0014063288,0.036873832
2015-03-02,XLP,0.0040072184,0.017911997
2015-03-03,XLP,0.0017980227,0.055779982
2015-03-04,XLP,-0.0037996245,0.047213614
2015-03-05,XLP,-0.0070373267,0.046692334
2015-03-06,XLP,0.003424316,0.13199234
2015-03-09,XLP,-0.019698068,0.16943316
2015-03-10,XLP,0.005522051,0.2593727
2015-03-11,XLP,-0.01437987,0.02085459
2015-03-12,XLP,-0.0076851556,0.02159997
2015-03-13,XLP,0.014490007,0.09352744
2015-03-16,XLP,-0.007839941,0.052998867
2015-03-17,XLP,0.012146315,0.063338876
2015-03-18,XLP,-0.0071876273,0.036162768
2015-03-19,XLP,0.006778294,0.06979063
2015-03-20,XLP,-0.004513754,0.07353541
2015-03-23,XLP,0.0063544335,0.108854115
2015-03-24,XLP,0.0016333201,0.09283414
2015-03-25,XLP,-0.00572833,0.03341415
2015-03-26,XLP,-0.0024650793,0.18939672
2015-03-27,XLP,-0.0043285647,0.0554875
2015-03-30,XLP,0.0061779437,0.05303663
2015-03-31,XLP,0.010009276,0.0003755238
2015-04-01,XLP,-0.009393576,0.023796672
2015-04-02,XLP,0.0012302647,0.024176069
2015-04-03,XLP,0.0067395335,0.037014645
2015-04-06,XLP,0.0,0.06663547
2015-04-07,XLP,0.007906782,0.23907274
2015-04-08,XLP,-0.0046554077,0.058588244
2015-04-09,XLP,0.0016217316,0.038385876
2015-04-10,XLP,0.002831717,0.10184614
2015-04-13,XLP,0.0018161644,0.056593604
2015-04-14,XLP,-0.0046478813,0.0010567777
2015-04-15,XLP,0.0022255953,0.032944288
2015-04-16,XLP,-0.0028334365,0.06761153
2015-04-17,XLP,0.0036415174,2.7755576e-17
2015-04-20,XLP,-0.00933259,0.00016676975
2015-04-21,XLP,0.0034591549,0.0
2015-04-22,XLP,0.0018264846,1.0408341e-17
2015-04-23,XLP,0.0006080876,0.13159882
2015-04-24,XLP,-0.0034507292,0.12140217
2015-04-27,XLP,0.00020331402,0.009093141
2015-04-28,XLP,-0.00550404,0.0
2015-04-29,XLP,0.0010215549,0.0
2015-04-30,XLP,-0.009025702,0.042579092
2015-05-01,XLP,-0.0033023765,0.082523614
2015-05-04,XLP,0.009055423,0.021035502
2015-05-05,XLP,0.001433105,0.18742898
2015-05-06,XLP,-0.008010724,0.06076114
2015-05-07,XLP,0.0030886466,0.026655694
2015-05-08,XLP,0.002464067,0.0
2015-05-11,XLP,0.008373377,0.06782417
2015-05-12,XLP,-0.004075816,0.015627174
2015-05-13,XLP,-0.0022488,0.0
2015-05-14,XLP,-0.0004094166,3.4249661e-19
2015-05-15,XLP,0.015239552,0.0
2015-05-18,XLP,0.0032212632,2.310397e-05
2015-05-19,XLP,-0.0032212632,0.036878195
2015-05-20,XLP,-0.0026249385,0.038629796
2015-05-21,XLP,-0.002226496,1.8070036e-18
2015-05-22,XLP,0.002226496,0.033756588
2015-05-25,XLP,-0.0042548943,0.07546272
2015-05-26,XLP,0.0,0.03495048
2015-05-27,XLP,-0.007950302,2.891206e-19
2015-05-28,XLP,0.006324616,0.07875889
2015-05-29,XLP,-0.0014246466,0.06695488
2015-06-01,XLP,-0.006333661,0.14087142
2015-06-02,XLP,0.0,0.049932715
2015-06-03,XLP,-0.0026680364,1.8503718e-17
2015-06-04,XLP,-0.00061671296,0.18748848
2015-06-05,XLP,-0.007223228,0.015395759
2015-06-08,XLP,-0.0143947415,0.015126141
2015-06-09,XLP,-0.0004203447,0.01341223
2015-06-10,XLP,0.004823329,0.041201863
2015-06-11,XLP,0.00978461,0.043533053
2015-06-12,XLP,-0.0004144219,0.03307559
2015-06-15,XLP,-0.0039455974,0.03700045
2015-06-16,XLP,-0.007309211,0.089976005
2015-06-17,XLP,0.010840215,0.01668101
2015-06-18,XLP,0.005376357,0.03928106
2015-06-19,XLP,0.011074765,0.031110808
2015-06-22,XLP,-0.0075750183,0.019352838
2015-06-23,XLP,0.003897041,0.03326165
2015-06-24,XLP,-0.004308141,0.011269558
2015-06-25,XLP,-0.004533286,0.014887541
2015-06-26,XLP,-0.0018604656,0.020553129
2015-06-29,XLP,0.0020669706,0.08932211
2015-06-30,XLP,-0.015607433,0.07574479
2015-07-01,XLP,-0.0016792616,0.056867056
2015-07-02,XLP,0.012733707,7.9698446e-05
2015-07-03,XLP,-0.00083004776,8.3367966e-05
2015-07-06,XLP,0.0,0.04920887
2015-07-07,XLP,-0.00083073735,0.025532136
2015-07-08,XLP,0.0203606,0.014375789
2015-07-09,XLP,-0.011260227,0.051798582
2015-07-10,XLP,0.0008232147,0.015333117
2015-07-13,XLP,0.011657766,0.022171214
2015-07-14,XLP,0.009309923,0.03268141
2015-07-15,XLP,0.0016103063,0.084388904
2015-07-16,XLP,-0.002618066,0.036461364
2015-07-17,XLP,0.010231808,0.015789527
2015-07-20,XLP,-0.00059898174,0.038506072
2015-07-21,XLP,0.00179587,0.06785976
2015-07-22,XLP,-0.0023952108,0.050696354
2015-07-23,XLP,0.0021958288,0.035656497
2015-07-24,XLP,-0.0037958291,0.019951237
2015-07-27,XLP,-0.0056202477,0.043237668
2015-07-28,XLP,-0.00060404715,0.051318433
2015-07-29,XLP,0.01121582,0.009318314
2015-07-30,XLP,0.003380061,1.6263033e-18
2015-07-31,XLP,-0.003380061,0.04976247
2015-08-03,XLP,0.0019896545,0.04877698
2015-08-04,XLP,0.0013904064,1.6081572e-18
2015-08-05,XLP,0.0,0.08885314
2015-08-06,XLP,0.008695707,0.08711174
2015-08-07,XLP,-0.0075054667,0.046887908
2015-08-10,XLP,-0.0055666147,0.034959063
2015-08-11,XLP,0.0037807229,0.048181802
2015-08-12,XLP,-0.0035813807,0.14837098
2015-08-13,XLP,0.0005977882,0.094422266
2015-08-14,XLP,-0.003992021,0.08903669
2015-08-17,XLP,0.003194891,0.09344721
2015-08-18,XLP,0.0009963138,0.06341858
2015-08-19,XLP,-0.004991525,0.060468532
2015-08-20,XLP,-0.009250016,0.021256482
2015-08-21,XLP,-0.009132484,0.041425284
2015-08-24,XLP,-0.027699167,0.007567235
2015-08-25,XLP,-0.035413258,0.025626132
2015-08-26,XLP,-0.007629465,0.047875203
2015-08-27,XLP,0.029112568,4.9150497e-18
2015-08-28,XLP,0.014558755,0.012614299
2015-08-31,XLP,-0.0020968765,0.045848496
2015-09-01,XLP,-0.006951055,0.044381678
2015-09-02,XLP,-0.02071617,0.0
2015-09-03,XLP,0.013503581,0.021977162
2015-09-04,XLP,0.0067897565,0.04946793
2015-09-07,XLP,-0.01641653,0.12151306
2015-09-08,XLP,0.0,0.041893143
2015-09-09,XLP,0.020636834,0.058232296
2015-09-10,XLP,-0.016560888,0.029055761
2015-09-11,XLP,0.0017112304,0.04605356
2015-09-14,XLP,0.006603496,0.0033405356
2015-09-15,XLP,-0.0031897954,0.00012490604
2015-09-16,XLP,0.0118570095,0.008546113
2015-09-17,XLP,0.01130192,0.037107505
2015-09-18,XLP,0.0,0.05190195
2015-09-21,XLP,-0.01806013,0.061080277
2015-09-22,XLP,0.007389456,0.03434391
2015-09-23,XLP,-0.010998419,0.010732862
2015-09-24,XLP,0.0016999579,0.01405912
2015-09-25,XLP,0.001697073,0.008747451
2015-09-28,XLP,0.0063384958,0.06943332
2015-09-29,XLP,-0.014852809,0.052860424
2015-09-30,XLP,-0.00042762456,0.03747789
2015-10-01,XLP,0.009153869,0.006062302
2015-10-02,XLP,0.0,0.025952797
2015-10-05,XLP,0.013680104,0.0690701
2015-10-06,XLP,0.016995227,0.07612626
2015-10-07,XLP,-0.0068048513,0.075219065
2015-10-08,XLP,0.009062883,0.0
2015-10-09,XLP,0.011822396,0.01861498
2015-10-12,XLP,0.002226496,0.04134525
2015-10-13,XLP,0.0026249385,0.106890194
2015-10-14,XLP,-0.0060679796,0.050854277
2015-10-15,XLP,-0.011631598,0.04876374
2015-10-16,XLP,0.008990661,0.018291097
2015-10-19,XLP,0.0095152045,6.150366e-05
2015-10-20,XLP,0.004423007,0.09495793
2015-10-21,XLP,-0.0006019866,0.006525186
2015-10-22,XLP,0.00020070246,0.02137986
2015-10-23,XLP,0.019672766,0.0074567934
2015-10-26,XLP,-0.0015754238,0.08819505
2015-10-27,XLP,-0.0019727764,0.0
2015-10-28,XLP,0.001381352,0.05802403
2015-10-29,XLP,-0.005735208,0.06243046
2015-10-30,XLP,0.00039658934,0.022075389
2015-11-02,XLP,-0.0111643905,0.02872728
2015-11-03,XLP,0.00599642,0.0008503385
2015-11-04,XLP,-0.0047942563,0.040737662
2015-11-05,XLP,-0.004213912,0.02567126
2015-11-06,XLP,-0.00020110609,0.03314061
2015-11-09,XLP,-0.01092023,0.014005761
2015-11-10,XLP,-0.0067326585,0.02529129
2015-11-11,XLP,0.002657673,0.006807485
2015-11-12,XLP,-0.001430177,0.037361894
2015-11-13,XLP,-0.013586047,0.030389601
2015-11-16,XLP,-0.00874277,0.0
2015-11-17,XLP,0.016998751,0.046972346
2015-11-18,XLP,-0.0004111842,0.0012958375
2015-11-19,XLP,0.013683457,0.030745383
2015-11-20,XLP,0.0026132155,0.006315796
2015-11-23,XLP,-0.007085677,0.014837844
2015-11-24,XLP,0.008723049,0.0
2015-11-25,XLP,0.002622291,5.559677e-18
2015-11-26,XLP,0.0026154325,0.03881354
2015-11-27,XLP,0.0,0.030612042
2015-11-30,XLP,0.0038102923,0.004685878
2015-12-01,XLP,-0.010867485,2.4307443e-18
2015-12-02,XLP,0.008462674,0.11767737
2015-12-03,XLP,-0.005028674,0.0067332564
2015-12-04,XLP,-0.005256785,0.036152456
2015-12-07,XLP,0.022252096,1.6190752e-17
2015-12-08,XLP,0.00277173,0.06865533
2015-12-09,XLP,-0.0025734943,0.0
2015-12-10,XLP,-0.009559921,0.055177435
2015-12-11,XLP,0.0012000002,0.059739657
2015-12-14,XLP,-0.011054278,0.05168712
2015-12-15,XLP,0.009854278,0.0017021613
2015-12-16,XLP,0.0063834246,0.08965201
2015-12-17,XLP,0.019104471,0.021395963
2015-12-18,XLP,-0.012959145,0.06439619
2015-12-21,XLP,-0.025216466,0.029301923
2015-12-22,XLP,0.011285892,0.017293237
2015-12-23,XLP,0.012941943,0.009840079
2015-12-24,XLP,0.007292828,0.07717233
2015-12-25,XLP,-0.0009824148,0.00766032
2015-12-28,XLP,0.0,0.06321436
2015-12-29,XLP,-0.0013770042,0.07215819
2015-12-30,XLP,0.0086241225,0.016851721
2015-12-31,XLP,-0.0035190652,0.022617823
2015-01-01,XLE,-0.007551005,6.23868e-18
2015-01-02,XLE,0.0,3.2705344e-18
2015-01-05,XLE,0.004663188,0.0
2015-01-06,XLE,-0.042248048,0.0075342623
2015-01-07,XLE,-0.014799424,0.0
2015-01-08,XLE,0.0021276604,4.011548e-18
2015-01-09,XLE,0.02220124,0.0
2015-01-12,XLE,-0.007956737,0.0
2015-01-13,XLE,-0.029234078,2.8449874e-18
2015-01-14,XLE,-0.007987588,3.0316683e-05
2015-01-15,XLE,0.0031213977,0.0021468385
2015-01-16,XLE,-0.01281894,2.5928165e-19
2015-01-19,XLE,0.032010294,0.0
2015-01-20,XLE,0.0,0.15050505
2015-01-21,XLE,0.0011956162,0.0
2015-01-22,XLE,0.020109767,0.0020529137
2015-01-23,XLE,0.004673512,5.720193e-20
2015-01-26,XLE,-0.0071489224,0.0
2015-01-27,XLE,0.0142471,0.0
2015-01-28,XLE,-0.00064321095,2.9072123e-17
2015-01-29,XLE,-0.040173426,0.0
2015-01-30,XLE,0.0033433666,0.045265723
2015-02-02,XLE,0.008640798,1.8792838e-18
2015-02-03,XLE,0.030117653,2.1684043e-19
2015-02-04,XLE,0.026989285,0.022107447
2015-02-05,XLE,-0.01663974,0.0056000156
2015-02-06,XLE,0.014261616,0.029434681
2015-02-09,XLE,0.00025059516,0.0
2015-02-10,XLE,0.0010017531,0.0032837044
2015-02-11,XLE,-0.00050075114,0.025132352
2015-02-12,XLE,-0.007036973,0.013645248
2015-02-13,XLE,0.0130295,1.6590846e-18
2015-02-16,XLE,0.020939304,0.06908551
2015-02-17,XLE,0.0,0.07572857
2015-02-18,XLE,0.0030426604,0.02215711
2015-02-19,XLE,-0.011980583,0.15952002
2015-02-20,XLE,-0.004684427,0.021342825
2015-02-23,XLE,-0.004830628,0.009647844
2015-02-24,XLE,-0.0041057603,0.0
2015-02-25,XLE,0.0027390455,0.0
2015-02-26,XLE,0.0054556862,0.032795154
2015-02-27,XLE,-0.018722463,0.0077459402
2015-03-02,XLE,-0.004419478,0.0
2015-03-03,XLE,-0.006984599,0.015543266
2015-03-04,XLE,0.0036888677,0.0
2015-03-05,XLE,-0.0013976243,0.00069595943
2015-03-06,XLE,-0.005993769,0.0
2015-03-09,XLE,-0.018069671,7.2280143e-19
2015-03-10,XLE,-0.0071891034,5.6121293e-18
2015-03-11,XLE,-0.014002871,0.0045976886
2015-03-12,XLE,0.002922425,0.026931563
2015-03-13,XLE,-0.0063872472,1.1110413e-18
2015-03-16,XLE,-0.0037448218,9.696366e-21
2015-03-17,XLE,0.013442673,0.0021568418
2015-03-18,XLE,-0.0038413187,2.7105054e-20
2015-03-19,XLE,0.028650006,0.0
2015-03-20,XLE,-0.01598994,0.0
2015-03-23,XLE,0.007831916,3.2661392e-19
2015-03-24,XLE,-0.0035167735,2.681365e-17
2015-03-25,XLE,-0.0066767284,4.0613473e-17
2015-03-26,XLE,0.012920245,0.0
2015-03-27,XLE,-0.001167694,0.0
2015-03-30,XLE,-0.00821226,4.9360212e-18
2015-03-31,XLE,0.021238819,0.0
2015-04-01,XLE,-0.0059118536,0.03220514
2015-04-02,XLE,-0.00025783165,0.013661611
2015-04-03,XLE,0.002060794,2.5558349e-18
2015-04-06,XLE,0.0,0.0
2015-04-07,XLE,0.017853063,1.7839759e-18
2015-04-08,XLE,0.00063175184,2.1684043e-19
2015-04-09,XLE,-0.008116722,0.0
2015-04-10,XLE,0.015917465,0.0
2015-04-13,XLE,0.004376922,0.0818656
2015-04-14,XLE,-0.01003269,0.0046654055
2015-04-15,XLE,0.017863194,1.0226914e-17
2015-04-16,XLE,0.023613993,1.8070036e-19
2015-04-17,XLE,-0.002300104,0.0
2015-04-20,XLE,-0.0072984146,0.0
2015-04-21,XLE,0.003777498,6.391321e-19
2015-04-22,XLE,-0.010637748,5.8647395e-18
2015-04-23,XLE,0.0066160494,0.0
2015-04-24,XLE,0.0068151657,8.504331e-19
2015-04-27,XLE,-0.005716734,0.0
2015-04-28,XLE,-0.0010984318,1.4233828e-17
2015-04-29,XLE,0.0049942243,5.782412e-19
2015-04-30,XLE,0.007746347,0.0
2015-05-01,XLE,-0.00313972,0.0
2015-05-04,XLE,0.00229538,0.015240706
2015-05-05,XLE,-0.0025373057,0.0
2015-05-06,XLE,-0.012422595,0.0
2015-05-07,XLE,-0.0039212247,0.0
2015-05-08,XLE,-0.010880424,0.041020975
2015-05-11,XLE,0.01627656,0.10431221
2015-05-12,XLE,-0.019015266,0.0999223
2015-05-13,XLE,0.004601712,0.0
2015-05-14,XLE,-0.0026091833,8.461953e-20
2015-05-15,XLE,-0.00037329685,0.0
2015-05-18,XLE,0.003974667,0.1622217
2015-05-19,XLE,0.0008673565,2.303951e-20
2015-05-20,XLE,-0.014345659,0.029428396
2015-05-21,XLE,0.0018828851,1.3010426e-18
2015-05-22,XLE,0.009361611,6.04734e-19
2015-05-25,XLE,-0.0036094382,5.680768e-19
2015-05-26,XLE,0.0,0.0
2015-05-27,XLE,-0.015962131,0.10609318
2015-05-28,XLE,-0.0017752985,1.7015706e-19
2015-05-29,XLE,-0.00394227,0.10714178
2015-06-01,XLE,-0.001147447,8.6736174e-19
2015-06-02,XLE,-0.002554606,0.0
2015-06-03,XLE,0.0068825153,0.0
2015-06-04,XLE,-0.0068825153,1.2110784e-17
2015-06-05,XLE,-0.0136494525,0.0
2015-06-08,XLE,0.0069767726,0.14477037
2015-06-09,XLE,-0.0056811,0.10186879
2015-06-10,XLE,-0.00012949175,0.0
2015-06-11,XLE,0.012227451,0.0
2015-06-12,XLE,-0.0044874744,0.0
2015-06-15,XLE,-0.011242608,4.571935e-18
2015-06-16,XLE,-0.0023419214,0.0
2015-06-17,XLE,0.00778517,0.005634942
2015-06-18,XLE,-0.0024587524,0.0
2015-06-19,XLE,-0.00064804615,8.98693e-21
2015-06-22,XLE,-0.015943881,0.0
2015-06-23,XLE,0.0121769095,6.387758e-18
2015-06-24,XLE,0.0032482326,0.09991369
2015-06-25,XLE,-0.006245954,0.0044139423
2015-06-26,XLE,-0.010233624,3.4382806e-20
2015-06-29,XLE,0.0032914255,2.3129646e-17
2015-06-30,XLE,-0.019108862,0.0
2015-07-01,XLE,0.006942618,0.0
2015-07-02,XLE,-0.012855024,1.0497422e-19
2015-07-03,XLE,0.004437579,0.0
2015-07-06,XLE,0.0,1.031939e-18
2015-07-07,XLE,-0.013236281,0.0
2015-07-08,XLE,0.009068209,0.0
2015-07-09,XLE,-0.020417206,6.7706165e-19
2015-07-10,XLE,0.0050751087,8.48863e-19
2015-07-13,XLE,0.005457784,0.0
2015-07-14,XLE,0.0070508765,0.0
2015-07-15,XLE,0.007135675,0.0006830693
2015-07-16,XLE,-0.01773072,0.0
2015-07-17,XLE,0.001364629,0.13409463
2015-07-20,XLE,-0.012211169,9.532982e-18
2015-07-21,XLE,-0.013340943,0.0
2015-07-22,XLE,0.00041960977,0.02546106
2015-07-23,XLE,-0.0081438245,9.540979e-18
2015-07-24,XLE,-0.0008462624,0.08251366
2015-07-27,XLE,-0.019376585,4.684494e-20
2015-07-28,XLE,-0.014490907,0.0
2015-07-29,XLE,0.028207367,0.04459738
2015-07-30,XLE,0.013530862,0.024134066
2015-07-31,XLE,-0.007024474,0.1395653
2015-08-03,XLE,-0.022094835,0.0
2015-08-04,XLE,-0.0212681,0.0
2015-08-05,XLE,-0.0033920836,4.047688e-18
2015-08-06,XLE,-0.0075628744,1.4018362e-19
2015-08-07,XLE,0.01580185,0.0
2015-08-10,XLE,-0.018037153,0.0
2015-08-11,XLE,0.031426962,0.0046831956
2015-08-12,XLE,0.0018776635,0.0
2015-08-13,XLE,0.018018505,1.0729084e-19
2015-08-14,XLE,-0.015280554,9.251859e-18
2015-08-17,XLE,-0.002160917,5.926972e-18
2015-08-18,XLE,0.002160917,3.6140073e-20
2015-08-19,XLE,-0.0037485627,1.490778e-19
2015-08-20,XLE,-0.027976925,0.011388869
2015-08-21,XLE,-0.02283753,0.0
2015-08-24,XLE,-0.03557993,0.06666511
2015-08-25,XLE,-0.055196468,1.2389268e-18
2015-08-26,XLE,-0.014584116,3.8850577e-19
2015-08-27,XLE,0.03386778,0.13688836
2015-08-28,XLE,0.048276998,0.058778908
2015-08-31,XLE,0.022455573,0.0
2015-09-01,XLE,0.010289091,0.10917889
2015-09-02,XLE,-0.035860416,5.004584e-18
2015-09-03,XLE,0.009163689,0.0
2015-09-04,XLE,0.002779066,0.0433009
2015-09-07,XLE,-0.016634662,0.0
2015-09-08,XLE,0.0,0.0
2015-09-09,XLE,0.015554832,0.0
2015-09-10,XLE,-0.019009609,0.02409975
2015-09-11,XLE,0.0058034826,4.8789098e-18
2015-09-14,XLE,-0.00895458,1.0869277e-19
2015-09-15,XLE,-0.008717069,0.0
2015-09-16,XLE,0.011081323,0.103607126
2015-09-17,XLE,0.027943451,0.0
2015-09-18,XLE,-0.00061255746,0.09097644
2015-09-21,XLE,-0.03396494,5.5576656e-18
2015-09-22,XLE,0.0056890165,1.7756648e-19
2015-09-23,XLE,-0.010613961,9.318477e-19
2015-09-24,XLE,-0.012984073,0.04048377
2015-09-25,XLE,0.004346783,7.228015e-20
2015-09-28,XLE,0.0019258552,0.0
2015-09-29,XLE,-0.04074183,7.96235e-19
2015-09-30,XLE,-0.0015041367,0.0
2015-10-01,XLE,0.023308767,1.088776e-18
2015-10-02,XLE,0.0019588645,5.516409e-18
2015-10-05,XLE,0.040430527,1.0036052e-18
2015-10-06,XLE,0.02977926,3.3429566e-19
2015-10-07,XLE,0.021952467,0.0016352691
2015-10-08,XLE,0.012562051,3.237787e-19
2015-10-09,XLE,0.018912405,0.0
2015-10-12,XLE,-0.0065062037,0.01260909
2015-10-13,XLE,-0.012993832,0.0
2015-10-14,XLE,-0.0104883155,0.0
2015-10-15,XLE,0.008576129,1.380823e-18
2015-10-16,XLE,0.017802892,2.5445072e-18
2015-10-19,XLE,0.0013008602,0.024412634
2015-10-20,XLE,-0.019987535,5.8940176e-18
2015-10-21,XLE,0.0027959698,0.0
2015-10-22,XLE,-0.012420683,0.0
2015-10-23,XLE,0.017843133,1.0838068e-18
2015-10-26,XLE,-0.002341236,0.0
2015-10-27,XLE,-0.024769528,3.4572605e-20
2015-10-28,XLE,-0.012086565,8.529057e-18
2015-10-29,XLE,0.021949168,7.7831285e-18
2015-10-30,XLE,0.0050430247,0.0
2015-11-02,XLE,0.0064887414,4.047949e-19
2015-11-03,XLE,0.023103097,0.0
2015-11-04,XLE,0.025245987,9.016703e-19
2015-11-05,XLE,-0.009004,0.0
2015-11-06,XLE,-0.008515521,2.233818e-19
2015-11-09,XLE,-0.005144338,0.05017638
2015-11-10,XLE,-0.009934572,0.0
2015-11-11,XLE,0.0021681008,0.04495252
2015-11-12,XLE,-0.021452848,0.0
2015-11-13,XLE,-0.022979226,4.6175193e-20
2015-11-16,XLE,-0.004083799,6.324513e-19
2015-11-17,XLE,0.0327996,0.0
2015-11-18,XLE,-0.011061244,0.0
2015-11-19,XLE,0.016327493,0.0
2015-11-20,XLE,-0.013513719,0.0
2015-11-23,XLE,-0.01070483,0.0
2015-11-24,XLE,0.0071492707,0.0
2015-11-25,XLE,0.021146161,0.0
2015-11-26,XLE,-0.008170457,2.023844e-18
2015-11-27,XLE,0.0,0.0
2015-11-30,XLE,-0.0072043245,0.0
2015-12-01,XLE,0.0036821605,0.021598969
2015-12-02,XLE,0.007907495,0.0
2015-12-03,XLE,-0.03140999,1.9154238e-18
2015-12-04,XLE,-0.020221138,0.0
2015-12-07,XLE,-0.006316946,1.8970899e-19
2015-12-08,XLE,-0.038763322,0.026182868
2015-12-09,XLE,-0.01033601,0.0
2015-12-10,XLE,0.013063649,0.0
2015-12-11,XLE,0.0063887774,6.353026e-19
2015-12-14,XLE,-0.038132306,0.0
2015-12-15,XLE,0.0052787983,0.0
2015-12-16,XLE,0.024861138,5.511361e-19
2015-12-17,XLE,-0.0066017467,1.7836836e-17
2015-12-18,XLE,-0.024862256,2.8612773e-18
2015-12-21,XLE,-0.026686152,6.0066166e-22
2015-12-22,XLE,0.0010200613,0.0
2015-12-23,XLE,0.011656522,5.7453242e-05
2015-12-24,XLE,0.04258061,0.0
2015-12-25,XLE,-0.009054225,0.0
2015-12-28,XLE,0.0,0.0
2015-12-29,XLE,-0.018358162,3.1485685e-18
2015-12-30,XLE,0.0069238655,0.09271117
2015-12-31,XLE,-0.013562894,0.0
2015-01-01,VIX,0.1873341,0.003098736
2015-01-02,VIX,0.0,0.0040587843
2015-01-05,VIX,-0.07627378,0.0027024013
2015-01-06,VIX,0.11308775,0.013434094
2015-01-07,VIX,0.058496207,0.003251831
2015-01-08,VIX,-0.08959736,0.004406533
2015-01-09,VIX,-0.1268217,0.029384773
2015-01-12,VIX,0.031252544,0.0051734676
2015-01-13,VIX,0.110475615,0.0029761214
2015-01-14,VIX,0.047817875,0.0028804282
2015-01-15,VIX,0.04377483,0.002372222
2015-01-16,VIX,0.04149216,0.004374782
2015-01-19,VIX,-0.066475786,0.005072022
2015-01-20,VIX,0.0,0.014478418
2015-01-21,VIX,-0.051921554,0.0014452251
2015-01-22,VIX,-0.05370418,0.019389251
2015-01-23,VIX,-0.13923158,0.001304112
2015-01-26,VIX,0.015729303,0.0048678475
2015-01-27,VIX,-0.07088112,0.004385986
2015-01-28,VIX,0.103941984,0.0040853564
2015-01-29,VIX,0.17142227,0.0023386332
2015-01-30,VIX,-0.08576682,0.011412003
2015-02-02,VIX,0.1113659,0.013247228
2015-02-03,VIX,-0.07627458,0.011098289
2015-02-04,VIX,-0.11437916,0.019004473
2015-02-05,VIX,0.05609996,0.009453854
2015-02-06,VIX,-0.0841884,0.00962489
2015-02-09,VIX,0.025777644,0.011330836
2015-02-10,VIX,0.07034149,0.018720077
2015-02-11,VIX,-0.07381774,0.0145657705
2015-02-12,VIX,-0.01579442,0.011360715
2015-02-13,VIX,-0.10039383,0.0017425937
2015-02-16,VIX,-0.043296807,0.013810626
2015-02-17,VIX,0.0,0.010889054
2015-02-18,VIX,0.07284295,0.010267924
2015-02-19,VIX,-0.022400936,0.014377392
2015-02-20,VIX,-0.010409984,0.013303184
2015-02-23,VIX,-0.06693948,0.008506227
2015-02-24,VIX,0.018018505,0.0017405167
2015-02-25,VIX,-0.061612405,0.008078372
2015-02-26,VIX,0.01089731,0.012135752
2015-02-27,VIX,0.005045056,0.011409386
2015-03-02,VIX,-0.041840967,0.010676623
2015-03-03,VIX,-0.022745484,0.012328432
2015-03-04,VIX,0.06098544,0.013151758
2015-03-05,VIX,0.026345419,0.013493413
2015-03-06,VIX,-0.013442013,0.005625037
2015-03-09,VIX,0.07938503,0.0028821817
2015-03-10,VIX,-0.009253206,0.0031936578
2015-03-11,VIX,0.10276751,0.02679637
2015-03-12,VIX,0.010727159,0.011771995
2015-03-13,VIX,-0.089871526,0.011953189
2015-03-16,VIX,0.036923353,0.0013294676
2015-03-17,VIX,-0.024676988,0.020535927
2015-03-18,VIX,0.0031979561,0.027406752
2015-03-19,VIX,-0.114197515,0.0120419385
2015-03-20,VIX,0.007132698,5.782412e-19
2015-03-23,VIX,-0.077558234,0.002566986
2015-03-24,VIX,0.029514061,0.0038617982
2015-03-25,VIX,0.015538603,0.013364089
2015-03-26,VIX,0.12542224,0.023283038
2015-03-27,VIX,0.023048395,0.022206241
2015-03-30,VIX,-0.047303926,0.00015368205
2015-03-31,VIX,-0.037867945,0.02955624
2015-04-01,VIX,0.052360952,0.011865745
2015-04-02,VIX,-0.011842243,0.00879445
2015-04-03,VIX,-0.029552184,0.017350657
2015-04-06,VIX,0.0,0.019853463
2015-04-07,VIX,0.0047602947,0.0025811156
2015-04-08,VIX,0.0027100288,0.02139895
2015-04-09,VIX,-0.05564718,0.020767318
2015-04-10,VIX,-0.06577916,0.023116404
2015-04-13,VIX,-0.039740328,0.01178648
2015-04-14,VIX,0.10265415,0.011631099
2015-04-15,VIX,-0.019558754,0.0090200035
2015-04-16,VIX,-0.06263835,0.013151688
2015-04-17,VIX,-0.018868484,0.0240102
2015-04-20,VIX,0.09747234,0.0
2015-04-21,VIX,-0.043405123,0.019239604
2015-04-22,VIX,-0.0037664827,0.0011132058
2015-04-23,VIX,-0.041608468,0.0028480322
2015-04-24,VIX,-0.018261721,0.0032004905
2015-04-27,VIX,-0.015341439,0.021294573
2015-04-28,VIX,0.06535186,0.02095056
2015-04-29,VIX,-0.055635184,0.00051803543
2015-04-30,VIX,0.07600556,0.0253964
2015-05-01,VIX,0.08308283,0.009926321
2015-05-04,VIX,-0.135989,0.021388562
2015-05-05,VIX,0.011741818,0.002820199
2015-05-06,VIX,0.107614785,0.02097877
2015-05-07,VIX,0.05704194,0.0074035893
2015-05-08,VIX,-0.0013210041,0.0032536436
2015-05-11,VIX,-0.16255781,0.022529153
2015-05-12,VIX,0.07416351,0.012630521
2015-05-13,VIX,0.00072176114,0.0022917497
2015-05-14,VIX,-0.007241161,0.00312109
2015-05-15,VIX,-0.077019185,0.013834294
2015-05-18,VIX,-0.028664382,0.018177316
2015-05-19,VIX,0.027879145,0.013927294
2015-05-20,VIX,0.009382399,0.0073577818
2015-05-21,VIX,0.0023319093,0.0018187236
2015-05-22,VIX,-0.061644163,0.013962168
2015-05-25,VIX,0.0016501654,0.017141404
2015-05-26,VIX,0.0,0.013211824
2015-05-27,VIX,0.14765216,0.012695485
2015-05-28,VIX,-0.05782804,0.019263543
2015-05-29,VIX,0.003009784,0.015633596
2015-06-01,VIX,0.03904732,0.0033745186
2015-06-02,VIX,0.009349223,0.014635705
2015-06-03,VIX,0.019142732,0.0017214242
2015-06-04,VIX,-0.04158305,0.0030060387
2015-06-05,VIX,0.07405568,0.013230544
2015-06-08,VIX,-0.034581594,0.017604759
2015-06-09,VIX,0.07325308,0.0115109915
2015-06-10,VIX,-0.055121478,0.010086644
2015-06-11,VIX,-0.09034671,0.014733781
2015-06-12,VIX,-0.028387023,0.012038786
2015-06-15,VIX,0.06987445,0.009657721
2015-06-16,VIX,0.11049968,0.0070595276
2015-06-17,VIX,-0.03841532,0.010887517
2015-06-18,VIX,-0.021153979,0.011750465
2015-06-19,VIX,-0.09468968,0.002798644
2015-06-22,VIX,0.056737132,0.016901437
2015-06-23,VIX,-0.09144945,0.010660888
2015-06-24,VIX,-0.050715093,0.024197264
2015-06-25,VIX,0.09072043,0.016662667
2015-06-26,VIX,0.055019375,0.013882831
2015-06-29,VIX,0.00071352127,0.027280468
2015-06-30,VIX,0.29602802,0.016227853
2015-07-01,VIX,-0.033444326,0.015645295
2015-07-02,VIX,-0.12487063,0.011676576
2015-07-03,VIX,0.04258551,0.0066208276
2015-07-06,VIX,0.0,0.015053936
2015-07-07,VIX,0.013017936,0.019644288
2015-07-08,VIX,-0.055603445,0.020054786
2015-07-09,VIX,0.20038815,0.007603993
2015-07-10,VIX,0.015645033,0.023370529
2015-07-13,VIX,-0.17106813,0.012161131
2015-07-14,VIX,-0.19127417,0.013615378
2015-07-15,VIX,-0.03887545,0.0139555605
2015-07-16,VIX,-0.010526413,0.01591028
2015-07-17,VIX,-0.08845542,0.017380426
2015-07-20,VIX,-0.013300279,0.01371687
2015-07-21,VIX,0.024794659,0.015503932
2015-07-22,VIX,-0.0024519833,0.011857274
2015-07-23,VIX,-0.008216973,0.025657091
2015-07-24,VIX,0.04200941,0.013897017
2015-07-27,VIX,0.0834449,0.017489431
2015-07-28,VIX,0.12695962,0.019996347
2015-07-29,VIX,-0.14903557,0.016794918
2015-07-30,VIX,-0.07250669,0.010100352
2015-07-31,VIX,-0.030046921,0.019413935
2015-08-03,VIX,-0.0008247423,0.012591183
2015-08-04,VIX,0.03566018,0.015318094
2015-08-05,VIX,0.034432195,0.005996464
2015-08-06,VIX,-0.038421035,0.016085107
2015-08-07,VIX,0.095963985,0.014314467
2015-08-10,VIX,-0.027984153,0.012440992
2015-08-11,VIX,-0.09061621,0.02082713
2015-08-12,VIX,0.114233546,0.018870307
2015-08-13,VIX,-0.007320677,0.012128325
2015-08-14,VIX,-0.008856147,0.015036393
2015-08-17,VIX,-0.05016249,0.024790946
2015-08-18,VIX,0.014700458,0.025097985
2015-08-19,VIX,0.057457056,0.015174628
2015-08-20,VIX,0.10063581,0.025936132
2015-08-21,VIX,0.22720088,0.019493766
2015-08-24,VIX,0.38149497,0.011992861
2015-08-25,VIX,0.37393504,0.022483777
2015-08-26,VIX,-0.12313607,0.018188685
2015-08-27,VIX,-0.17226678,0.018667746
2015-08-28,VIX,-0.14987224,0.015777439
2015-08-31,VIX,-0.0019175461,0.016071197
2015-09-01,VIX,0.087427154,0.011729988
2015-09-02,VIX,0.09936297,0.02561852
2015-09-03,VIX,-0.1852558,0.012708469
2015-09-04,VIX,-0.0185692,0.0147980675
2015-09-07,VIX,0.08205312,0.024783216
2015-09-08,VIX,0.0,0.011194761
2015-09-09,VIX,-0.11016822,0.015670113
2015-09-10,VIX,0.05203599,0.017417196
2015-09-11,VIX,-0.073550925,0.019914495
2015-09-14,VIX,-0.04920059,0.028607028
2015-09-15,VIX,0.04426434,0.016376063
2015-09-16,VIX,-0.07312511,0.013043755
2015-09-17,VIX,-0.05423977,0.0135558965
2015-09-18,VIX,-0.009884759,0.014466201
2015-09-21,VIX,0.052522436,0.02202428
2015-09-22,VIX,-0.100981526,0.01571789
2015-09-23,VIX,0.10813719,0.018175676
2015-09-24,VIX,-0.013910927,0.00827086
2015-09-25,VIX,0.058788855,0.024180153
2015-09-28,VIX,0.006370801,0.029677259
2015-09-29,VIX,0.15680833,0.013657827
2015-09-30,VIX,-0.029381474,0.0055521084
2015-10-01,VIX,-0.090847544,0.00553093
2015-10-02,VIX,-0.08293805,0.017816437
2015-10-05,VIX,-0.07407386,0.018108808
2015-10-06,VIX,-0.06919756,0.017678417
2015-10-07,VIX,-0.0071905805,0.0207286
2015-10-08,VIX,-0.0529224,0.008220044
2015-10-09,VIX,-0.054731693,0.00793636
2015-10-12,VIX,-0.019710783,0.008132012
2015-10-13,VIX,-0.054750513,0.011286024
2015-10-14,VIX,0.08871061,0.016543476
2015-10-15,VIX,0.020168751,0.006862885
2015-10-16,VIX,-0.11632819,0.00669611
2015-10-19,VIX,-0.06433086,0.005914614
2015-10-20,VIX,-0.004662013,0.01855068
2015-10-21,VIX,0.05012439,0.0074528027
2015-10-22,VIX,0.058568355,0.027547352
2015-10-23,VIX,-0.14471431,0.0062701344
2015-10-26,VIX,0.0006918022,0.018920371
2015-10-27,VIX,0.055812802,0.0319621
2015-10-28,VIX,0.009114646,0.014919628
2015-10-29,VIX,-0.07395843,0.019777816
2015-10-30,VIX,0.019350983,0.013626499
2015-11-02,VIX,0.030999787,0.018572038
2015-11-03,VIX,-0.06299139,0.012922135
2015-11-04,VIX,0.027188849,0.009158585
2015-11-05,VIX,0.064581506,0.013725093
2015-11-06,VIX,-0.030106986,0.0064612245
2015-11-09,VIX,-0.04902275,0.0076508503
2015-11-10,VIX,0.14221653,0.010427458
2015-11-11,VIX,-0.077372745,0.010547147
2015-11-12,VIX,0.04913269,0.0049232673
2015-11-13,VIX,0.1343872,0.012069163
2015-11-16,VIX,0.089005396,0.01842754
2015-11-17,VIX,-0.10050292,0.016757602
2015-11-18,VIX,0.036760896,0.03284483
2015-11-19,VIX,-0.11163161,0.016232938
2015-11-20,VIX,0.008274279,0.010958374
2015-11-23,VIX,-0.09372227,0.011091942
2015-11-24,VIX,0.00964948,0.0071382974
2015-11-25,VIX,0.01965198,0.006186567
2015-11-26,VIX,-0.04756681,0.016139409
2015-11-27,VIX,0.0,0.020466493
2015-11-30,VIX,-0.004618946,0.019048173
2015-12-01,VIX,0.06466252,0.01440622
2015-12-02,VIX,-0.0948763,0.028958483
2015-12-03,VIX,0.08114325,0.015764749
2015-12-04,VIX,0.12951642,0.026284277
2015-12-07,VIX,-0.20116164,0.0028357438
2015-12-08,VIX,0.06723576,0.013205222
2015-12-09,VIX,0.105360515,0.0041772374
2015-12-10,VIX,0.10814074,0.0077779125
2015-12-11,VIX,-0.01386415,0.014214908
2015-12-14,VIX,0.23199773,0.018022895
2015-12-15,VIX,-0.070487574,0.0050373096
2015-12-16,VIX,-0.08154699,0.02776932
2015-12-17,VIX,-0.15957507,0.0051023304
2015-12-18,VIX,0.058712512,0.0018894363
2015-12-21,VIX,0.08885761,0.014892546
2015-12-22,VIX,-0.101610176,0.022304533
2015-12-23,VIX,-0.11912083,0.009773463
2015-12-24,VIX,-0.06405671,0.019452492
2015-12-25,VIX,0.010859258,0.008070561
2015-12-28,VIX,0.0,0.015677748
2015-12-29,VIX,0.07169992,0.013711811
2015-12-30,VIX,-0.0503289,0.011753733
2015-12-31,VIX,0.07255203,0.024045218
2015-01-01,AGG,0.00027246718,0.12727024
2015-01-02,AGG,0.0,0.14944848
2015-01-05,AGG,0.0028111557,0.23870127
2015-01-06,AGG,0.0021709641,0.03181073
2015-01-07,AGG,0.002526849,0.07695575
2015-01-08,AGG,-0.00018027762,0.16069101
2015-01-09,AGG,-0.0015336735,0.08129955
2015-01-12,AGG,0.0024347368,0.082413055
2015-01-13,AGG,0.0008102634,0.25167128
2015-01-14,AGG,0.00026994196,0.16175918
2015-01-15,AGG,0.0024262043,0.11256002
2015-01-16,AGG,0.0045668315,0.1823236
2015-01-19,AGG,-0.003849085,0.12985484
2015-01-20,AGG,0.0,0.07550636
2015-01-21,AGG,0.0017025856,0.14320596
2015-01-22,AGG,-0.0017922758,0.07519021
2015-01-23,AGG,-0.00053830975,0.15313342
2015-01-26,AGG,0.0025096366,0.12014642
2015-01-27,AGG,-0.0004476877,0.21719742
2015-01-28,AGG,-0.00053748995,0.19845763
2015-01-29,AGG,0.004202626,0.21064182
2015-01-30,AGG,-0.00080339215,0.104726575
2015-02-02,AGG,0.0035657017,0.1582212
2015-02-03,AGG,-0.0016029926,0.10021517
2015-02-04,AGG,-0.0038398048,0.008525997
2015-02-05,AGG,0.0015198251,0.09643689
2015-02-06,AGG,-0.0020567859,0.03347693
2015-02-09,AGG,-0.005835632,0.04009925
2015-02-10,AGG,-0.00018009906,0.13412058
2015-02-11,AGG,-0.001081276,0.13865255
2015-02-12,AGG,-0.00045087695,0.09678904
2015-02-13,AGG,0.00018037518,0.21217182
2015-02-16,AGG,-0.0011730207,0.03258691
2015-02-17,AGG,0.0,0.008266316
2015-02-18,AGG,-0.004071114,0.09217912
2015-02-19,AGG,0.0028063206,0.058112174
2015-02-20,AGG,-0.00081392727,0.026691422
2015-02-23,AGG,0.00018092999,0.115412876
2015-02-24,AGG,0.0018075017,0.20553553
2015-02-25,AGG,0.0044146203,0.086005874
2015-02-26,AGG,0.0007189073,0.035761517
2015-02-27,AGG,-0.003599716,0.024581086
2015-03-02,AGG,0.002521161,0.026818376
2015-03-03,AGG,-0.0067674518,0.030549504
2015-03-04,AGG,-0.0012683459,0.021937376
2015-03-05,AGG,0.0005437738,0.15525275
2015-03-06,AGG,0.00045291908,0.07717872
2015-03-09,AGG,-0.0065419096,0.15351771
2015-03-10,AGG,0.0025491638,0.21185762
2015-03-11,AGG,0.0023612762,0.14288808
2015-03-12,AGG,0.0019936573,0.058509655
2015-03-13,AGG,0.0008144428,0.20520876
2015-03-16,AGG,-0.0019013995,0.11594469
2015-03-17,AGG,0.002172733,0.20420869
2015-03-18,AGG,-0.00018088089,0.10360221
2015-03-19,AGG,0.0072996314,0.07384509
2015-03-20,AGG,-0.0035079864,0.22686528
2015-03-23,AGG,0.0030589318,0.12753408
2015-03-24,AGG,0.0001796461,0.19911526
2015-03-25,AGG,0.0026908258,0.17115839
2015-03-26,AGG,-0.0018828176,0.08174821
2015-03-27,AGG,-0.003596156,0.16954635
2015-03-30,AGG,0.0014400147,0.24341579
2015-03-31,AGG,0.00044957965,0.17361341
2015-04-01,AGG,0.0017065617,0.041286007
2015-04-02,AGG,0.0013452313,0.11518809
2015-04-03,AGG,-0.0013452313,0.16266374
2015-04-06,AGG,0.0,0.16145495
2015-04-07,AGG,0.00062799983,0.21167289
2015-04-08,AGG,0.00017935611,0.20421189
2015-04-09,AGG,8.966599e-05,0.22445998
2015-04-10,AGG,-0.002513692,0.22785671
2015-04-13,AGG,0.0,0.090245195
2015-04-14,AGG,0.0010780704,0.13980976
2015-04-15,AGG,0.0010769094,0.22620748
2015-04-16,AGG,0.0013445079,0.043453064
2015-04-17,AGG,-0.0005375862,0.0
2015-04-20,AGG,0.00080627104,0.08833274
2015-04-21,AGG,-0.00071665325,0.078528896
2015-04-22,AGG,-0.0010759438,0.24375653
2015-04-23,AGG,-0.0029648286,0.17358184
2015-04-24,AGG,0.0015284336,0.14355019
2015-04-27,AGG,0.0017054894,0.16681463
2015-04-28,AGG,0.00035868006,0.25
2015-04-29,AGG,-0.0038625693,0.12501132
2015-04-30,AGG,-0.0022525575,0.09793586
2015-05-01,AGG,0.0,0.21536617
2015-05-04,AGG,-0.0047016363,0.17714494
2015-05-05,AGG,-0.0018986656,0.20158626
2015-05-06,AGG,-0.0009147864,0.14698586
2015-05-07,AGG,-0.0033683858,0.15017538
2015-05-08,AGG,0.0024591296,0.20210417
2015-05-11,AGG,0.0032694608,0.055899665
2015-05-12,AGG,-0.0063671307,0.030487638
2015-05-13,AGG,-9.1253365e-05,0.12156424
2015-05-14,AGG,-9.1261696e-05,0.20692414
2015-05-15,AGG,0.0015503172,0.03563532
2015-05-18,AGG,0.004182965,0.13728319
2015-05-19,AGG,-0.0038185336,0.18383563
2015-05-20,AGG,-0.0034674732,0.18844375
2015-05-21,AGG,0.0015527244,0.22108059
2015-05-22,AGG,0.0030982348,0.14641389
2015-05-25,AGG,-0.0010923989,0.23582064
2015-05-26,AGG,0.0,0.24346481
2015-05-27,AGG,0.0024562215,0.12605052
2015-05-28,AGG,0.0009989557,0.18018968
2015-05-29,AGG,-0.00036314118,0.16098812
2015-06-01,AGG,0.00036314118,0.13294058
2015-06-02,AGG,-0.0046399576,0.2164222
2015-06-03,AGG,-0.0039289193,0.31960773
2015-06-04,AGG,-0.0039444165,0.18907122
2015-06-05,AGG,0.0021117392,0.012732476
2015-06-08,AGG,-0.0044121775,0.19822378
2015-06-09,AGG,0.0014728899,0.07102807
2015-06-10,AGG,-0.0028556972,0.11790774
2015-06-11,AGG,-0.002493882,0.21935457
2015-06-12,AGG,0.0053495793,0.12376327
2015-06-15,AGG,-0.0011965578,0.22954668
2015-06-16,AGG,0.0011965578,0.2465807
2015-06-17,AGG,0.0016544121,0.076201096
2015-06-18,AGG,9.183158e-05,0.11816379
2015-06-19,AGG,-0.00027552005,0.20198466
2015-06-22,AGG,0.0031181243,0.014186828
2015-06-23,AGG,-0.004956867,0.10000446
2015-06-24,AGG,-0.0023031933,0.12771799
2015-06-25,AGG,0.0015667484,0.27321738
2015-06-26,AGG,-0.0011056851,0.11691321
2015-06-29,AGG,-0.0023998534,0.1604369
2015-06-30,AGG,0.005897004,0.21095984
2015-07-01,AGG,-0.00064329366,0.1550679
2015-07-02,AGG,-0.0045146802,0.106751
2015-07-03,AGG,0.001384211,0.21601819
2015-07-06,AGG,0.0,0.07370959
2015-07-07,AGG,0.003590007,0.013263061
2015-07-08,AGG,0.0013773474,0.030077454
2015-07-09,AGG,0.0023829176,0.21676424
2015-07-10,AGG,-0.0036683828,0.15760736
2015-07-13,AGG,-0.004235344,0.038220346
2015-07-14,AGG,-0.001477378,0.058923412
2015-07-15,AGG,0.0016618968,0.15279865
2015-07-16,AGG,0.0026717046,0.22821987
2015-07-17,AGG,0.0008277004,0.24294049
2015-07-20,AGG,9.192444e-05,0.11897491
2015-07-21,AGG,-0.001748011,0.08779879
2015-07-22,AGG,0.0016560865,0.064599596
2015-07-23,AGG,0.00045953772,0.10621427
2015-07-24,AGG,0.00284443,0.24730809
2015-07-27,AGG,-0.00018326766,0.057561897
2015-07-28,AGG,0.0012821689,0.013254084
2015-07-29,AGG,-0.00100728,0.18085335
2015-07-30,AGG,-0.0008248935,0.11743344
2015-07-31,AGG,9.1688446e-05,0.065450184
2015-08-03,AGG,0.003934671,0.22269131
2015-08-04,AGG,-0.0009136593,0.08245936
2015-08-05,AGG,-0.002929332,0.18723106
2015-08-06,AGG,-0.0018351997,0.1643521
2015-08-07,AGG,0.0011932628,0.21777648
2015-08-10,AGG,0.0017414421,0.10991677
2015-08-11,AGG,-0.0012828738,0.074253246
2015-08-12,AGG,0.0032954991,0.1632464
2015-08-13,AGG,-0.0006399415,0.09730291
2015-08-14,AGG,-0.002105553,0.16476971
2015-08-17,AGG,-0.00045831615,0.14193815
2015-08-18,AGG,0.0017404851,0.0813811
2015-08-19,AGG,-0.0018321734,0.11940472
2015-08-20,AGG,0.0031127005,0.2526626
2015-08-21,AGG,0.0015527244,0.17779571
2015-08-24,AGG,0.0017325495,0.0819896
2015-08-25,AGG,-0.00036449792,0.10110936
2015-08-26,AGG,-0.0023724805,0.22567855
2015-08-27,AGG,-0.0046701245,0.17784145
2015-08-28,AGG,0.0013758314,0.25695702
2015-08-31,AGG,-0.0009170106,0.24329759
2015-09-01,AGG,-0.00073421444,0.07392776
2015-09-02,AGG,0.0009176838,0.26769668
2015-09-03,AGG,-0.0012849933,0.060952697
2015-09-04,AGG,0.001468429,0.11352028
2015-09-07,AGG,0.0021070961,0.04748006
2015-09-08,AGG,0.0,0.24895084
2015-09-09,AGG,-0.0023822624,0.15623754
2015-09-10,AGG,0.0003668715,0.1477973
2015-09-11,AGG,-0.0011010185,0.08839499
2015-09-14,AGG,0.0011927154,0.24869536
2015-09-15,AGG,0.0002750401,0.1796554
2015-09-16,AGG,-0.004501822,0.11499291
2015-09-17,AGG,-0.00082907284,0.25361893
2015-09-18,AGG,0.0062471493,0.23825724
2015-09-21,AGG,0.0008239118,0.12877156
2015-09-22,AGG,-0.002657261,0.2013496
2015-09-23,AGG,0.0023826992,0.14212154
2015-09-24,AGG,-0.0008241381,0.29099813
2015-09-25,AGG,0.0012816994,0.17727353
2015-09-28,AGG,-0.0017398475,0.14891055
2015-09-29,AGG,0.0023800817,0.13169855
2015-09-30,AGG,0.00155315,0.13800997
2015-10-01,AGG,0.00036509676,0.22267161
2015-10-02,AGG,-0.0010956904,0.090199456
2015-10-05,AGG,0.0030102646,0.17715666
2015-10-06,AGG,-0.0037413924,0.2165727
2015-10-07,AGG,0.002465417,0.15296459
2015-10-08,AGG,-0.00072986045,0.31691125
2015-10-09,AGG,-0.0013699258,0.14858203
2015-10-12,AGG,-0.0008228572,0.13879532
2015-10-13,AGG,0.00255778,0.1270154
2015-10-14,AGG,9.122839e-05,0.19522725
2015-10-15,AGG,0.0037332163,0.21025091
2015-10-16,AGG,-0.0013641947,0.15732512
2015-10-19,AGG,-0.0010015935,0.27503073
2015-10-20,AGG,0.0010015935,0.1844438
2015-10-21,AGG,-0.0020041913,0.19957371
2015-10-22,AGG,0.0023681584,0.0963168
2015-10-23,AGG,0.00018193395,0.1135352
2015-10-26,AGG,-0.0017297105,0.12669437
2015-10-27,AGG,0.00045547713,0.19714977
2015-10-28,AGG,0.0014561343,0.23393315
2015-10-29,AGG,-0.0030056036,0.06853354
2015-10-30,AGG,-0.004296364,0.13967301
2015-11-02,AGG,0.0026531282,0.16139011
2015-11-03,AGG,-0.0039364723,0.13733599
2015-11-04,AGG,-0.0018362106,0.17808764
2015-11-05,AGG,0.0,0.1645073
2015-11-06,AGG,-0.00045957995,0.12783588
2015-11-09,AGG,-0.0047921943,0.13635947
2015-11-10,AGG,-0.00064686046,0.139055
2015-11-11,AGG,0.0018470637,0.23589164
2015-11-12,AGG,-0.0012925863,0.12801766
2015-11-13,AGG,0.0009234464,0.12259194
2015-11-16,AGG,0.0019364661,0.17222948
2015-11-17,AGG,0.0008287675,0.14418831
2015-11-18,AGG,0.000736106,0.13795754
2015-11-19,AGG,-0.000736106,0.22365765
2015-11-20,AGG,0.00046012976,0.18505126
2015-11-23,AGG,-0.000644241,0.056451637
2015-11-24,AGG,0.00027615408,0.23131378
2015-11-25,AGG,0.0009199633,0.27166286
2015-11-26,AGG,0.00045966444,0.18162102
2015-11-27,AGG,0.0,0.13916452
2015-11-30,AGG,-0.00027577332,0.2591922
2015-12-01,AGG,0.00036768086,0.1164944
2015-12-02,AGG,9.189909e-05,0.1425421
2015-12-03,AGG,-0.0012413509,0.15643428
2015-12-04,AGG,-0.0073416005,0.23125243
2015-12-07,AGG,0.0032387944,0.13515937
2015-12-08,AGG,0.0014771052,0.2458264
2015-12-09,AGG,0.00036893564,0.16584872
2015-12-10,AGG,0.0,0.2060615
2015-12-11,AGG,-0.0001844508,0.2773346
2015-12-14,AGG,0.0024872196,0.12233829
2015-12-15,AGG,-0.004703287,0.22407305
2015-12-16,AGG,9.243425e-05,0.2116267
2015-12-17,AGG,-0.0017577136,0.19183989
2015-12-18,AGG,0.0013879252,0.26546517
2015-12-21,AGG,0.0021244178,0.23595674
2015-12-22,AGG,-0.0009231054,0.16053978
2015-12-23,AGG,-0.00073909835,0.2366303
2015-12-24,AGG,-0.00018485996,0.2745991
2015-12-25,AGG,-0.001572691,0.09677591
2015-12-28,AGG,0.0,0.17458168
2015-12-29,AGG,0.0,0.15487163
2015-12-30,AGG,-0.0025028982,0.15481877
2015-12-31,AGG,-0.0001856493,0.20766352
2015-01-01,DBC,-0.0075594313,1.3877788e-17
2015-01-02,DBC,0.0,1.0985532e-17
2015-01-05,DBC,-0.011995782,0.02602249
2015-01-06,DBC,-0.014364888,0.013647381
2015-01-07,DBC,-0.009505243,0.0
2015-01-08,DBC,-0.006198949,3.2125823e-19
2015-01-09,DBC,0.0039492296,1.4689451e-19
2015-01-12,DBC,-0.0016906175,4.0325568e-18
2015-01-13,DBC,-0.02224215,0.0
2015-01-14,DBC,-0.004045079,0.0
2015-01-15,DBC,0.010941658,3.6140072e-19
2015-01-16,DBC,-0.013841052,0.0
2015-01-19,DBC,0.018982451,2.1581297e-19
2015-01-20,DBC,0.0,0.054359715
2015-01-21,DBC,-0.013769581,1.1655173e-18
2015-01-22,DBC,0.0063346024,0.0
2015-01-23,DBC,-0.0011487652,0.0
2015-01-26,DBC,-0.0063419067,1.2692102e-18
2015-01-27,DBC,-0.003476249,0.0
2015-01-28,DBC,0.0052098525,5.39377e-18
2015-01-29,DBC,-0.014539367,0.00057912205
2015-01-30,DBC,-0.0046976013,0.33333334
2015-02-02,DBC,0.02384527,0.17124526
2015-02-03,DBC,0.013698844,0.12714578
2015-02-04,DBC,0.027398974,0.15015583
2015-02-05,DBC,-0.022309905,0.10705672
2015-02-06,DBC,0.01344558,0.16931322
2015-02-09,DBC,0.0027785513,0.11796219
2015-02-10,DBC,0.009939342,2.6879379e-18
2015-02-11,DBC,-0.012717893,0.1485567
2015-02-12,DBC,-0.007821269,0.08643004
2015-02-13,DBC,0.015029507,0.0
2015-02-16,DBC,0.010989121,0.0
2015-02-17,DBC,0.0,0.021178514
2015-02-18,DBC,0.00054629886,0.19480789
2015-02-19,DBC,-0.012088059,0.04502657
2015-02-20,DBC,-0.003322262,0.019667478
2015-02-23,DBC,-0.0038899744,3.975408e-19
2015-02-24,DBC,-0.0067039356,0.0
2015-02-25,DBC,0.0005603811,0.0
2015-02-26,DBC,0.015012792,0.019535024
2015-02-27,DBC,-0.0083126,0.095493585
2015-03-02,DBC,0.011068182,0.0901372
2015-03-03,DBC,-0.014412667,0.111117125
2015-03-04,DBC,0.006123036,0.07363904
2015-03-05,DBC,-0.0089186765,0.2345856
2015-03-06,DBC,-0.003927074,2.429068e-19
2015-03-09,DBC,-0.012443599,0.0
2015-03-10,DBC,-0.0028498166,3.200451e-19
2015-03-11,DBC,-0.013214786,0.011618252
2015-03-12,DBC,0.00519182,0.101471014
2015-03-13,DBC,-0.0046136184,4.2425427e-19
2015-03-16,DBC,-0.020438667,9.396419e-19
2015-03-17,DBC,-0.0011806376,0.0
2015-03-18,DBC,-0.0071132486,0.0
2015-03-19,DBC,0.026996944,4.3368087e-19
2015-03-20,DBC,-0.016934711,0.0
2015-03-23,DBC,0.01345443,0.0
2015-03-24,DBC,0.011554143,0.0
2015-03-25,DBC,-0.008073862,3.0740271e-18
2015-03-26,DBC,0.002891011,6.0441128e-18
2015-03-27,DBC,0.012051796,3.74707e-05
2015-03-30,DBC,-0.020167783,2.2723005e-18
2015-03-31,DBC,0.0052249758,0.0
2015-04-01,DBC,-0.011648355,1.8503718e-17
2015-04-02,DBC,0.017997583,0.0725634
2015-04-03,DBC,-0.00519182,0.0
2015-04-06,DBC,0.0,0.0
2015-04-07,DBC,0.012643847,8.9256375e-20
2015-04-08,DBC,0.0051267557,2.3671748e-18
2015-04-09,DBC,-0.019507216,0.00018827556
2015-04-10,DBC,0.0,6.46651e-18
2015-04-13,DBC,0.010374733,0.06418431
2015-04-14,DBC,-0.004597709,0.33333334
2015-04-15,DBC,0.004597709,0.0
2015-04-16,DBC,0.019870084,0.33333334
2015-04-17,DBC,0.010623528,0.0
2015-04-20,DBC,-0.0022271725,4.3368087e-18
2015-04-21,DBC,-0.004469281,1.0866297e-18
2015-04-22,DBC,-0.0073054554,0.0
2015-04-23,DBC,0.0033783815,0.0
2015-04-24,DBC,0.0122906575,5.626541e-19
2015-04-27,DBC,-0.0005554013,1.454638e-18
2015-04-28,DBC,0.0,1.5669478e-18
2015-04-29,DBC,0.0016652793,2.8699989e-18
2015-04-30,DBC,0.0066335234,3.3188846e-18
2015-05-01,DBC,0.0076839016,0.0
2015-05-04,DBC,-0.001094092,0.23131706
2015-05-05,DBC,-0.0005474952,0.0
2015-05-06,DBC,0.00818112,0.0
2015-05-07,DBC,0.0,0.089508235
2015-05-08,DBC,-0.015877694,0.0
2015-05-11,DBC,0.005503591,0.0
2015-05-12,DBC,-0.004400447,0.048573676
2015-05-13,DBC,0.010419617,0.13527325
2015-05-14,DBC,0.0010905126,0.14911808
2015-05-15,DBC,0.0059766546,0.1856693
2015-05-18,DBC,-0.0005418586,0.0
2015-05-19,DBC,-0.0027137059,0.16916926
2015-05-20,DBC,-0.021423506,0.10852665
2015-05-21,DBC,-0.0022234584,0.016862875
2015-05-22,DBC,0.012168292,0.18788409
2015-05-25,DBC,-0.0110559445,0.15276356
2015-05-26,DBC,0.0,0.1100823
2015-05-27,DBC,-0.019646997,0.024537722
2015-05-28,DBC,-0.013698844,0.10071593
2015-05-29,DBC,0.005159083,0.04048776
2015-06-01,DBC,0.012500163,0.0
2015-06-02,DBC,-0.0022611655,0.0
2015-06-03,DBC,0.011814483,0.012004174
2015-06-04,DBC,-0.012946987,6.341386e-19
2015-06-05,DBC,-0.0091064945,5.7824114e-18
2015-06-08,DBC,0.0045636133,0.05972188
2015-06-09,DBC,0.0005689901,0.036476668
2015-06-10,DBC,0.015801683,0.07106446
2015-06-11,DBC,0.003911712,0.0
2015-06-12,DBC,-0.008963645,0.09469887
2015-06-15,DBC,-0.010181083,0.09738141
2015-06-16,DBC,-0.0045584124,0.067576386
2015-06-17,DBC,0.002851442,2.1684043e-19
2015-06-18,DBC,0.0028433343,0.112024955
2015-06-19,DBC,0.0,0.1278793
2015-06-22,DBC,-0.009127274,0.1460187
2015-06-23,DBC,0.0034324976,0.13545655
2015-06-24,DBC,0.011921799,0.005071352
2015-06-25,DBC,-0.006795043,0.10764476
2015-06-26,DBC,0.0011357184,0.1467563
2015-06-29,DBC,0.004530019,0.01066258
2015-06-30,DBC,-0.004530019,0.0
2015-07-01,DBC,0.021337137,0.06163771
2015-07-02,DBC,-0.012297528,0.03975474
2015-07-03,DBC,-0.0016887141,0.054973956
2015-07-06,DBC,0.0,0.1008305
2015-07-07,DBC,-0.03322184,0.09299396
2015-07-08,DBC,-0.0058411383,0.03634828
2015-07-09,DBC,-0.0046976013,0.038986977
2015-07-10,DBC,0.011702884,0.15486874
2015-07-13,DBC,0.004643073,0.03269357
2015-07-14,DBC,0.00057887123,0.04866861
2015-07-15,DBC,-0.0034782644,5.782412e-19
2015-07-16,DBC,-0.011682376,0.082157865
2015-07-17,DBC,-0.004711434,0.021961654
2015-07-20,DBC,-0.0053270324,0.0
2015-07-21,DBC,-0.016153507,0.12495735
2015-07-22,DBC,0.004213067,8.194457e-05
2015-07-23,DBC,-0.0145193115,0.09982802
2015-07-24,DBC,-0.008567984,0.03872854
2015-07-27,DBC,-0.008022258,2.7990384e-18
2015-07-28,DBC,-0.019393789,0.123462304
2015-07-29,DBC,0.008178718,1.8503718e-17
2015-07-30,DBC,0.0031279349,0.050620403
2015-07-31,DBC,-0.0037546977,0.0
2015-08-03,DBC,-0.0138891125,0.08266673
2015-08-04,DBC,-0.016667053,0.07766975
2015-08-05,DBC,0.005800854,1.2143064e-17
2015-08-06,DBC,-0.0038634948,0.10202741
2015-08-07,DBC,-0.0006453695,0.07837811
2015-08-10,DBC,-0.003880988,0.08124089
2015-08-11,DBC,0.021161418,0.116582856
2015-08-12,DBC,-0.013414446,0.0
2015-08-13,DBC,-0.0032206147,0.014489806
2015-08-14,DBC,-0.0045263576,0.00032825698
2015-08-17,DBC,-0.0065019736,7.112366e-17
2015-08-18,DBC,-0.0039215735,0.042761397
2015-08-19,DBC,-0.0052528027,0.08939799
2015-08-20,DBC,-0.01125467,0.0
2015-08-21,DBC,0.002659576,1.445603e-19
2015-08-24,DBC,-0.016739594,0.0
2015-08-25,DBC,-0.025300495,0.0
2015-08-26,DBC,0.004146516,3.7007435e-17
2015-08-27,DBC,-0.0062262393,4.031324e-19
2015-08-28,DBC,0.0354502,0.0
2015-08-31,DBC,0.025786553,0.106325306
2015-09-01,DBC,0.023864402,2.3129646e-17
2015-09-02,DBC,-0.033703774,1.0285287e-18
2015-09-03,DBC,0.008533035,0.0
2015-09-04,DBC,0.006514681,0.041144483
2015-09-07,DBC,-0.012414403,0.08455286
2015-09-08,DBC,0.0,0.075820744
2015-09-09,DBC,0.007206058,1.503427e-17
2015-09-10,DBC,-0.013140794,0.052532032
2015-09-11,DBC,0.0085611325,2.891206e-19
2015-09-14,DBC,-0.0013123362,1.2487761e-19
2015-09-15,DBC,-0.012553848,0.07455312
2015-09-16,DBC,0.0033189543,0.0
2015-09-17,DBC,0.016431523,0.08342311
2015-09-18,DBC,-0.006540246,6.938894e-18
2015-09-21,DBC,-0.015206904,0.042627398
2015-09-22,DBC,0.011262126,0.026730327
2015-09-23,DBC,-0.0059464993,0.0
2015-09-24,DBC,-0.007984075,5.0230903e-17
2015-09-25,DBC,0.0059940238,0.0
2015-09-28,DBC,0.0059583094,9.668529e-18
2015-09-29,DBC,-0.013958353,0.0
2015-09-30,DBC,0.006671139,0.019356925
2015-10-01,DBC,0.0072872136,0.009119577
2015-10-02,DBC,-0.0066225408,0.10045161
2015-10-05,DBC,0.0066225408,0.08214328
2015-10-06,DBC,0.013114942,0.124772966
2015-10-07,DBC,0.019355442,0.09155614
2015-10-08,DBC,-0.0019187726,0.013443051
2015-10-09,DBC,0.004471422,0.09107073
2015-10-12,DBC,0.0044515175,0.031278808
2015-10-13,DBC,-0.015990106,0.0
2015-10-14,DBC,-0.0064683277,0.0
2015-10-15,DBC,0.002592354,0.0
2015-10-16,DBC,-0.002592354,7.343638e-18
2015-10-19,DBC,0.0006487188,0.0322464
2015-10-20,DBC,-0.01832512,0.11381332
2015-10-21,DBC,0.0019795455,3.6822216e-17
2015-10-22,DBC,-0.008606475,0.030892674
2015-10-23,DBC,0.0033189543,0.053435534
2015-10-26,DBC,-0.0059820716,0.0049842456
2015-10-27,DBC,-0.0026702285,0.0
2015-10-28,DBC,-0.004690126,0.016782362
2015-10-29,DBC,0.016650401,0.050854903
2015-10-30,DBC,-0.005962257,0.057081036
2015-11-02,DBC,0.009917437,0.0
2015-11-03,DBC,-0.005277057,0.063185506
2015-11-04,DBC,0.017699577,0.0
2015-11-05,DBC,-0.01703842,0.06856011
2015-11-06,DBC,-0.0079628825,0.01856037
2015-11-09,DBC,-0.006014051,0.021732293
2015-11-10,DBC,-0.008751318,0.0
2015-11-11,DBC,-0.0020304576,0.0718616
2015-11-12,DBC,-0.010214593,0.0
2015-11-13,DBC,-0.014478019,0.042364027
2015-11-16,DBC,-0.007668215,0.0
2015-11-17,DBC,0.004886572,0.008024721
2015-11-18,DBC,-0.015438903,1.8430349e-19
2015-11-19,DBC,0.004234304,0.01896245
2015-11-20,DBC,0.0,0.0
2015-11-23,DBC,-0.0014094436,0.021111561
2015-11-24,DBC,0.0077274707,1.084579e-19
2015-11-25,DBC,0.015967017,0.0
2015-11-26,DBC,-0.00137836,0.0
2015-11-27,DBC,0.0,0.0
2015-11-30,DBC,-0.015288693,0.005750071
2015-12-01,DBC,-0.006322466,0.01057959
2015-12-02,DBC,0.011212451,1.6611101e-19
2015-12-03,DBC,-0.021127546,1.0842022e-19
2015-12-04,DBC,0.011323546,0.014337166
2015-12-07,DBC,-0.0014084509,0.10103104
2015-12-08,DBC,-0.029319225,0.03974398
2015-12-09,DBC,-0.005092772,0.02920403
2015-12-10,DBC,0.0007291287,0.0
2015-12-11,DBC,-0.0036509715,0.000119129574
2015-12-14,DBC,-0.010294208,0.0031975205
2015-12-15,DBC,-0.006674107,0.026550893
2015-12-16,DBC,-0.0022346377,0.0
2015-12-17,DBC,-0.0044843126,0.022813566
2015-12-18,DBC,-0.010542266,1.3371826e-18
2015-12-21,DBC,0.00453173,0.0003610288
2015-12-22,DBC,-0.00453173,0.0
2015-12-23,DBC,-0.0045523597,0.0
2015-12-24,DBC,0.018086402,0.09092442
2015-12-25,DBC,0.0,0.007532938
2015-12-28,DBC,0.0,0.0
2015-12-29,DBC,-0.01429133,0.097787514
2015-12-30,DBC,0.016529301,0.040117525
2015-12-31,DBC,-0.009734259,5.13189e-18
2015-01-01,HYG,-0.0026749903,0.022640716
2015-01-02,HYG,0.0,0.037794143
2015-01-05,HYG,0.0,0.05927412
2015-01-06,HYG,-0.009306565,0.028375173
2015-01-07,HYG,-0.0038374765,0.116007306
2015-01-08,HYG,0.0062003466,0.029476004
2015-01-09,HYG,0.0075015747,0.026733074
2015-01-12,HYG,0.005006965,0.003527867
2015-01-13,HYG,-0.0012216115,0.06982357
2015-01-14,HYG,0.0,0.08928283
2015-01-15,HYG,-0.0023363198,0.045539573
2015-01-16,HYG,-0.0061449273,0.059737597
2015-01-19,HYG,0.0038031365,1.8456035e-18
2015-01-20,HYG,0.0,0.037608765
2015-01-21,HYG,-0.0017879098,0.081144966
2015-01-22,HYG,0.005354168,0.0404257
2015-01-23,HYG,0.0013340747,0.01931676
2015-01-26,HYG,0.0,0.041941065
2015-01-27,HYG,0.0045447065,0.13292289
2015-01-28,HYG,-0.0007744648,0.16460901
2015-01-29,HYG,-0.0021051473,0.0018850638
2015-01-30,HYG,0.003542962,0.037081946
2015-02-02,HYG,-0.0027668658,0.09749929
2015-02-03,HYG,-0.00022168034,0.027180022
2015-02-04,HYG,0.0056375545,0.10830732
2015-02-05,HYG,-0.00419751,0.0127918795
2015-02-06,HYG,0.0058495835,0.033703536
2015-02-09,HYG,0.0007700347,0.017946241
2015-02-10,HYG,-0.0024221083,0.0054132813
2015-02-11,HYG,0.0034112826,0.15142648
2015-02-12,HYG,-0.000329616,0.0076735197
2015-02-13,HYG,-0.00010989615,0.030084383
2015-02-16,HYG,0.0014277088,0.05242336
2015-02-17,HYG,0.0,0.07367301
2015-02-18,HYG,-0.00065868924,0.010579182
2015-02-19,HYG,0.0033985672,0.025262432
2015-02-20,HYG,-0.0023009926,0.019943383
2015-02-23,HYG,0.0027386772,0.094148986
2015-02-24,HYG,0.0007654875,0.037729513
2015-02-25,HYG,0.000983338,0.097265415
2015-02-26,HYG,0.0032708272,0.057265162
2015-02-27,HYG,-0.00021772263,0.024661966
2015-03-02,HYG,0.00021772263,0.065259784
2015-03-03,HYG,-0.004472816,0.0151939
2015-03-04,HYG,-0.0028468212,0.09061523
2015-03-05,HYG,-0.0018657745,0.13687378
2015-03-06,HYG,0.0018657745,0.07933334
2015-03-09,HYG,-0.006379958,0.16390018
2015-03-10,HYG,-0.0020988686,0.08744077
2015-03-11,HYG,-0.0038779064,0.09654804
2015-03-12,HYG,0.0027714667,0.06411892
2015-03-13,HYG,0.0019907106,0.16588771
2015-03-16,HYG,-0.0034309148,0.025393555
2015-03-17,HYG,-0.0009982808,0.12406454
2015-03-18,HYG,-0.0050064074,0.12003661
2015-03-19,HYG,0.008827751,0.06047763
2015-03-20,HYG,-0.007935889,0.25979793
2015-03-23,HYG,0.007770047,0.03766441
2015-03-24,HYG,0.0007736944,0.036033314
2015-03-25,HYG,0.0015455954,0.2999192
2015-03-26,HYG,-0.0026510565,0.04574501
2015-03-27,HYG,-0.00011061335,0.07909254
2015-03-30,HYG,0.0007740366,0.2802967
2015-03-31,HYG,0.002759536,0.14557226
2015-04-01,HYG,-0.0012132578,0.0
2015-04-02,HYG,-0.0024309405,0.07222445
2015-04-03,HYG,0.00077412225,0.21943717
2015-04-06,HYG,0.0,0.13956103
2015-04-07,HYG,0.0025393334,0.06829413
2015-04-08,HYG,0.0052787983,0.107974924
2015-04-09,HYG,-0.00021939447,0.13886714
2015-04-10,HYG,-0.0009878712,0.037541702
2015-04-13,HYG,0.0023035167,0.036121625
2015-04-14,HYG,-0.0018643423,0.024193436
2015-04-15,HYG,0.00043898157,0.05853129
2015-04-16,HYG,0.0039421865,0.03428593
2015-04-17,HYG,-0.0020786617,0.0
2015-04-20,HYG,-0.003071188,0.33333334
2015-04-21,HYG,0.002194668,0.17255181
2015-04-22,HYG,0.0006574622,0.33333334
2015-04-23,HYG,-0.0009863555,0.20173451
2015-04-24,HYG,-0.0003290015,0.17922729
2015-04-27,HYG,0.001643926,0.13665678
2015-04-28,HYG,0.00032846117,0.22869837
2015-04-29,HYG,-0.0015337426,0.32895342
2015-04-30,HYG,-0.0018655699,0.06194196
2015-05-01,HYG,-0.00054936,0.20485343
2015-05-04,HYG,-0.002200463,0.07395962
2015-05-05,HYG,-0.00022031284,0.047192458
2015-05-06,HYG,-0.0013228974,0.068503305
2015-05-07,HYG,-0.0029829333,2.8612773e-18
2015-05-08,HYG,-0.00011065007,0.20503567
2015-05-11,HYG,0.00782479,0.02597008
2015-05-12,HYG,-0.006276801,0.090589896
2015-05-13,HYG,-0.000110491135,0.0015274148
2015-05-14,HYG,-0.0014374967,0.001133358
2015-05-15,HYG,0.00484054,0.057006046
2015-05-18,HYG,0.002216497,0.05954713
2015-05-19,HYG,-0.0016495303,0.10627884
2015-05-20,HYG,-0.0015420204,0.1448896
2015-05-21,HYG,-0.0012132578,0.31927407
2015-05-22,HYG,0.001433692,0.04106294
2015-05-25,HYG,0.0007711375,0.050449155
2015-05-26,HYG,0.0,0.020516217
2015-05-27,HYG,-0.0020944725,0.09414062
2015-05-28,HYG,0.0022045865,0.13083686
2015-05-29,HYG,-0.00044052865,0.12290123
2015-06-01,HYG,0.0014310092,0.10912858
2015-06-02,HYG,-0.0027537607,0.04954485
2015-06-03,HYG,-0.0018768981,0.33333334
2015-06-04,HYG,-0.005429677,0.052781492
2015-06-05,HYG,-0.0032274248,0.014592622
2015-06-08,HYG,-0.0030142362,0.13146679
2015-06-09,HYG,0.0,0.07203885
2015-06-10,HYG,-0.0016785099,0.064111106
2015-06-11,HYG,0.0013430332,0.050854214
2015-06-12,HYG,0.0020111739,0.04363835
2015-06-15,HYG,-0.0036902474,0.20837621
2015-06-16,HYG,-0.00471646,0.071411744
2015-06-17,HYG,0.005612317,0.009380551
2015-06-18,HYG,-0.0008958567,0.051249277
2015-06-19,HYG,0.0036902474,0.1575301
2015-06-22,HYG,0.0005579423,0.015008365
2015-06-23,HYG,0.0020060188,0.070104696
2015-06-24,HYG,-0.00066822587,0.043345325
2015-06-25,HYG,-0.0026773778,0.049811773
2015-06-26,HYG,-0.0030206433,0.079374954
2015-06-29,HYG,-0.0029174169,0.08856437
2015-06-30,HYG,-0.0068783043,0.007083905
2015-07-01,HYG,0.00474095,0.051271886
2015-07-02,HYG,-0.0042884615,0.02610024
2015-07-03,HYG,0.00372524,6.00502e-18
2015-07-06,HYG,0.0,0.09032673
2015-07-07,HYG,-0.003272956,0.008379934
2015-07-08,HYG,0.0007910052,0.18846786
2015-07-09,HYG,-0.0049824584,0.0
2015-07-10,HYG,0.0022678317,0.09956209
2015-07-13,HYG,0.005759799,0.046708435
2015-07-14,HYG,0.00090049533,0.029962357
2015-07-15,HYG,-0.0010131142,0.04281086
2015-07-16,HYG,0.0,0.064657055
2015-07-17,HYG,0.0015755123,0.21075429
2015-07-20,HYG,-0.0027024,0.013839719
2015-07-21,HYG,-0.004633562,0.100059174
2015-07-22,HYG,-0.0018140594,0.06262575
2015-07-23,HYG,-0.006489463,0.010583497
2015-07-24,HYG,-0.00057126535,0.05633647
2015-07-27,HYG,-0.0028612323,0.08987438
2015-07-28,HYG,-0.004249705,0.120457925
2015-07-29,HYG,0.0053951805,2.9678822e-05
2015-07-30,HYG,0.005821602,0.081415996
2015-07-31,HYG,0.0029548835,0.27343783
2015-08-03,HYG,-0.0017036747,0.052350026
2015-08-04,HYG,-0.006386155,0.004453051
2015-08-05,HYG,0.00057185336,0.126829
2015-08-06,HYG,-0.0013729979,0.04431162
2015-08-07,HYG,-0.004130341,4.8454623e-18
2015-08-10,HYG,-0.0031089897,0.05971607
2015-08-11,HYG,0.0028790254,0.105445534
2015-08-12,HYG,-0.0046104277,0.101629026
2015-08-13,HYG,-0.0013872834,0.004255905
2015-08-14,HYG,-0.0012733694,0.056583643
2015-08-17,HYG,0.0005790053,3.5679405e-20
2015-08-18,HYG,0.0,0.04172522
2015-08-19,HYG,-0.0012742544,0.039891895
2015-08-20,HYG,-0.0009277514,0.018099573
2015-08-21,HYG,-0.0048848665,0.0
2015-08-24,HYG,-0.0036208648,0.013996411
2015-08-25,HYG,-0.008224697,0.1428049
2015-08-26,HYG,0.0020036544,0.047055595
2015-08-27,HYG,0.008325076,0.046006106
2015-08-28,HYG,0.0074453577,0.041878406
2015-08-31,HYG,0.0009267841,0.056427408
2015-09-01,HYG,-0.0013904985,6.6209325e-19
2015-09-02,HYG,-0.007682496,0.10289384
2015-09-03,HYG,0.0040814,0.030668728
2015-09-04,HYG,0.0013955113,0.05919082
2015-09-07,HYG,-0.0010464509,0.0051771277
2015-09-08,HYG,0.0,0.08390512
2015-09-09,HYG,0.005452766,0.10936377
2015-09-10,HYG,-0.0012735168,0.086948164
2015-09-11,HYG,0.0024298537,0.18261151
2015-09-14,HYG,-0.00034676067,0.06821729
2015-09-15,HYG,-0.0017356094,0.06632629
2015-09-16,HYG,-0.00023164235,0.06073019
2015-09-17,HYG,-0.003597335,0.14950457
2015-09-18,HYG,0.0008134333,0.14308403
2015-09-21,HYG,-0.0027916734,0.12232981
2015-09-22,HYG,-0.0018654547,0.15439722
2015-09-23,HYG,-0.0072616856,0.20186496
2015-09-24,HYG,-0.0017648102,1.4456029e-18
2015-09-25,HYG,-0.0049581025,0.11177919
2015-09-28,HYG,-0.005101749,0.10474327
2015-09-29,HYG,-0.015463299,0.11978273
2015-09-30,HYG,-0.000120809425,0.1956945
2015-10-01,HYG,0.006262817,0.0
2015-10-02,HYG,-0.011228612,0.19543137
2015-10-05,HYG,0.00097087387,0.18071209
2015-10-06,HYG,0.011937201,0.154211
2015-10-07,HYG,0.00549846,0.11673541
2015-10-08,HYG,0.01019933,0.2841091
2015-10-09,HYG,0.004121289,0.043469656
2015-10-12,HYG,0.000117501906,0.047545742
2015-10-13,HYG,-0.0018816894,0.039822686
2015-10-14,HYG,-0.0023571018,0.1343526
2015-10-15,HYG,-0.00070821535,0.19972304
2015-10-16,HYG,0.0023587698,0.31504223
2015-10-19,HYG,0.0045836596,0.13413064
2015-10-20,HYG,0.0026933677,0.14802004
2015-10-21,HYG,0.00093512575,0.32680815
2015-10-22,HYG,-0.001052078,0.16789202
2015-10-23,HYG,0.00035081565,0.06427741
2015-10-26,HYG,0.003501404,0.15496306
2015-10-27,HYG,-0.0010491345,0.07384589
2015-10-28,HYG,-0.003271031,0.124472484
2015-10-29,HYG,0.0026877024,0.16851526
2015-10-30,HYG,-0.0025706955,0.048695743
2015-11-02,HYG,0.0011693173,0.04678319
2015-11-03,HYG,-0.0015203792,0.071213536
2015-11-04,HYG,0.0010528164,0.21927606
2015-11-05,HYG,-0.0029272311,0.06295777
2015-11-06,HYG,-0.0038771124,0.21796618
2015-11-09,HYG,-0.004838053,0.065290995
2015-11-10,HYG,-0.004148646,0.23582941
2015-11-11,HYG,-0.0022593506,0.09063421
2015-11-12,HYG,-0.0023837914,0.29115418
2015-11-13,HYG,-0.006705006,0.059944898
2015-11-16,HYG,-0.0028873938,0.03601433
2015-11-17,HYG,0.0046877903,0.17455924
2015-11-18,HYG,0.000719252,0.11534678
2015-11-19,HYG,0.00191548,0.07870395
2015-11-20,HYG,-0.009010693,0.04815928
2015-11-23,HYG,-0.00024140012,0.059504073
2015-11-24,HYG,-0.00084535964,0.19233634
2015-11-25,HYG,0.0013281016,0.3
2015-11-26,HYG,0.0010853182,0.055996686
2015-11-27,HYG,0.0,0.07468627
2015-11-30,HYG,0.0015656052,0.19051757
2015-12-01,HYG,-0.0006018658,0.16298181
2015-12-02,HYG,0.0022851655,0.116945915
2015-12-03,HYG,-0.0020443758,0.19592477
2015-12-04,HYG,-0.002639812,0.09067868
2015-12-07,HYG,-0.0023080048,0.33165222
2015-12-08,HYG,-0.007041428,0.100046754
2015-12-09,HYG,-0.01250476,0.014377159
2015-12-10,HYG,0.00516797,0.12727185
2015-12-11,HYG,-0.0041815336,0.1294302
2015-12-14,HYG,-0.020167496,0.06079797
2015-12-15,HYG,-0.008714927,0.33163118
2015-12-16,HYG,0.016231876,0.121706635
2015-12-17,HYG,0.0075847427,0.19815442
2015-12-18,HYG,-0.011210879,0.019131452
2015-12-21,HYG,-0.0037650648,0.099325605
2015-12-22,HYG,-0.0031484189,0.044000424
2015-12-23,HYG,0.012036254,0.06575652
2015-12-24,HYG,0.0063358187,0.14988731
2015-12-25,HYG,-0.003225009,0.20462711
2015-12-28,HYG,0.0,0.11228987
2015-12-29,HYG,-0.005981326,0.08868586
2015-12-30,HYG,0.005732817,0.17851456
2015-12-31,HYG,0.00074534165,0.11593017
2015-01-01,LQD,0.00067018514,0.20558932
2015-01-02,LQD,0.0,0.15030774
2015-01-05,LQD,0.0035111222,0.30731085
2015-01-06,LQD,0.0040807887,0.023362668
2015-01-07,LQD,0.0040642032,0.22840428
2015-01-08,LQD,0.0013235174,0.17264232
2015-01-09,LQD,-0.003229148,0.083572574
2015-01-12,LQD,0.0026503245,0.29451838
2015-01-13,LQD,0.0019005914,0.054992434
2015-01-14,LQD,0.0009077032,0.15032612
2015-01-15,LQD,0.0017306033,0.15154865
2015-01-16,LQD,0.0051739123,0.1304121
2015-01-19,LQD,-0.005585689,0.17392062
2015-01-20,LQD,0.0,0.04167877
2015-01-21,LQD,0.0023037693,0.1008171
2015-01-22,LQD,-0.00041099833,0.1748098
2015-01-23,LQD,-0.00049342104,0.17311563
2015-01-26,LQD,0.0058232686,0.19684848
2015-01-27,LQD,-0.00024536866,0.10480926
2015-01-28,LQD,0.00073592545,0.11755754
2015-01-29,LQD,0.006761461,0.081823066
2015-01-30,LQD,-0.0023572457,0.021645304
2015-02-02,LQD,0.008185806,0.069916554
2015-02-03,LQD,-0.0017773474,0.018491428
2015-02-04,LQD,-0.008118905,0.00890176
2015-02-05,LQD,0.0013848725,0.19334145
2015-02-06,LQD,-0.0031799122,0.035248645
2015-02-09,LQD,-0.010508265,0.012912464
2015-02-10,LQD,0.0006600116,0.23360367
2015-02-11,LQD,-0.00272536,0.0432543
2015-02-12,LQD,0.0006613757,0.0036532148
2015-02-13,LQD,0.0025587073,0.25
2015-02-16,LQD,-0.0039646537,0.02285309
2015-02-17,LQD,0.0,0.10424535
2015-02-18,LQD,-0.004645384,0.012344612
2015-02-19,LQD,0.0035689129,0.024746196
2015-02-20,LQD,-0.0001657138,0.113142245
2015-02-23,LQD,0.0014904366,0.020935588
2015-02-24,LQD,0.0033866137,0.24175042
2015-02-25,LQD,0.0064932625,0.042466525
2015-02-26,LQD,0.0009007903,0.049680818
2015-02-27,LQD,-0.0054169535,0.10399298
2015-03-02,LQD,0.0023837914,0.028298652
2015-03-03,LQD,-0.011394723,0.044360343
2015-03-04,LQD,-0.0005814678,0.011574557
2015-03-05,LQD,-0.0006649489,0.041206792
2015-03-06,LQD,0.001329456,0.11591215
2015-03-09,LQD,-0.010685468,0.17507197
2015-03-10,LQD,0.0040204427,0.02917449
2015-03-11,LQD,0.0015869705,0.07304261
2015-03-12,LQD,0.0050780545,0.01087386
2015-03-13,LQD,-0.0009969262,0.11372065
2015-03-16,LQD,-0.0028300334,0.20398718
2015-03-17,LQD,0.0009997501,0.09501007
2015-03-18,LQD,0.0016640323,0.10969452
2015-03-19,LQD,0.012228525,0.19005218
2015-03-20,LQD,-0.005104572,0.10646805
2015-03-23,LQD,0.0028025077,0.14917943
2015-03-24,LQD,0.0023020646,0.115341604
2015-03-25,LQD,0.0014771052,0.16217494
2015-03-26,LQD,-0.0032854239,0.16627774
2015-03-27,LQD,-0.006189415,0.16374952
2015-03-30,LQD,0.0039656362,0.08976386
2015-03-31,LQD,0.001730033,0.014147668
2015-04-01,LQD,0.001809211,0.1180618
2015-04-02,LQD,0.00016431154,0.013174126
2015-04-03,LQD,-0.0016443315,0.08733625
2015-04-06,LQD,0.0,0.14710109
2015-04-07,LQD,0.0013156815,0.05336631
2015-04-08,LQD,0.0036092238,0.12912144
2015-04-09,LQD,-0.0003275735,0.09258011
2015-04-10,LQD,-0.005091159,0.10547662
2015-04-13,LQD,0.0013985441,0.21845496
2015-04-14,LQD,-0.00032889328,0.1184681
2015-04-15,LQD,0.0022999847,0.048594568
2015-04-16,LQD,0.000656168,0.1339867
2015-04-17,LQD,-0.00057412346,0.058449566
2015-04-20,LQD,0.002703701,0.24500059
2015-04-21,LQD,-0.00237559,0.25480443
2015-04-22,LQD,-0.0002460731,0.088463604
2015-04-23,LQD,-0.006501813,0.15338708
2015-04-24,LQD,0.0025563862,0.17474149
2015-04-27,LQD,0.0018924596,0.16651872
2015-04-28,LQD,-0.00074010115,0.0
2015-04-29,LQD,-0.0059406115,0.20668979
2015-04-30,LQD,-0.0083098365,0.23539747
2015-05-01,LQD,0.00083409797,0.117967166
2015-05-04,LQD,-0.008288381,0.048976127
2015-05-05,LQD,-0.0031997333,0.25
2015-05-06,LQD,-0.0016881916,0.12558635
2015-05-07,LQD,-0.0043178326,0.18315795
2015-05-08,LQD,0.003979852,0.08695454
2015-05-11,LQD,0.0057301917,0.116375126
2015-05-12,LQD,-0.010134366,0.03846911
2015-05-13,LQD,-0.0014440436,0.053070422
2015-05-14,LQD,-0.00093549356,0.08163628
2015-05-15,LQD,0.003397608,0.018766047
2015-05-18,LQD,0.006929215,0.10435224
2015-05-19,LQD,-0.007692671,0.14949772
2015-05-20,LQD,-0.0053605745,0.0
2015-05-21,LQD,0.0011937246,0.09357115
2015-05-22,LQD,0.0047606993,0.112099916
2015-05-25,LQD,-0.00067871384,0.047063548
2015-05-26,LQD,0.0,0.05792239
2015-05-27,LQD,0.004403428,0.101595156
2015-05-28,LQD,0.001013428,0.022306796
2015-05-29,LQD,-0.0021124685,0.1723452
2015-06-01,LQD,0.00042285086,0.117059425
2015-06-02,LQD,-0.008405908,0.11691114
2015-06-03,LQD,-0.0051290933,0.0
2015-06-04,LQD,-0.006448584,0.25
2015-06-05,LQD,0.0051621897,0.07892875
2015-06-08,LQD,-0.005075935,0.13510954
2015-06-09,LQD,-0.00069025025,0.059880823
2015-06-10,LQD,-0.0044982773,0.025411537
2015-06-11,LQD,-0.0026913243,0.113978766
2015-06-12,LQD,0.008828169,0.02458519
2015-06-15,LQD,-0.0017248818,0.103786655
2015-06-16,LQD,-0.00017265194,0.08675263
2015-06-17,LQD,0.00250054,0.045493633
2015-06-18,LQD,-8.6121516e-05,0.01629509
2015-06-19,LQD,-0.0018102673,0.13134868
2015-06-22,LQD,0.005335182,0.0114489375
2015-06-23,LQD,-0.007926976,0.047911547
2015-06-24,LQD,-0.0022516681,0.04388243
2015-06-25,LQD,0.0027705645,0.010304194
2015-06-26,LQD,-0.0016440968,0.21642013
2015-06-29,LQD,-0.004600503,0.08433206
2015-06-30,LQD,0.008662563,0.21915977
2015-07-01,LQD,-0.0018993358,0.1433313
2015-07-02,LQD,-0.006067454,0.024816241
2015-07-03,LQD,0.0038181234,0.06146916
2015-07-06,LQD,0.0,0.16929701
2015-07-07,LQD,0.0039761486,0.055294253
2015-07-08,LQD,0.0041322373,0.1056692
2015-07-09,LQD,0.0013736266,0.116569094
2015-07-10,LQD,-0.0066279564,0.06083077
2015-07-13,LQD,-0.006411389,0.07673355
2015-07-14,LQD,-0.0021753325,0.056222696
2015-07-15,LQD,0.000870701,0.17576148
2015-07-16,LQD,0.0026075635,0.07551806
2015-07-17,LQD,0.0015612806,0.09039284
2015-07-20,LQD,0.0006931208,0.0033595401
2015-07-21,LQD,-0.0023412106,0.14547537
2015-07-22,LQD,0.0020813467,0.03530251
2015-07-23,LQD,0.0012986453,0.10826822
2015-07-24,LQD,0.0029373672,0.086025245
2015-07-27,LQD,-0.000431425,0.1426594
2015-07-28,LQD,8.629989e-05,0.005547075
2015-07-29,LQD,-0.00077696727,0.087607436
2015-07-30,LQD,-0.0008640056,0.020305205
2015-07-31,LQD,0.00051849295,0.17763513
2015-08-03,LQD,0.0051701968,0.094424255
2015-08-04,LQD,-0.0005158184,0.0058073467
2015-08-05,LQD,-0.0050864373,3.7296555e-17
2015-08-06,LQD,-0.0038969524,0.14665528
2015-08-07,LQD,0.0019070741,0.050131965
2015-08-10,LQD,0.0034581171,0.0109258
2015-08-11,LQD,-0.003977868,0.15363456
2015-08-12,LQD,0.00415046,0.08675361
2015-08-13,LQD,-0.0015544045,0.110400364
2015-08-14,LQD,-0.0034629072,0.08426245
2015-08-17,LQD,0.0009534955,0.047322355
2015-08-18,LQD,0.0032005564,0.12785181
2015-08-19,LQD,-0.003807221,0.18696807
2015-08-20,LQD,0.004843043,0.0
2015-08-21,LQD,0.0006037346,0.07475405
2015-08-24,LQD,0.00025863183,0.047596946
2015-08-25,LQD,-0.0027621943,0.04567654
2015-08-26,LQD,-0.005112884,0.10073006
2015-08-27,LQD,-0.00060835184,0.069826074
2015-08-28,LQD,0.00095581537,0.063433036
2015-08-31,LQD,0.0018222054,0.090035744
2015-09-01,LQD,-0.0025172532,0.11503655
2015-09-02,LQD,0.0031239178,0.055087946
2015-09-03,LQD,-0.0014739675,0.030800337
2015-09-04,LQD,0.0047608833,0.21981305
2015-09-07,LQD,0.0022427337,0.11472347
2015-09-08,LQD,0.0,0.074342184
2015-09-09,LQD,-0.0046636234,0.17709579
2015-09-10,LQD,0.002161789,0.18553604
2015-09-11,LQD,-0.0019886738,0.062326837
2015-09-14,LQD,0.0006921613,6.5600445e-17
2015-09-15,LQD,-8.6493965e-05,0.07941843
2015-09-16,LQD,-0.0075537586,0.19184487
2015-09-17,LQD,0.001828552,0.079714425
2015-09-18,LQD,0.008230499,0.09213242
2015-09-21,LQD,0.0030152942,0.08203966
2015-09-22,LQD,-0.005088192,0.11983747
2015-09-23,LQD,0.0043136985,0.10000463
2015-09-24,LQD,-0.0006027987,0.042335205
2015-09-25,LQD,0.0001722653,0.04428062
2015-09-28,LQD,-0.0030189352,0.07499704
2015-09-29,LQD,0.0017262218,0.19435091
2015-09-30,LQD,0.0012927136,0.17596644
2015-10-01,LQD,-0.0001722653,0.15644467
2015-10-02,LQD,-0.0031058604,0.04526154
2015-10-05,LQD,0.0043971273,0.067400865
2015-10-06,LQD,-0.0026704585,0.018713439
2015-10-07,LQD,0.0019819904,0.0680661
2015-10-08,LQD,0.0035233998,8.023096e-17
2015-10-09,LQD,-0.0039539333,0.14206274
2015-10-12,LQD,0.00043053343,0.03620948
2015-10-13,LQD,0.0040379795,0.16649525
2015-10-14,LQD,-0.000771969,0.1381061
2015-10-15,LQD,0.003939373,0.11446981
2015-10-16,LQD,-0.00042744176,0.17600821
2015-10-19,LQD,0.00034196803,0.058302607
2015-10-20,LQD,-8.548104e-05,0.053934343
2015-10-21,LQD,-0.001882434,0.10984377
2015-10-22,LQD,0.0049551576,0.06912452
2015-10-23,LQD,0.0021282944,0.06675673
2015-10-26,LQD,-0.0036634759,0.08383269
2015-10-27,LQD,0.0017908162,0.028818175
2015-10-28,LQD,0.0002555693,0.09330834
2015-10-29,LQD,-0.0039259247,0.109558605
2015-10-30,LQD,-0.007036844,0.066182636
2015-11-02,LQD,0.0025802027,0.15214318
2015-11-03,LQD,-0.0071548945,0.1439881
2015-11-04,LQD,8.650893e-05,0.14985771
2015-11-05,LQD,-0.0011252003,0.08019701
2015-11-06,LQD,0.000259774,0.17711097
2015-11-09,LQD,-0.006514681,0.19697388
2015-11-10,LQD,-0.0016571457,0.18417852
2015-11-11,LQD,0.002528226,0.21885683
2015-11-12,LQD,-8.707388e-05,0.19787993
2015-11-13,LQD,-0.00034837137,0.14421555
2015-11-16,LQD,0.0029572954,0.099063545
2015-11-17,LQD,0.0001736865,0.18011977
2015-11-18,LQD,0.0010414859,0.06643464
2015-11-19,LQD,0.0002602021,0.09522707
2015-11-20,LQD,0.002944235,0.116838746
2015-11-23,LQD,-0.00017295053,0.037155308
2015-11-24,LQD,0.00034587117,0.10201955
2015-11-25,LQD,0.00034575158,0.06167047
2015-11-26,LQD,0.0009502009,0.11242282
2015-11-27,LQD,0.0,0.11948254
2015-11-30,LQD,0.00034530388,0.06839106
2015-12-01,LQD,0.00043146222,0.18466038
2015-12-02,LQD,0.0046479683,0.07384533
2015-12-03,LQD,-0.0024073608,0.16577724
2015-12-04,LQD,-0.013345085,0.01140222
2015-12-07,LQD,0.005394132,0.1379601
2015-12-08,LQD,0.001733854,0.07426685
2015-12-09,LQD,-0.0013001085,0.10365875
2015-12-10,LQD,-0.00026022465,0.0
2015-12-11,LQD,-0.0023450742,0.05172991
2015-12-14,LQD,0.0017376199,0.21099505
2015-12-15,LQD,-0.0074058278,0.08064458
2015-12-16,LQD,8.7446984e-05,0.0
2015-12-17,LQD,-0.00017490162,0.11817049
2015-12-18,LQD,0.0011363141,0.18973413
2015-12-21,LQD,0.0,0.07745149
2015-12-22,LQD,0.00069862895,0.08269319
2015-12-23,LQD,-0.00131033,0.069997124
2015-12-24,LQD,0.000873744,8.5367984e-17
2015-12-25,LQD,0.0004365859,0.22902448
2015-12-28,LQD,0.0,0.15196455
2015-12-29,LQD,-0.0012229212,0.17392762
2015-12-30,LQD,-0.0051702345,5.551115e-17
2015-12-31,LQD,0.0,0.0
2015-01-01,UUP,0.0033430872,0.3302346
2015-01-02,UUP,0.0,0.32927454
2015-01-05,UUP,0.009549585,0.33063093
2015-01-06,UUP,0.0020639843,0.33333334
2015-01-07,UUP,0.002059733,0.3300815
2015-01-08,UUP,0.003696862,0.3289268
2015-01-09,UUP,0.0040916586,0.33333334
2015-01-12,UUP,-0.004501747,0.32815987
2015-01-13,UUP,0.0,0.33035722
2015-01-14,UUP,0.002867092,0.33045292
2015-01-15,UUP,-0.0020470836,0.3309611
2015-01-16,UUP,0.0032733253,0.32895854
2015-01-19,UUP,0.0044833985,0.32826132
2015-01-20,UUP,0.0,0.33333334
2015-01-21,UUP,0.004058447,0.3318881
2015-01-22,UUP,-0.0028391825,0.25
2015-01-23,UUP,0.014916624,0.33202922
2015-01-26,UUP,0.008764996,0.3284655
2015-01-27,UUP,-0.001587932,0.32894734
2015-01-28,UUP,-0.009580912,0.32924798
2015-01-29,UUP,0.005998818,0.12506472
2015-01-30,UUP,0.0007971304,0.19583827
2015-02-02,UUP,0.0011945054,0.1429752
2015-02-03,UUP,-0.001991636,0.33333334
2015-02-04,UUP,-0.011630369,0.121300936
2015-02-05,UUP,0.006032594,0.082135975
2015-02-06,UUP,-0.0072434926,0.33333334
2015-02-09,UUP,0.012043501,0.33333334
2015-02-10,UUP,-0.0007984032,0.25
2015-02-11,UUP,0.0011973659,0.10052351
2015-02-12,UUP,0.0035835197,0.33333334
2015-02-13,UUP,-0.009584738,0.24825741
2015-02-16,UUP,-0.00040136464,0.33333334
2015-02-17,UUP,0.0,0.33333334
2015-02-18,UUP,-0.0012050614,0.33333334
2015-02-19,UUP,0.00040184852,0.33333334
2015-02-20,UUP,0.0036093884,0.33333334
2015-02-23,UUP,-0.0008009612,0.33333334
2015-02-24,UUP,0.002800562,0.24825948
2015-02-25,UUP,-0.0019996008,0.33333334
2015-02-26,UUP,-0.002003607,0.33333334
2015-02-27,UUP,0.010375192,0.33333334
2015-03-02,UUP,0.00039690416,0.33333334
2015-03-03,UUP,0.0019821613,0.33333334
2015-03-04,UUP,-0.00039611806,0.33333334
2015-03-05,UUP,0.005137336,0.11580713
2015-03-06,UUP,0.004718845,0.3277083
2015-03-09,UUP,0.012088274,0.33045116
2015-03-10,UUP,0.0,0.33013967
2015-03-11,UUP,0.010410736,0.33333334
2015-03-12,UUP,0.011062481,0.33333334
2015-03-13,UUP,-0.0053252312,0.22858639
2015-03-16,UUP,0.010244825,0.33200386
2015-03-17,UUP,-0.0075786645,0.33333334
2015-03-18,UUP,0.00038030045,0.33333334
2015-03-19,UUP,-0.019969942,0.16633518
2015-03-20,UUP,0.015014719,0.33333334
2015-03-23,UUP,-0.013464331,0.33076635
2015-03-24,UUP,-0.0109035345,0.32947153
2015-03-25,UUP,0.003127446,0.15835112
2015-03-26,UUP,-0.0027359799,0.33333334
2015-03-27,UUP,0.0035163155,0.33333334
2015-03-30,UUP,0.0007797271,0.33333334
2015-03-31,UUP,0.007764014,0.33333334
2015-04-01,UUP,0.0015455954,0.21392247
2015-04-02,UUP,0.00038602587,0.33333334
2015-04-03,UUP,-0.007748973,0.25
2015-04-06,UUP,0.0,0.33333334
2015-04-07,UUP,-0.007809489,0.33075222
2015-04-08,UUP,0.011303959,0.33333334
2015-04-09,UUP,0.001549187,0.33333334
2015-04-10,UUP,0.010394704,0.17905425
2015-04-13,UUP,0.002295334,0.09520428
2015-04-14,UUP,0.0015273008,0.16094632
2015-04-15,UUP,-0.0076599377,0.1953989
2015-04-16,UUP,-0.0046242857,0.120161965
2015-04-17,UUP,-0.0077549824,0.33333334
2015-04-20,UUP,-0.0023382707,0.17810853
2015-04-21,UUP,0.0058354572,0.18711825
2015-04-22,UUP,0.0011630162,0.20372298
2015-04-23,UUP,0.0,0.3304853
2015-04-24,UUP,-0.007388717,0.33013284
2015-04-27,UUP,-0.003910838,0.33333334
2015-04-28,UUP,-0.00313972,0.25
2015-04-29,UUP,-0.0063091693,0.17712906
2015-04-30,UUP,-0.00874062,0.17843845
2015-05-01,UUP,-0.00600362,0.18432845
2015-05-04,UUP,0.0048057763,0.049007647
2015-05-05,UUP,0.0027927407,0.2471798
2015-05-06,UUP,-0.0027927407,0.33333334
2015-05-07,UUP,-0.011249617,0.14128256
2015-05-08,UUP,0.005238779,0.33333334
2015-05-11,UUP,0.0012050614,0.15635607
2015-05-12,UUP,0.0032064156,0.33333334
2015-05-13,UUP,-0.0056179925,0.33104157
2015-05-14,UUP,-0.008892541,0.33021224
2015-05-15,UUP,-0.003253358,0.33333334
2015-05-18,UUP,-0.0016306567,0.33333334
2015-05-19,UUP,0.009744291,0.07586774
2015-05-20,UUP,0.011649057,0.18808275
2015-05-21,UUP,0.0019948143,0.33333334
2015-05-22,UUP,-0.0015955329,0.14552173
2015-05-25,UUP,0.009139742,0.10227719
2015-05-26,UUP,0.0,0.1515188
2015-05-27,UUP,0.01101506,0.14578521
2015-05-28,UUP,0.0003911598,0.09069605
2015-05-29,UUP,-0.002741337,0.14347722
2015-06-01,UUP,-0.001569859,0.24662548
2015-06-02,UUP,0.005874307,0.13039151
2015-06-03,UUP,-0.01534557,0.1755294
2015-06-04,UUP,-0.006763503,0.24699396
2015-06-05,UUP,0.0011968883,0.33333334
2015-06-08,UUP,0.00873368,0.15663235
2015-06-09,UUP,-0.011528651,0.33333334
2015-06-10,UUP,-0.0012002402,0.33333334
2015-06-11,UUP,-0.0056202477,0.11085782
2015-06-12,UUP,0.0028140722,0.33333334
2015-06-15,UUP,-0.00080321287,0.08795667
2015-06-16,UUP,-0.00080385857,0.16846795
2015-06-17,UUP,0.002008436,0.33333334
2015-06-18,UUP,-0.00886745,0.33333334
2015-06-19,UUP,-0.003244123,0.13728939
2015-06-22,UUP,0.0024340784,0.33333334
2015-06-23,UUP,0.0020238825,0.33333334
2015-06-24,UUP,0.011658424,0.08844946
2015-06-25,UUP,-0.0020004008,0.12075489
2015-06-26,UUP,-0.0016032067,0.10336753
2015-06-29,UUP,0.0028039273,0.1913668
2015-06-30,UUP,-0.0056157387,0.25
2015-07-01,UUP,0.0068150195,0.101147674
2015-07-02,UUP,0.007958657,0.33333334
2015-07-03,UUP,-0.0023809534,0.32671252
2015-07-06,UUP,0.0,0.15877555
2015-07-07,UUP,0.0019845213,0.33333334
2015-07-08,UUP,0.003167065,0.11257933
2015-07-09,UUP,-0.0039604013,0.15448758
2015-07-10,UUP,0.0031695748,0.062708974
2015-07-13,UUP,-0.0071457233,0.33333334
2015-07-14,UUP,0.009910884,0.33333334
2015-07-15,UUP,-0.0015791554,0.1390693
2015-07-16,UUP,0.004336691,0.10705708
2015-07-17,UUP,0.0054923636,0.106789514
2015-07-20,UUP,0.002344667,0.33333334
2015-07-21,UUP,0.00039024392,0.12836984
2015-07-22,UUP,-0.0070477976,0.33333334
2015-07-23,UUP,0.002354789,0.06034351
2015-07-24,UUP,-0.0039277347,0.18236154
2015-07-27,UUP,0.0015729456,0.12345487
2015-07-28,UUP,-0.007889587,0.14746545
2015-07-29,UUP,0.0007917657,0.33333334
2015-07-30,UUP,0.005524876,0.33333334
2015-07-31,UUP,0.0039277347,0.09024801
2015-08-03,UUP,-0.0031409527,0.13764694
2015-08-04,UUP,0.002356639,0.33333334
2015-08-05,UUP,0.005087078,0.33333334
2015-08-06,UUP,-0.00039039625,0.099688165
2015-08-07,UUP,-0.0019542708,0.18913323
2015-08-10,UUP,-0.0015661711,0.33333334
2015-08-11,UUP,-0.0047132843,0.07713896
2015-08-12,UUP,0.0,0.25
2015-08-13,UUP,-0.010686822,0.10903216
2015-08-14,UUP,0.0015904576,0.14727382
2015-08-17,UUP,0.0027772286,0.33333334
2015-08-18,UUP,0.0015835316,0.06068184
2015-08-19,UUP,0.0023706057,0.128925
2015-08-20,UUP,-0.0063341465,0.33333334
2015-08-21,UUP,-0.0055754823,0.33333334
2015-08-24,UUP,-0.009630893,0.33333334
2015-08-25,UUP,-0.016670441,0.14656559
2015-08-26,UUP,0.006945891,0.1134982
2015-08-27,UUP,0.012140983,0.33333334
2015-08-28,UUP,0.006415419,0.15692298
2015-08-31,UUP,0.0031923412,0.124788605
2015-09-01,UUP,-0.0015948967,0.099898346
2015-09-02,UUP,-0.00600362,0.2304395
2015-09-03,UUP,0.005205217,0.33333334
2015-09-04,UUP,0.0047808858,0.1344639
2015-09-07,UUP,-0.0011930803,0.15141852
2015-09-08,UUP,0.0,0.10155926
2015-09-09,UUP,-0.0035878054,0.107097
2015-09-10,UUP,0.0,0.10823849
2015-09-11,UUP,-0.004001606,0.18344776
2015-09-14,UUP,-0.0044203405,0.33333334
2015-09-15,UUP,0.00040265755,0.14849617
2015-09-16,UUP,0.004017683,0.10738216
2015-09-17,UUP,-0.0028106824,0.07007391
2015-09-18,UUP,-0.010509393,0.06456033
2015-09-21,UUP,0.010107222,0.061441835
2015-09-22,UUP,0.006015659,0.072286755
2015-09-23,UUP,0.004388597,0.080474295
2015-09-24,UUP,0.0,0.12111452
2015-09-25,UUP,-0.0031897954,0.33333334
2015-09-28,UUP,0.0015961695,0.33333334
2015-09-29,UUP,-0.0011968883,0.11443769
2015-09-30,UUP,-0.0015980826,0.32778123
2015-10-01,UUP,0.0035921012,0.13936311
2015-10-02,UUP,-0.00039848575,0.14353508
2015-10-05,UUP,-0.002394255,0.085061416
2015-10-06,UUP,0.0003994408,0.074389234
2015-10-07,UUP,-0.0068122884,0.10993511
2015-10-08,UUP,0.0012055456,0.3251133
2015-10-09,UUP,-0.0024125464,0.11775811
2015-10-12,UUP,-0.0048426245,0.33333334
2015-10-13,UUP,-0.00080938893,0.32204732
2015-10-14,UUP,-0.0016207459,0.33333334
2015-10-15,UUP,-0.008552282,0.32647043
2015-10-16,UUP,0.0065226485,0.3266372
2015-10-19,UUP,0.0016240361,0.11796981
2015-10-20,UUP,0.0028357322,0.079596676
2015-10-21,UUP,-0.00080938893,0.32588053
2015-10-22,UUP,0.0012138379,0.33333334
2015-10-23,UUP,0.014452279,0.33333334
2015-10-26,UUP,0.008335035,0.115488395
2015-10-27,UUP,-0.003167065,0.33333334
2015-10-28,UUP,0.00079270714,0.091634065
2015-10-29,UUP,0.008285705,0.13397302
2015-10-30,UUP,-0.0043315683,0.115285344
2015-11-02,UUP,-0.0035580192,0.11630793
2015-11-03,UUP,-0.00079239305,0.055940308
2015-11-04,UUP,0.002770633,0.32417476
2015-11-05,UUP,0.008266136,0.23742527
2015-11-06,UUP,0.0007836991,0.3268721
2015-11-09,UUP,0.011682376,0.12400118
2015-11-10,UUP,-0.0019376096,0.32290587
2015-11-11,UUP,0.0027116034,0.08874071
2015-11-12,UUP,-0.0027116034,0.32841006
2015-11-13,UUP,-0.0042760028,0.12634254
2015-11-16,UUP,0.0034999063,0.17407614
2015-11-17,UUP,0.0054200673,0.33333334
2015-11-18,UUP,0.0015432102,0.33333334
2015-11-19,UUP,0.0,0.12708725
2015-11-20,UUP,-0.0069632777,0.12289946
2015-11-23,UUP,0.0069632777,0.33333334
2015-11-24,UUP,0.0015408323,0.32619503
2015-11-25,UUP,-0.0019264116,0.32714677
2015-11-26,UUP,0.0019264116,0.15557532
2015-11-27,UUP,0.0,0.33333334
2015-11-30,UUP,0.0015384619,0.33333334
2015-12-01,UUP,0.0023032639,0.33333334
2015-12-02,UUP,-0.004611845,0.33333334
2015-12-03,UUP,0.0023085813,0.33333334
2015-12-04,UUP,-0.024116298,0.33333334
2015-12-07,UUP,0.007061622,0.060213856
2015-12-08,UUP,0.003122563,0.14380698
2015-12-09,UUP,-0.003122563,0.3291561
2015-12-10,UUP,-0.010611221,0.3255554
2015-12-11,UUP,0.0055161687,0.100157715
2015-12-14,UUP,-0.003937013,0.1206102
2015-12-15,UUP,0.0019704439,0.32829604
2015-12-16,UUP,0.0054966765,0.33333334
2015-12-17,UUP,0.0,0.328231
2015-12-18,UUP,0.009353147,0.079203025
2015-12-21,UUP,-0.0058354572,0.13842568
2015-12-22,UUP,-0.0035176899,0.33333334
2015-12-23,UUP,-0.0015673984,0.12070017
2015-12-24,UUP,0.0015673984,0.051817182
2015-12-25,UUP,-0.00235202,0.32526278
2015-12-28,UUP,0.0,0.095387384
2015-12-29,UUP,-0.0011780877,0.1359268
2015-12-30,UUP,0.0027467154,0.18082863
2015-12-31,UUP,0.0,0.33333334
