date,ticker,returns,weights
2010-01-01,SPY,-0.009644655,-0.4421828
2010-01-04,SPY,0.0,-0.27979496
2010-01-05,SPY,0.016817586,-0.105722465
2010-01-06,SPY,0.0026436392,0.2833556
2010-01-07,SPY,0.0007037917,0.19510196
2010-01-08,SPY,0.00421238,-0.16022979
2010-01-11,SPY,0.003322262,0.09312204
2010-01-12,SPY,0.001395552,-0.09107627
2010-01-13,SPY,-0.009370006,-0.054846153
2010-01-14,SPY,0.008410773,0.2672354
2010-01-15,SPY,0.0027009381,0.028843973
2010-01-18,SPY,-0.01128769,0.44337592
2010-01-19,SPY,0.0,0.24302278
2010-01-20,SPY,0.012418174,0.4330167
2010-01-21,SPY,-0.010220661,-0.24666733
2010-01-22,SPY,-0.019416364,0.18630676
2010-01-25,SPY,-0.022544071,-0.31326947
2010-01-26,SPY,0.0051146336,0.099280246
2010-01-27,SPY,-0.004199385,-0.061690524
2010-01-28,SPY,0.0047458336,-0.24301903
2010-01-29,SPY,-0.011538589,0.15333124
2010-02-01,SPY,-0.010928058,-0.06267168
2010-02-02,SPY,0.015431122,-0.18589595
2010-02-03,SPY,0.012030768,-0.0718593
2010-02-04,SPY,-0.004995242,0.1359942
2010-02-05,SPY,-0.03135227,0.27440664
2010-02-08,SPY,0.0020647591,-0.097632624
2010-02-09,SPY,-0.0072453856,0.18128534
2010-02-10,SPY,0.012481979,-0.46108544
2010-02-11,SPY,-0.0019605104,-0.39949057
2010-02-12,SPY,0.010411919,-0.29370672
2010-02-15,SPY,-0.00083267805,-0.31679702
2010-02-16,SPY,0.0,0.21794641
2010-02-17,SPY,0.015612403,-0.06925981
2010-02-18,SPY,0.0047272816,-0.066048905
2010-02-19,SPY,0.0058778482,0.17244093
2010-02-22,SPY,0.0020716062,-0.097831495
2010-02-23,SPY,0.00017993702,-0.07084372
2010-02-24,SPY,-0.012219005,0.2786329
2010-02-25,SPY,0.009155664,0.236916
2010-02-26,SPY,-0.0013544632,-0.1772866
2010-03-01,SPY,0.0006323111,-0.30355233
2010-03-02,SPY,0.010331134,0.08320579
2010-03-03,SPY,0.0027667473,-0.0776105
2010-03-04,SPY,0.00089086866,-0.06745434
2010-03-05,SPY,0.0030319085,-0.21218245
2010-03-08,SPY,0.01418326,0.4230625
2010-03-09,SPY,0.00017503939,-0.30636445
2010-03-10,SPY,0.0016613478,0.1738597
2010-03-11,SPY,0.004445808,-0.09972147
2010-03-12,SPY,0.004166311,0.1608395
2010-03-15,SPY,8.661383e-05,-0.21243392
2010-03-16,SPY,0.0002597965,0.02672984
2010-03-17,SPY,0.007934496,-0.029566128
2010-03-18,SPY,0.0059098285,0.19789921
2010-03-19,SPY,-0.0005338743,0.29000142
2010-03-22,SPY,-0.009162859,-0.12816523
2010-03-23,SPY,0.0053534126,-0.36748055
2010-03-24,SPY,0.006987133,-0.13307658
2010-03-25,SPY,-0.004866605,0.11189258
2010-03-26,SPY,-0.0016274791,0.18627821
2010-03-29,SPY,-0.0005831104,0.12319021
2010-03-30,SPY,0.006310356,0.106556505
2010-03-31,SPY,0.0006816633,0.089139536
2010-04-01,SPY,-0.0034129727,-0.20226079
2010-04-02,SPY,0.0068143364,-0.25945967
2010-04-05,SPY,0.0,0.4219839
2010-04-06,SPY,0.008116378,-0.6677621
2010-04-07,SPY,0.002354921,0.08334203
2010-04-08,SPY,-0.0057287435,0.13301627
2010-04-09,SPY,0.0034790712,-0.1836153
2010-04-12,SPY,0.006524795,0.29639933
2010-04-13,SPY,0.0015880316,0.02652199
2010-04-14,SPY,0.0007513462,0.097338766
2010-04-15,SPY,0.01128549,-0.14440916
2010-04-16,SPY,0.00082481035,-0.1285633
2010-04-19,SPY,-0.016040236,-0.4836394
2010-04-20,SPY,0.0037630182,-0.1523676
2010-04-21,SPY,0.008891163,-0.11476807
2010-04-22,SPY,-0.001821645,0.01810198
2010-04-23,SPY,0.0029791482,0.109911665
2010-04-26,SPY,0.006527156,-0.06679104
2010-04-27,SPY,-0.003804045,0.2880525
2010-04-28,SPY,-0.023934763,0.100573905
2010-04-29,SPY,0.007567513,0.1455311
2010-04-30,SPY,0.012300483,0.28375334
2010-05-03,SPY,-0.017065546,0.16656
2010-05-04,SPY,0.012857544,0.2719349
2010-05-05,SPY,-0.023795633,-0.10615506
2010-05-06,SPY,-0.0059742434,0.4055671
2010-05-07,SPY,-0.033759877,0.2668032
2010-05-10,SPY,-0.015004608,-0.11588476
2010-05-11,SPY,0.043098748,0.18887523
2010-05-12,SPY,-0.002844952,0.24351887
2010-05-13,SPY,0.0138891125,-0.051180758
2010-05-14,SPY,-0.01250873,-0.070236474
2010-05-17,SPY,-0.01827091,-0.26564783
2010-05-18,SPY,0.0005266854,-0.17078981
2010-05-19,SPY,-0.013695818,-0.14309864
2010-05-20,SPY,-0.0057102223,-0.08986644
2010-05-21,SPY,-0.038490843,-0.2204883
2010-05-24,SPY,0.014539501,-0.4191781
2010-05-25,SPY,-0.012959941,-0.011400396
2010-05-26,SPY,0.00100219,0.06857905
2010-05-27,SPY,-0.0060282615,0.989865
2010-05-28,SPY,0.03294934,0.065562904
2010-05-31,SPY,-0.012638212,-0.6616614
2010-06-01,SPY,0.0,0.21129146
2010-06-02,SPY,-0.016957607,-0.13034363
2010-06-03,SPY,0.025705997,0.05041538
2010-06-04,SPY,0.003438295,0.07426415
2010-06-07,SPY,-0.035768993,0.06847463
2010-06-08,SPY,-0.012529014,0.44144815
2010-06-09,SPY,0.01065495,0.41872078
2010-06-10,SPY,-0.0053604306,-0.023729742
2010-06-11,SPY,0.028812403,0.15391321
2010-06-14,SPY,0.004843952,0.1228482
2010-06-15,SPY,-0.0015602976,0.17609923
2010-06-16,SPY,0.022492133,-0.13135894
2010-06-17,SPY,-0.00035720665,0.12886098
2010-06-18,SPY,0.0016064261,-0.12049114
2010-06-21,SPY,-0.0036717944,0.19001772
2010-06-22,SPY,-0.0028592064,0.05317697
2010-06-23,SPY,-0.016653476,0.17577846
2010-06-24,SPY,-0.0031078635,0.4908473
2010-06-25,SPY,-0.016709367,0.30631673
2010-06-28,SPY,0.0041572377,0.13654985
2010-06-29,SPY,-0.0031337438,-0.043825224
2010-06-30,SPY,-0.031361785,0.16061454
2010-07-01,SPY,-0.009545461,0.01783666
2010-07-02,SPY,-0.0044664606,-0.13801718
2010-07-05,SPY,-0.0054644947,-0.11953344
2010-07-06,SPY,0.0,0.060776215
2010-07-07,SPY,0.0065343776,0.25589612
2010-07-08,SPY,0.030986676,0.070880085
2010-07-09,SPY,0.009870313,-0.23511153
2010-07-12,SPY,0.0074377432,-0.022729885
2010-07-13,SPY,0.00064817816,-0.008468993
2010-07-14,SPY,0.014975703,0.31841892
2010-07-15,SPY,-8.2075225e-05,0.0871935
2010-07-16,SPY,0.00026444052,-0.033868458
2010-07-19,SPY,-0.027920831,-0.2378036
2010-07-20,SPY,0.0058892434,0.24914584
2010-07-21,SPY,0.011030376,-0.07651538
2010-07-22,SPY,-0.013082998,0.21221639
2010-07-23,SPY,0.022085495,-0.07908165
2010-07-26,SPY,0.008632388,-0.037313256
2010-07-27,SPY,0.010361853,-0.08300872
2010-07-28,SPY,-8.964188e-05,-0.04961318
2010-07-29,SPY,-0.006475425,0.157375
2010-07-30,SPY,-0.0048842356,0.25747484
2010-08-02,SPY,-0.00018135655,-0.101281025
2010-08-03,SPY,0.022329763,-0.14831004
2010-08-04,SPY,-0.004800436,0.0202272
2010-08-05,SPY,0.0066610663,-0.035839126
2010-08-06,SPY,-0.0010627934,0.27278104
2010-08-09,SPY,-0.0040667425,-0.013306015
2010-08-10,SPY,0.0053242594,0.15762044
2010-08-11,SPY,-0.005475527,0.068963304
2010-08-12,SPY,-0.027745098,0.11433157
2010-08-13,SPY,-0.0061487826,0.4671333
2010-08-16,SPY,-0.0029501265,-0.053526264
2010-08-17,SPY,-0.00046174446,0.1167371
2010-08-18,SPY,0.012210388,0.107963264
2010-08-19,SPY,0.0018233208,0.0743176
2010-08-20,SPY,-0.017549952,0.34314638
2010-08-23,SPY,-0.0032496199,-0.4704488
2010-08-24,SPY,-0.0037865704,-0.03977639
2010-08-25,SPY,-0.014988035,-0.08801238
2010-08-26,SPY,0.0038776235,0.35497627
2010-08-27,SPY,-0.006724465,0.41751736
2010-08-30,SPY,0.015371135,0.13761601
2010-08-31,SPY,-0.01460169,-0.18377233
2010-09-01,SPY,-9.4957295e-06,-0.037170444
2010-09-02,SPY,0.02947306,-0.10712849
2010-09-03,SPY,0.009269098,0.16987915
2010-09-06,SPY,0.01288818,0.09800704
2010-09-07,SPY,0.0,-0.12737325
2010-09-08,SPY,-0.011336448,-0.04223766
2010-09-09,SPY,0.006998438,0.4308654
2010-09-10,SPY,0.0046085115,0.05525631
2010-09-13,SPY,0.005053922,-0.24558027
2010-09-14,SPY,0.011043725,-0.09080681
2010-09-15,SPY,-0.0006212007,0.14911038
2010-09-16,SPY,0.003809866,-0.24047498
2010-09-17,SPY,-0.0002653341,0.29838026
2010-09-20,SPY,-0.0049658697,-0.26037413
2010-09-21,SPY,0.01517453,-0.19248873
2010-09-22,SPY,-0.0020158647,0.14695255
2010-09-23,SPY,-0.004925252,-0.10418254
2010-09-24,SPY,-0.008162299,0.33006972
2010-09-27,SPY,0.02043024,-0.44429284
2010-09-28,SPY,-0.0048016156,-0.07480487
2010-09-29,SPY,0.0034943689,-0.17768659
2010-09-30,SPY,-0.0017456581,0.16850328
2010-10-01,SPY,-0.0029746303,-0.07762342
2010-10-04,SPY,0.004196911,0.13956234
2010-10-05,SPY,-0.007532003,0.44206885
2010-10-06,SPY,0.019931901,-0.10929842
2010-10-07,SPY,-8.6180895e-05,-0.048102215
2010-10-08,SPY,-0.001207313,0.21910028
2010-10-11,SPY,0.0055716443,-0.0044378936
2010-10-12,SPY,0.00096488884,-0.2027719
2010-10-13,SPY,0.0030814027,0.09887335
2010-10-14,SPY,0.007747027,0.07735023
2010-10-15,SPY,-0.0039085783,-0.120136775
2010-10-18,SPY,0.002041164,-0.11868059
2010-10-19,SPY,0.0049156807,-0.10713739
2010-10-20,SPY,-0.01319112,0.42375684
2010-10-21,SPY,0.009718747,-0.057543285
2010-10-22,SPY,0.0022033907,0.0770218
2010-10-25,SPY,0.0018352742,0.08143094
2010-10-26,SPY,0.0029783144,-0.22916771
2010-10-27,SPY,0.0001684778,-0.2083564
2010-10-28,SPY,-0.0028679902,-0.08347994
2010-10-29,SPY,0.00016893318,-0.1813596
2010-11-01,SPY,0.00075984636,0.038559515
2010-11-02,SPY,0.00033752425,-0.026898922
2010-11-03,SPY,0.007941051,0.17442885
2010-11-04,SPY,0.003967845,-0.15011281
2010-11-05,SPY,0.019074935,-0.19292942
2010-11-08,SPY,0.0037961553,-0.15186734
2010-11-09,SPY,-0.001916686,-0.09577339
2010-11-10,SPY,-0.007210191,-0.054685704
2010-11-11,SPY,0.004021178,-0.21097219
2010-11-12,SPY,-0.0038156242,0.008836018
2010-11-15,SPY,-0.011884374,-0.011634951
2010-11-16,SPY,-0.0013986715,-0.012729289
2010-11-17,SPY,-0.015702073,0.040816404
2010-11-18,SPY,0.0004907394,-0.1182775
2010-11-19,SPY,0.014607136,0.113060534
2010-11-22,SPY,0.0027679806,-0.07111275
2010-11-23,SPY,-0.00083167007,0.8935985
2010-11-24,SPY,-0.014603999,0.09224046
2010-11-25,SPY,0.014687197,0.16348575
2010-11-26,SPY,0.0,-0.53975105
2010-11-29,SPY,-0.011715615,-0.16438591
2010-11-30,SPY,0.003042505,0.10980032
2010-12-01,SPY,-0.0056342445,0.26444823
2010-12-02,SPY,0.02102352,0.042918142
2010-12-03,SPY,0.0127275195,0.5841811
2010-12-06,SPY,0.0026889404,0.24097244
2010-12-07,SPY,-0.0010584166,0.14827709
2010-12-08,SPY,0.0005700558,-0.15359971
2010-12-09,SPY,0.0036569054,-0.073855944
2010-12-10,SPY,0.0038860152,0.0056837844
2010-12-13,SPY,0.005800854,0.14476645
2010-12-14,SPY,0.0006424671,0.27967203
2010-12-15,SPY,0.0008827188,0.40783447
2010-12-16,SPY,-0.00459867,0.098233044
2010-12-17,SPY,0.0058011236,-0.24962495
2010-12-20,SPY,-0.004174701,0.24338858
2010-12-21,SPY,0.0024106079,0.06509296
2010-12-22,SPY,0.006320274,0.14831527
2010-12-23,SPY,0.0031054688,-0.08750808
2010-12-24,SPY,-0.0014320951,0.060205575
2010-12-27,SPY,0.0,0.06992083
2010-12-28,SPY,0.00039800996,-0.35795724
2010-12-29,SPY,0.0014315256,-0.05766834
2010-12-30,SPY,0.0007149951,-0.10036786
2010-12-31,SPY,-0.0015895728,0.09247749
2010-01-01,IWM,-0.011939965,0.014188315
2010-01-04,IWM,0.0,-0.17687267
2010-01-05,IWM,0.02436444,-0.088549495
2010-01-06,IWM,-0.0034445,-0.014659485
2010-01-07,IWM,-0.0009414719,-0.07392775
2010-01-08,IWM,0.007351249,0.0612539
2010-01-11,IWM,0.0054394417,-0.051399224
2010-01-12,IWM,-0.0040378994,0.019852746
2010-01-13,IWM,-0.010953012,0.05813645
2010-01-14,IWM,0.012818684,0.008428668
2010-01-15,IWM,0.0037209345,-0.09736433
2010-01-18,IWM,-0.014653419,0.3791404
2010-01-19,IWM,0.0,0.0038455208
2010-01-20,IWM,0.01820637,-0.029148234
2010-01-21,IWM,-0.014601067,0.0063383197
2010-01-22,IWM,-0.016605584,-0.022162419
2010-01-25,IWM,-0.018100223,0.021683669
2010-01-26,IWM,0.0011333281,-0.058522865
2010-01-27,IWM,-0.009919587,0.025279554
2010-01-28,IWM,0.010566627,0.028267993
2010-01-29,IWM,-0.017289616,-0.045622904
2010-02-01,IWM,-0.011084571,-0.10473752
2010-02-02,IWM,0.011742465,-0.10275341
2010-02-03,IWM,0.010955878,0.01111848
2010-02-04,IWM,-0.00669008,0.07170157
2010-02-05,IWM,-0.0339693,0.008276637
2010-02-08,IWM,0.0038880955,-0.016888222
2010-02-09,IWM,-0.010004323,-0.012791794
2010-02-10,IWM,0.013709278,-0.20136161
2010-02-11,IWM,0.002350572,-0.10758913
2010-02-12,IWM,0.015772987,0.0055396333
2010-02-15,IWM,0.0072698887,0.019437935
2010-02-16,IWM,0.0,-0.02728014
2010-02-17,IWM,0.016738832,-0.046812247
2010-02-18,IWM,0.00674593,-0.07234079
2010-02-19,IWM,0.008130774,-0.054420065
2010-02-22,IWM,0.0012694384,-0.059147157
2010-02-23,IWM,0.0030084734,-0.0146179395
2010-02-24,IWM,-0.011768583,0.013993951
2010-02-25,IWM,0.008442902,-0.059449475
2010-02-26,IWM,0.00031720856,0.024989227
2010-03-01,IWM,-0.0041315807,0.0064414986
2010-03-02,IWM,0.02298228,0.020770293
2010-03-03,IWM,0.007596347,0.055436082
2010-03-04,IWM,0.005698021,-0.012455939
2010-03-05,IWM,0.0026071635,-0.021741288
2010-03-08,IWM,0.020165948,-0.012735878
2010-03-09,IWM,0.0017996406,0.021297295
2010-03-10,IWM,0.003589594,-0.046105653
2010-03-11,IWM,0.008473997,0.029794428
2010-03-12,IWM,0.0029563953,-0.058594994
2010-03-15,IWM,-0.0004429025,0.012721396
2010-03-16,IWM,-0.0034021186,-0.056922834
2010-03-17,IWM,0.008557148,0.45835972
2010-03-18,IWM,0.005859106,-0.103672475
2010-03-19,IWM,-0.0030717496,-0.040789362
2010-03-22,IWM,-0.012567656,0.032505084
2010-03-23,IWM,0.01403157,-0.01464094
2010-03-24,IWM,0.012646437,0.048615094
2010-03-25,IWM,-0.013963863,0.029333591
2010-03-26,IWM,-0.0063479217,0.101508096
2010-03-29,IWM,-0.0004128332,-0.05457056
2010-03-30,IWM,0.00544159,-0.0476843
2010-03-31,IWM,0.0030753484,-0.025208293
2010-04-01,IWM,-0.008627548,0.015315423
2010-04-02,IWM,0.009212257,0.075753964
2010-04-05,IWM,0.0,-0.011351797
2010-04-06,IWM,0.018532455,0.018094346
2010-04-07,IWM,0.0058642807,-0.077275254
2010-04-08,IWM,-0.0031710234,-0.08874022
2010-04-09,IWM,-0.0009733197,-0.000997253
2010-04-12,IWM,0.0059965914,0.0122946445
2010-04-13,IWM,0.0041196165,0.029747102
2010-04-14,IWM,0.002265648,-0.043648653
2010-04-15,IWM,0.021132968,0.035905465
2010-04-16,IWM,0.0030420378,0.037254155
2010-04-19,IWM,-0.01351771,0.04082016
2010-04-20,IWM,-0.0048748935,0.07600996
2010-04-21,IWM,0.01354864,-0.022829812
2010-04-22,IWM,0.0069127884,-0.07006197
2010-04-23,IWM,0.010553103,-0.038773086
2010-04-26,IWM,0.010577804,0.09424107
2010-04-27,IWM,-0.0037842996,-0.007887582
2010-04-28,IWM,-0.023150133,-0.08203746
2010-04-29,IWM,0.00166159,-0.039707404
2010-04-30,IWM,0.020946758,-0.022923203
2010-05-03,IWM,-0.029701069,0.07322857
2010-05-04,IWM,0.022221602,0.017871005
2010-05-05,IWM,-0.03189842,-0.07236964
2010-05-06,IWM,-0.014764607,-0.023775322
2010-05-07,IWM,-0.038191494,0.0063754586
2010-05-10,IWM,-0.029249785,-0.030943464
2010-05-11,IWM,0.05463074,0.012255115
2010-05-12,IWM,0.0066416645,0.00023923218
2010-05-13,IWM,0.030191507,0.06969265
2010-05-14,IWM,-0.00968089,-0.01880544
2010-05-17,IWM,-0.019503785,-0.0033854353
2010-05-18,IWM,0.001867146,0.03723058
2010-05-19,IWM,-0.019415272,-0.026019474
2010-05-20,IWM,-0.011921548,0.071924396
2010-05-21,IWM,-0.051963687,0.044070594
2010-05-24,IWM,0.014707286,-0.054175243
2010-05-25,IWM,-0.013460402,0.010783865
2010-05-26,IWM,-0.00015577537,-0.050556727
2010-05-27,IWM,0.0024117955,-0.00779064
2010-05-28,IWM,0.042073835,-0.03083996
2010-05-31,IWM,-0.0128975995,-0.11535115
2010-06-01,IWM,0.0,0.028008588
2010-06-02,IWM,-0.030809395,0.044710763
2010-06-03,IWM,0.028088717,-0.0016117262
2010-06-04,IWM,0.01278309,0.08029647
2010-06-07,IWM,-0.051592205,0.034284197
2010-06-08,IWM,-0.026062444,-0.01243204
2010-06-09,IWM,-0.00048461353,0.018545829
2010-06-10,IWM,0.0006460992,0.11132497
2010-06-11,IWM,0.033971522,-0.03612731
2010-06-14,IWM,0.013487531,-0.047278907
2010-06-15,IWM,0.0062936735,-0.018633382
2010-06-16,IWM,0.024785914,0.03025072
2010-06-17,IWM,-0.0046382966,0.002116342
2010-06-18,IWM,0.0011990409,-0.0070487354
2010-06-21,IWM,0.00059898174,0.013009406
2010-06-22,IWM,-0.010417851,-0.08061124
2010-06-23,IWM,-0.02075153,0.008360468
2010-06-24,IWM,-0.002783794,-0.0184681
2010-06-25,IWM,-0.016080277,-0.05354544
2010-06-28,IWM,0.01700907,0.022834092
2010-06-29,IWM,-0.0057413457,0.12294926
2010-06-30,IWM,-0.03854867,-0.025485406
2010-07-01,IWM,-0.011631348,0.054155726
2010-07-02,IWM,-0.007143181,-0.02223332
2010-07-05,IWM,-0.014274102,0.012941283
2010-07-06,IWM,0.0,-0.07941892
2010-07-07,IWM,-0.013124873,0.018319614
2010-07-08,IWM,0.034296688,-0.0037999912
2010-07-09,IWM,0.014299886,0.068177074
2010-07-12,IWM,0.015370139,0.1181685
2010-07-13,IWM,-0.011344693,0.12445214
2010-07-14,IWM,0.031166011,-0.040969465
2010-07-15,IWM,-0.0035889873,-0.06306074
2010-07-16,IWM,-0.009265869,0.033817217
2010-07-19,IWM,-0.037127607,-0.0068439394
2010-07-20,IWM,0.0042483723,-0.03712755
2010-07-21,IWM,0.016646907,-0.026143603
2010-07-22,IWM,-0.018115455,-0.009168174
2010-07-23,IWM,0.0349787,0.018480299
2010-07-26,IWM,0.02430026,-0.06372784
2010-07-27,IWM,0.022520732,0.07254232
2010-07-28,IWM,-0.003617731,-0.0724237
2010-07-29,IWM,-0.016290229,0.016909223
2010-07-30,IWM,-0.0026127733,-0.01952881
2010-08-02,IWM,0.00061538466,0.0771385
2010-08-03,IWM,0.017245093,-0.0074461475
2010-08-04,IWM,-0.00805948,0.016454563
2010-08-05,IWM,0.010460188,0.1308809
2010-08-06,IWM,-0.011832662,-0.05844164
2010-08-09,IWM,-0.0059692534,0.086247265
2010-08-10,IWM,0.010992477,-0.00072197773
2010-08-11,IWM,-0.019007316,-0.13121898
2010-08-12,IWM,-0.040100083,0.022681536
2010-08-13,IWM,-0.005006066,-0.002632941
2010-08-16,IWM,-0.011397063,-0.024606043
2010-08-17,IWM,0.007991562,0.0009389722
2010-08-18,IWM,0.017072408,0.011410606
2010-08-19,IWM,0.0030295805,0.02769694
2010-08-20,IWM,-0.02776611,0.015848193
2010-08-23,IWM,0.0009816755,0.0008643654
2010-08-24,IWM,-0.013666138,0.0010687854
2010-08-25,IWM,-0.01150492,0.16793789
2010-08-26,IWM,0.014978655,-0.00818678
2010-08-27,IWM,-0.0074604503,-0.003708836
2010-08-30,IWM,0.025796222,0.0022762727
2010-08-31,IWM,-0.022141125,-0.009840447
2010-09-01,IWM,-0.0019920326,-0.15224512
2010-09-02,IWM,0.037986472,0.08622731
2010-09-03,IWM,0.010977757,-0.007513933
2010-09-06,IWM,0.017721783,-0.01913042
2010-09-07,IWM,0.0,0.0388132
2010-09-08,IWM,-0.01914685,0.057102576
2010-09-09,IWM,0.00584566,-0.04497617
2010-09-10,IWM,0.00062992127,-0.053827703
2010-09-13,IWM,0.0031436682,0.026145423
2010-09-14,IWM,0.024034027,0.081824385
2010-09-15,IWM,-0.004299101,0.007037315
2010-09-16,IWM,0.005638788,-0.020753004
2010-09-17,IWM,-0.0064084334,-0.012380727
2010-09-20,IWM,0.004149065,-0.104640506
2010-09-21,IWM,0.027415553,0.018250955
2010-09-22,IWM,-0.0058734575,0.017903814
2010-09-23,IWM,-0.01192737,0.020809758
2010-09-24,IWM,-0.014688146,-0.017933218
2010-09-27,IWM,0.032003943,-0.08703223
2010-09-28,IWM,-0.0025409176,0.04664527
2010-09-29,IWM,0.009828821,0.020769887
2010-09-30,IWM,0.0028116927,-0.014921856
2010-10-01,IWM,-0.0025153523,0.019221807
2010-10-04,IWM,0.0053191613,-0.05032499
2010-10-05,IWM,-0.013650063,0.05793116
2010-10-06,IWM,0.027988276,-0.016498322
2010-10-07,IWM,-0.0033466746,0.02563417
2010-10-08,IWM,-0.002919284,-0.049218606
2010-10-11,IWM,0.012637251,0.03288895
2010-10-12,IWM,0.000865676,-0.0036819957
2010-10-13,IWM,0.0025925408,0.100913405
2010-10-14,IWM,0.015132337,-0.022162613
2010-10-15,IWM,-0.00070866704,-0.009960534
2010-10-18,IWM,-0.0034086101,0.081880964
2010-10-19,IWM,0.008358765,-0.039472755
2010-10-20,IWM,-0.019661553,0.030641608
2010-10-21,IWM,0.010163998,-0.044293962
2010-10-22,IWM,-0.0048543783,-0.08783183
2010-10-25,IWM,0.006419881,0.027169324
2010-10-26,IWM,0.0059549306,-0.004425194
2010-10-27,IWM,-0.0007070636,-0.02924887
2010-10-28,IWM,-0.0025495763,0.023431988
2010-10-29,IWM,-0.006117097,0.028651288
2010-11-01,IWM,0.0031343522,0.058960725
2010-11-02,IWM,-0.0068512973,-0.026690468
2010-11-03,IWM,0.02055498,0.031162295
2010-11-04,IWM,0.0039210245,-0.019460201
2010-11-05,IWM,0.024982322,-0.011184488
2010-11-08,IWM,0.005573317,0.03881357
2010-11-09,IWM,-0.00077975355,0.019582486
2010-11-10,IWM,-0.013418437,0.027826665
2010-11-11,IWM,0.011075522,-0.0027278943
2010-11-12,IWM,-0.0039512278,0.008150453
2010-11-15,IWM,-0.01679555,0.017871134
2010-11-16,IWM,0.0001388214,0.038577825
2010-11-17,IWM,-0.019624963,0.060976587
2010-11-18,IWM,0.0026860835,-0.037699245
2010-11-19,IWM,0.019295901,0.24809434
2010-11-22,IWM,0.0033181284,-0.02441945
2010-11-23,IWM,0.0048467587,0.0328161
2010-11-24,IWM,-0.009585367,0.0128422575
2010-11-25,IWM,0.02225171,-0.055123948
2010-11-26,IWM,0.0,0.020189656
2010-11-29,IWM,-0.0069411644,0.013002646
2010-11-30,IWM,0.0015011944,0.02328121
2010-12-01,IWM,-0.007940896,0.0323919
2010-12-02,IWM,0.022158183,0.041559912
2010-12-03,IWM,0.010032858,0.058456056
2010-12-06,IWM,0.0071618343,0.001245883
2010-12-07,IWM,0.0061919703,-0.019526461
2010-12-08,IWM,0.005762195,-0.008429514
2010-12-09,IWM,-0.00065312523,0.13393062
2010-12-10,IWM,0.0033916025,-0.028119447
2010-12-13,IWM,0.012359817,0.018661471
2010-12-14,IWM,-0.0050936635,-0.06225388
2010-12-15,IWM,-0.00051726366,0.061724555
2010-12-16,IWM,-0.0031092134,0.039872374
2010-12-17,IWM,0.009170229,-0.0015651777
2010-12-20,IWM,0.0030808754,0.105584815
2010-12-21,IWM,0.003965467,-0.048597425
2010-12-22,IWM,0.011058253,0.044234704
2010-12-23,IWM,-0.004822153,0.10856675
2010-12-24,IWM,-0.001269519,-0.007301672
2010-12-27,IWM,0.0,-0.076245934
2010-12-28,IWM,0.0030441424,0.03072902
2010-12-29,IWM,-0.0027901097,0.031441923
2010-12-30,IWM,0.002156677,0.10778966
2010-12-31,IWM,-0.0019027088,0.009349807
2010-01-01,EEM,0.003379197,0.016143199
2010-01-04,EEM,0.0,0.022498837
2010-01-05,EEM,0.028739657,0.06941329
2010-01-06,EEM,0.007232039,0.075852685
2010-01-07,EEM,0.0020898648,-0.044431746
2010-01-08,EEM,-0.0058159987,0.029587766
2010-01-11,EEM,0.007901506,0.023869516
2010-01-12,EEM,-0.0020855065,0.027609529
2010-01-13,EEM,-0.016135039,0.065349944
2010-01-14,EEM,0.003059906,0.043630112
2010-01-15,EEM,-0.0025885412,-0.0795246
2010-01-18,EEM,-0.0116295675,0.05662408
2010-01-19,EEM,0.0,0.08933899
2010-01-20,EEM,0.020076357,0.023704566
2010-01-21,EEM,-0.024359724,0.008677012
2010-01-22,EEM,-0.030691236,0.043994557
2010-01-25,EEM,-0.022405531,0.013735248
2010-01-26,EEM,0.007294712,0.008302604
2010-01-27,EEM,-0.021021415,0.09880804
2010-01-28,EEM,-0.0025627897,-0.016553067
2010-01-29,EEM,-0.0069525195,-0.004294709
2010-02-01,EEM,-0.010912034,0.02923225
2010-02-02,EEM,0.026551373,-0.001218679
2010-02-03,EEM,0.008107468,-0.014169782
2010-02-04,EEM,-0.005820591,-0.011868617
2010-02-05,EEM,-0.046229992,0.02820959
2010-02-08,EEM,-0.011227063,-0.0041292696
2010-02-09,EEM,-0.0099960305,0.051399145
2010-02-10,EEM,0.03206259,0.020389913
2010-02-11,EEM,-0.0026329663,-0.05045394
2010-02-12,EEM,0.026022807,0.004480922
2010-02-15,EEM,-0.0126665775,0.005230505
2010-02-16,EEM,0.0,0.022369603
2010-02-17,EEM,0.025428364,-0.004198732
2010-02-18,EEM,0.0035443075,0.0046757753
2010-02-19,EEM,0.0037835839,-0.035410818
2010-02-22,EEM,-0.008596766,0.014494264
2010-02-23,EEM,0.0012688746,0.012492672
2010-02-24,EEM,-0.023349361,0.035611622
2010-02-25,EEM,0.0095595615,-0.057648633
2010-02-26,EEM,-0.008262376,0.042824686
2010-03-01,EEM,0.010060706,-0.004391124
2010-03-02,EEM,0.016798563,0.054297127
2010-03-03,EEM,0.011194053,0.052525297
2010-03-04,EEM,0.0013468687,0.09439916
2010-03-05,EEM,-0.005248044,0.0056534777
2010-03-08,EEM,0.025724892,-0.003715603
2010-03-09,EEM,0.0007323325,0.002093747
2010-03-10,EEM,0.0055968026,0.011656554
2010-03-11,EEM,0.007012482,0.027648188
2010-03-12,EEM,0.00024093482,-0.030170057
2010-03-15,EEM,-0.0033783815,0.010857313
2010-03-16,EEM,-0.0072780526,0.024604617
2010-03-17,EEM,0.01282224,0.13250667
2010-03-18,EEM,0.0107592195,-0.0055418606
2010-03-19,EEM,-0.007639092,-0.02664412
2010-03-22,EEM,-0.0130247865,0.049137704
2010-03-23,EEM,0.0036350458,-0.02062457
2010-03-24,EEM,0.006990507,0.047491804
2010-03-25,EEM,-0.015005122,0.0060254433
2010-03-26,EEM,-0.0026858763,0.079624936
2010-03-29,EEM,0.0048780586,0.023236396
2010-03-30,EEM,0.017844697,0.021341207
2010-03-31,EEM,0.0038167986,0.041728992
2010-04-01,EEM,0.0029124215,0.007726525
2010-04-02,EEM,0.025721312,0.03834595
2010-04-05,EEM,0.0,0.0082792975
2010-04-06,EEM,0.008983131,0.0075500757
2010-04-07,EEM,0.0029765335,0.020128397
2010-04-08,EEM,-0.008725658,0.018397415
2010-04-09,EEM,0.0035108961,0.0031145748
2010-04-12,EEM,0.0061288388,0.013275545
2010-04-13,EEM,-0.0080266455,0.020912405
2010-04-14,EEM,-0.0020744505,0.0030460304
2010-04-15,EEM,0.014658989,0.028669106
2010-04-16,EEM,-0.00547197,0.037834104
2010-04-19,EEM,-0.029700559,0.009670434
2010-04-20,EEM,-0.0040118047,0.041101683
2010-04-21,EEM,0.011753779,-0.011044416
2010-04-22,EEM,-0.0032771565,-0.021974133
2010-04-23,EEM,0.0042115175,-0.037817482
2010-04-26,EEM,0.0053557004,0.15173414
2010-04-27,EEM,0.0,0.018729115
2010-04-28,EEM,-0.036539685,-0.0065782736
2010-04-29,EEM,0.008514772,-0.012843166
2010-04-30,EEM,0.016345264,-0.01573892
2010-05-03,EEM,-0.0120554585,0.036521483
2010-05-04,EEM,0.0054547745,-0.011162972
2010-05-05,EEM,-0.04697063,-0.014748568
2010-05-06,EEM,-0.01826192,0.084453754
2010-05-07,EEM,-0.04175601,0.004171574
2010-05-10,EEM,0.005248102,-0.021982051
2010-05-11,EEM,0.06953388,0.025819987
2010-05-12,EEM,-0.018240584,-0.025997259
2010-05-13,EEM,0.012361097,-0.017977381
2010-05-14,EEM,-0.009380469,0.026514778
2010-05-17,EEM,-0.020800149,-0.01716642
2010-05-18,EEM,-0.006096031,0.0027862962
2010-05-19,EEM,-0.021178095,-0.008847001
2010-05-20,EEM,-0.009609487,0.03204546
2010-05-21,EEM,-0.05107206,0.020933716
2010-05-24,EEM,0.03197334,0.07037201
2010-05-25,EEM,-0.01049949,-0.031558163
2010-05-26,EEM,-0.010884461,-0.074954875
2010-05-27,EEM,-0.0005473454,0.010135001
2010-05-28,EEM,0.058738817,0.03886042
2010-05-31,EEM,-0.016658375,0.005209202
2010-06-01,EEM,0.0,0.009075946
2010-06-02,EEM,-0.018409897,0.041584738
2010-06-03,EEM,0.03429358,0.10230267
2010-06-04,EEM,-0.0036231924,0.013346105
2010-06-07,EEM,-0.036166012,-0.024256825
2010-06-08,EEM,-0.015714223,-0.013992133
2010-06-09,EEM,0.022679158,0.021902679
2010-06-10,EEM,-0.005353332,0.097681805
2010-06-11,EEM,0.034295104,-0.046287473
2010-06-14,EEM,0.005173317,0.061311416
2010-06-15,EEM,0.00025796465,0.01676084
2010-06-16,EEM,0.029731575,0.029256348
2010-06-17,EEM,0.0,0.005831162
2010-06-18,EEM,-0.005020091,0.013852913
2010-06-21,EEM,0.0045192144,-0.024683693
2010-06-22,EEM,0.01713689,0.02105856
2010-06-23,EEM,-0.019393945,-0.23448732
2010-06-24,EEM,-0.0040251627,0.04999391
2010-06-25,EEM,-0.017803116,-0.0021462187
2010-06-28,EEM,0.011734828,-0.045167003
2010-06-29,EEM,-0.0068711303,-0.025513148
2010-06-30,EEM,-0.041449957,-0.021815643
2010-07-01,EEM,-0.0066764834,-0.036812585
2010-07-02,EEM,0.0072086817,0.19341464
2010-07-05,EEM,0.004247418,-0.11334697
2010-07-06,EEM,0.0,-0.037118938
2010-07-07,EEM,0.018373221,0.007539046
2010-07-08,EEM,0.021865822,0.061201196
2010-07-09,EEM,0.0048229564,-0.082990706
2010-07-12,EEM,0.0122067835,-0.05793653
2010-07-13,EEM,-0.008163311,0.12644976
2010-07-14,EEM,0.011534732,-0.02300088
2010-07-15,EEM,-0.0019965067,-0.02427883
2010-07-16,EEM,-0.00475774,0.082959086
2010-07-19,EEM,-0.030324658,0.010440086
2010-07-20,EEM,0.013109042,-0.02605143
2010-07-21,EEM,0.02322164,-0.007395855
2010-07-22,EEM,-0.010282222,0.0013544852
2010-07-23,EEM,0.029801063,0.027358353
2010-07-26,EEM,0.0068276296,-0.02394356
2010-07-27,EEM,0.006781329,-0.06248704
2010-07-28,EEM,-0.0016910259,-0.021954631
2010-07-29,EEM,-0.005576448,-0.017011177
2010-07-30,EEM,0.0017004741,0.02760923
2010-08-02,EEM,0.0048426245,-0.023954116
2010-08-03,EEM,0.025634786,0.12097896
2010-08-04,EEM,-0.004838053,0.019124456
2010-08-05,EEM,0.0014184399,-0.03462519
2010-08-06,EEM,-0.004498646,0.015397771
2010-08-09,EEM,-0.00142484,0.07550729
2010-08-10,EEM,0.0052145175,0.005415974
2010-08-11,EEM,-0.013806456,-0.0033099274
2010-08-12,EEM,-0.0323984,0.005655738
2010-08-13,EEM,0.0017316021,0.012239548
2010-08-16,EEM,0.0054227393,0.07132786
2010-08-17,EEM,0.00929784,0.017345576
2010-08-18,EEM,0.010418023,0.01564008
2010-08-19,EEM,-0.00072332734,0.040788677
2010-08-20,EEM,-0.007748223,-0.006342436
2010-08-23,EEM,-0.0029211317,-0.0067119906
2010-08-24,EEM,-0.0090609165,0.058818646
2010-08-25,EEM,-0.012874652,0.039581757
2010-08-26,EEM,-0.006500023,0.008228451
2010-08-27,EEM,-0.00629012,0.04057429
2010-08-30,EEM,0.021720989,0.012204846
2010-08-31,EEM,-0.016685732,0.068764955
2010-09-01,EEM,0.0060090316,-0.022948643
2010-09-02,EEM,0.034591943,0.058331273
2010-09-03,EEM,0.0016865442,0.013390234
2010-09-06,EEM,0.01172683,0.12564355
2010-09-07,EEM,0.0,0.055227246
2010-09-08,EEM,-0.014619793,0.03732747
2010-09-09,EEM,0.010757956,-0.011379154
2010-09-10,EEM,0.005810924,0.010076006
2010-09-13,EEM,0.0035082765,0.056980573
2010-09-14,EEM,0.023618542,0.03392497
2010-09-15,EEM,-0.00046232087,-0.13971932
2010-09-16,EEM,0.0013863218,-0.26600838
2010-09-17,EEM,-0.0050926036,0.016291639
2010-09-20,EEM,-0.0016258277,-0.017156819
2010-09-21,EEM,0.015682979,-0.08328799
2010-09-22,EEM,-0.002979262,0.012762241
2010-09-23,EEM,0.00068831025,0.0640543
2010-09-24,EEM,-0.0064427285,0.07966819
2010-09-27,EEM,0.018298773,0.0065548504
2010-09-28,EEM,-0.0018716507,0.05012156
2010-09-29,EEM,0.007296619,0.03649171
2010-09-30,EEM,0.0033757205,-0.006719092
2010-10-01,EEM,0.0058243894,-0.009441568
2010-10-04,EEM,0.014634407,-0.040518284
2010-10-05,EEM,-0.003086422,0.081766926
2010-10-06,EEM,0.017943589,-0.0055643264
2010-10-07,EEM,-0.00043383948,0.16528688
2010-10-08,EEM,-0.008935441,-0.008701621
2010-10-11,EEM,0.011968372,0.11066984
2010-10-12,EEM,-0.0006491399,0.0066391868
2010-10-13,EEM,-0.004121034,-0.012961143
2010-10-14,EEM,0.018198963,0.05689292
2010-10-15,EEM,-0.0017088545,0.017761307
2010-10-18,EEM,-0.0011765336,-0.013095208
2010-10-19,EEM,0.0004279906,-0.068683505
2010-10-20,EEM,-0.03217669,0.026958767
2010-10-21,EEM,0.01578288,0.0339598
2010-10-22,EEM,0.0,-0.002155418
2010-10-25,EEM,0.0010868385,-0.013083731
2010-10-26,EEM,0.010803908,-0.003941479
2010-10-27,EEM,-0.0008600302,0.022172
2010-10-28,EEM,-0.017138937,0.048554346
2010-10-29,EEM,0.0063256836,0.013204679
2010-11-01,EEM,0.002822714,-0.027096508
2010-11-02,EEM,0.0109974155,-0.018207615
2010-11-03,EEM,0.012255709,-0.12125363
2010-11-04,EEM,0.006229892,0.079950914
2010-11-05,EEM,0.022482213,-0.0006286515
2010-11-08,EEM,-0.0018543325,0.00583107
2010-11-09,EEM,-0.0040295557,0.030832052
2010-11-10,EEM,-0.012816013,-0.003585705
2010-11-11,EEM,0.007313793,0.004011823
2010-11-12,EEM,-0.009833744,0.026313841
2010-11-15,EEM,-0.024477119,-0.0062753605
2010-11-16,EEM,-0.00043103448,0.027920665
2010-11-17,EEM,-0.026706116,-0.087886564
2010-11-18,EEM,0.0051343036,-0.039869834
2010-11-19,EEM,0.023510007,-0.010681427
2010-11-22,EEM,0.0006452307,0.02109766
2010-11-23,EEM,-0.0030146448,0.022164358
2010-11-24,EEM,-0.032214902,0.05871854
2010-11-25,EEM,0.022789558,-0.086063445
2010-11-26,EEM,0.0,-0.073457345
2010-11-29,EEM,-0.025019214,0.004430074
2010-11-30,EEM,0.0077821403,0.0051722345
2010-12-01,EEM,-0.008228669,0.0010014274
2010-12-02,EEM,0.02829183,-0.05418741
2010-12-03,EEM,0.019455658,-0.0092626605
2010-12-06,EEM,0.0036127975,-0.0103573
2010-12-07,EEM,-0.0016985142,0.016501252
2010-12-08,EEM,-0.0046858448,0.15246764
2010-12-09,EEM,-0.0064253807,-0.0044688922
2010-12-10,EEM,-0.0033360268,0.03625085
2010-12-13,EEM,0.0044097947,-0.010041354
2010-12-14,EEM,0.006418507,0.09058114
2010-12-15,EEM,0.0014917424,-0.012993784
2010-12-16,EEM,-0.016316377,0.016878765
2010-12-17,EEM,0.0028099013,0.017148877
2010-12-20,EEM,0.0016175127,0.22316457
2010-12-21,EEM,-0.004752142,0.012934501
2010-12-22,EEM,0.0067972424,0.013270413
2010-12-23,EEM,0.0034885316,-0.046838623
2010-12-24,EEM,-0.0011257338,-0.0072869207
2010-12-27,EEM,0.0,0.04055835
2010-12-28,EEM,-0.003223383,0.0107751675
2010-12-29,EEM,0.00086058525,0.011515487
2010-12-30,EEM,0.012183542,0.04167801
2010-12-31,EEM,0.0050858343,-0.018618662
2010-01-01,TLT,-0.0047722193,0.15641242
2010-01-04,TLT,0.0,0.35236165
2010-01-05,TLT,-0.0008903729,0.20524126
2010-01-06,TLT,0.006437314,-0.20476
2010-01-07,TLT,-0.013476843,0.22119185
2010-01-08,TLT,0.0016805786,0.5
2010-01-11,TLT,-0.00044787818,0.32173347
2010-01-12,TLT,-0.0055028494,-0.07605187
2010-01-13,TLT,0.01697227,0.13903904
2010-01-14,TLT,-0.011693435,-0.018657558
2010-01-15,TLT,0.013905335,0.1556909
2010-01-18,TLT,0.0061674207,-0.26622728
2010-01-19,TLT,0.0,-0.01046068
2010-01-20,TLT,-0.0028587156,-0.27925175
2010-01-21,TLT,0.010078964,-0.015457989
2010-01-22,TLT,0.004567708,-0.049732793
2010-01-25,TLT,-0.0017376199,0.18647175
2010-01-26,TLT,-0.0045756698,-0.15574099
2010-01-27,TLT,0.0003275288,-0.06357235
2010-01-28,TLT,-0.00054594094,0.037682813
2010-01-29,TLT,-0.00054623914,-0.053952202
2010-02-01,TLT,0.008704222,-0.060643207
2010-02-02,TLT,-0.012645977,0.22714233
2010-02-03,TLT,0.0028483805,-0.057676576
2010-02-04,TLT,-0.011663864,0.11519892
2010-02-05,TLT,0.015703391,-0.41752988
2010-02-08,TLT,0.0021767532,-0.23878062
2010-02-09,TLT,0.0013037812,0.33333334
2010-02-10,TLT,-0.010039369,0.111880116
2010-02-11,TLT,-0.009587378,0.2908642
2010-02-12,TLT,-0.0054405285,-0.33333334
2010-02-15,TLT,0.0041108886,-0.33333334
2010-02-16,TLT,0.0,-0.33333334
2010-02-17,TLT,0.0018831354,0.5
2010-02-18,TLT,-0.011464314,-0.30573422
2010-02-19,TLT,-0.0040381434,-0.33333334
2010-02-22,TLT,0.0053805755,0.29183713
2010-02-23,TLT,-0.0041449675,-0.14493488
2010-02-24,TLT,0.015483461,-0.024978507
2010-02-25,TLT,0.0024287933,-0.02413313
2010-02-26,TLT,0.0056077996,-0.23601761
2010-03-01,TLT,0.0051402748,0.2582044
2010-03-02,TLT,-0.0036063641,0.035783093
2010-03-03,TLT,-0.0013146364,-0.1671863
2010-03-04,TLT,-0.002524561,0.0003631452
2010-03-05,TLT,0.0052614394,0.0057590934
2010-03-08,TLT,-0.01320587,-0.15640539
2010-03-09,TLT,-0.005220204,-0.051347546
2010-03-10,TLT,0.00022269235,0.21745901
2010-03-11,TLT,-0.002563961,-0.063324645
2010-03-12,TLT,0.0036766795,0.2038364
2010-03-15,TLT,0.006208446,-0.21292178
2010-03-16,TLT,-0.0013271403,0.30383304
2010-03-17,TLT,0.007936549,-0.24949613
2010-03-18,TLT,0.0042728083,-0.22370555
2010-03-19,TLT,-0.003285154,-0.2980996
2010-03-22,TLT,0.0009866799,-0.10947605
2010-03-23,TLT,0.0010951704,-0.12235018
2010-03-24,TLT,-0.0047177663,-0.017814543
2010-03-25,TLT,-0.018424494,0.23648143
2010-03-26,TLT,-0.0064055957,-0.123177454
2010-03-29,TLT,0.0028145248,-0.31944546
2010-03-30,TLT,-0.003829696,0.14641513
2010-03-31,TLT,0.0031549323,0.008607325
2010-04-01,TLT,0.006838975,-0.060260676
2010-04-02,TLT,-0.0061642113,0.21094504
2010-04-05,TLT,0.0,-0.260744
2010-04-06,TLT,-0.016778536,0.21040785
2010-04-07,TLT,0.0015992692,0.04651518
2010-04-08,TLT,0.012702904,-0.05141804
2010-04-09,TLT,0.00045070425,-0.25895065
2010-04-12,TLT,0.0023628704,-0.047081698
2010-04-13,TLT,0.0052681845,0.18170676
2010-04-14,TLT,0.0032367907,0.34565896
2010-04-15,TLT,-0.007045039,0.0007085817
2010-04-16,TLT,0.0011215793,0.00086227735
2010-04-19,TLT,0.007259763,0.11619578
2010-04-20,TLT,-0.0024512548,-0.23422676
2010-04-21,TLT,0.0035634781,-0.2535189
2010-04-22,TLT,0.00819223,0.28766418
2010-04-23,TLT,-0.0029812863,0.33333334
2010-04-26,TLT,-0.0035449245,-0.19525723
2010-04-27,TLT,0.0011091394,0.00029398492
2010-04-28,TLT,0.013980083,0.008126308
2010-04-29,TLT,-0.008563012,-0.053471763
2010-04-30,TLT,0.004180884,-0.15262638
2010-05-03,TLT,0.011462382,-0.19254756
2010-05-04,TLT,-0.004787301,-0.31670457
2010-05-05,TLT,0.017835418,0.33333334
2010-05-06,TLT,0.0058751437,-0.10513933
2010-05-07,TLT,0.030419799,0.3812958
2010-05-10,TLT,-0.01258009,-0.0076965056
2010-05-11,TLT,-0.020933209,0.0011108678
2010-05-12,TLT,-0.0025673956,-0.3591711
2010-05-13,TLT,-0.0076340353,-0.093672775
2010-05-14,TLT,0.0065623387,0.085242085
2010-05-17,TLT,0.017221645,-0.04762253
2010-05-18,TLT,-0.0036956908,0.024776563
2010-05-19,TLT,0.015222592,-0.31643423
2010-05-20,TLT,0.0033284824,-0.28023988
2010-05-21,TLT,0.02086085,0.27868846
2010-05-24,TLT,0.0010164669,0.26523212
2010-05-25,TLT,-0.003460211,0.33333334
2010-05-26,TLT,0.004881531,-0.0627732
2010-05-27,TLT,-0.002844663,-0.056600146
2010-05-28,TLT,-0.022949297,-0.2701769
2010-05-31,TLT,0.004570012,0.27292362
2010-06-01,TLT,0.0,0.1031283
2010-06-02,TLT,0.0036203815,0.30373937
2010-06-03,TLT,-0.0095446315,0.1283537
2010-06-04,TLT,-0.0073237405,-0.055439465
2010-06-07,TLT,0.026527304,0.21915862
2010-06-08,TLT,0.0076402347,-0.19948103
2010-06-09,TLT,-0.0049850047,-0.1790348
2010-06-10,TLT,-0.0011225063,-0.21999031
2010-06-11,TLT,-0.018029643,0.2286315
2010-06-14,TLT,0.012603473,0.005348674
2010-06-15,TLT,-0.005146162,-0.001903301
2010-06-16,TLT,-0.0041360827,-0.048792597
2010-06-17,TLT,0.0056827143,0.059947323
2010-06-18,TLT,0.00810635,-0.1716818
2010-06-21,TLT,-0.0016364942,-0.33333334
2010-06-22,TLT,-0.0028703248,0.11828557
2010-06-23,TLT,0.011838081,0.32458764
2010-06-24,TLT,0.006774203,-0.36169073
2010-06-25,TLT,-0.0059629264,-0.20673981
2010-06-28,TLT,0.0040465407,-0.048740342
2010-06-29,TLT,0.009345393,-0.041720193
2010-06-30,TLT,0.01084318,0.0071636015
2010-07-01,TLT,0.0067054783,-0.21046694
2010-07-02,TLT,-0.0014752892,-0.29509836
2010-07-05,TLT,-0.008004391,0.3328069
2010-07-06,TLT,0.0,0.25911817
2010-07-07,TLT,0.008201222,-0.17848516
2010-07-08,TLT,-0.011779399,0.054247558
2010-07-09,TLT,-0.0063929893,0.17105587
2010-07-12,TLT,-0.005728371,-0.2110285
2010-07-13,TLT,-0.0004032258,0.21639638
2010-07-14,TLT,-0.008607212,-0.13542898
2010-07-15,TLT,0.010017792,-0.2026287
2010-07-16,TLT,0.00991843,-0.0024106617
2010-07-19,TLT,0.0048729647,0.009056765
2010-07-20,TLT,-0.0061697876,0.07209461
2010-07-21,TLT,0.001496185,-0.18120955
2010-07-22,TLT,0.016802134,0.22777015
2010-07-23,TLT,-0.011632623,0.15726577
2010-07-26,TLT,-0.010666502,0.059919447
2010-07-27,TLT,-0.0017052012,0.03671916
2010-07-28,TLT,-0.009684329,0.113180645
2010-07-29,TLT,0.0032385415,0.1468061
2010-07-30,TLT,-0.0003031681,0.3869074
2010-08-02,TLT,0.015445097,0.057376485
2010-08-03,TLT,-0.0173673,-0.2777088
2010-08-04,TLT,0.0057555567,-0.02781581
2010-08-05,TLT,-0.007681461,-0.16576487
2010-08-06,TLT,0.0046563502,0.009018939
2010-08-09,TLT,0.010847837,0.002813473
2010-08-10,TLT,-0.0037031518,0.04577461
2010-08-11,TLT,0.0021034714,-0.19744633
2010-08-12,TLT,0.013318952,0.34408128
2010-08-13,TLT,-0.002471456,-0.037545152
2010-08-16,TLT,0.012394414,-0.24582951
2010-08-17,TLT,0.024718842,-0.11767952
2010-08-18,TLT,-0.005738897,-0.030035814
2010-08-19,TLT,0.002682251,0.0567406
2010-08-20,TLT,0.015473278,-0.08263561
2010-08-23,TLT,-0.0011310086,0.12504755
2010-08-24,TLT,0.00018859029,0.04423216
2010-08-25,TLT,0.01590156,0.16793789
2010-08-26,TLT,-0.0032532446,-0.19358003
2010-08-27,TLT,0.009359286,-0.34071758
2010-08-30,TLT,-0.028724434,0.027772903
2010-08-31,TLT,0.018955419,-0.19910395
2010-09-01,TLT,0.011059457,-0.05080572
2010-09-02,TLT,-0.023863921,-0.08303132
2010-09-03,TLT,-0.010622255,0.037172206
2010-09-06,TLT,-0.012472578,-0.17868817
2010-09-07,TLT,0.0,-0.42115003
2010-09-08,TLT,0.020260632,-0.28751493
2010-09-09,TLT,-0.007978765,-0.24024726
2010-09-10,TLT,-0.019938055,0.20570879
2010-09-13,TLT,-0.0045829145,-0.043672986
2010-09-14,TLT,0.0049233567,-0.20790863
2010-09-15,TLT,0.009533791,-0.0962461
2010-09-16,TLT,-0.014945931,0.033060674
2010-09-17,TLT,-0.009924908,-0.26396903
2010-09-20,TLT,0.004040808,0.15417013
2010-09-21,TLT,0.0057863155,0.07898361
2010-09-22,TLT,0.013790643,-0.30724916
2010-09-23,TLT,0.008929917,-0.22243339
2010-09-24,TLT,0.0028827542,-0.09599574
2010-09-27,TLT,-0.013550291,0.14009637
2010-09-28,TLT,0.017241806,-0.11286805
2010-09-29,TLT,0.0068143364,0.33333334
2010-09-30,TLT,-0.0041587963,0.35840023
2010-10-01,TLT,-0.00066322426,-0.030633796
2010-10-04,TLT,-0.008566585,-0.21812774
2010-10-05,TLT,0.0025776902,-0.19683945
2010-10-06,TLT,-0.0060249786,-0.2644227
2010-10-07,TLT,0.012487651,-0.40232307
2010-10-08,TLT,-0.008371434,-0.045490563
2010-10-11,TLT,-0.0044040284,0.5
2010-10-12,TLT,0.00019188333,0.33333334
2010-10-13,TLT,-0.009930185,-0.289096
2010-10-14,TLT,-0.0015514402,-0.33075935
2010-10-15,TLT,-0.015076694,0.03416418
2010-10-18,TLT,-0.012271065,-0.048707686
2010-10-19,TLT,0.008045735,-0.16095977
2010-10-20,TLT,0.0060166875,0.08673206
2010-10-21,TLT,0.002161101,-0.0003996477
2010-10-22,TLT,-0.011944271,0.23701675
2010-10-25,TLT,0.0067300336,0.21007285
2010-10-26,TLT,0.0028564413,-0.45620424
2010-10-27,TLT,-0.015562588,0.25
2010-10-28,TLT,-0.00883008,-0.5
2010-10-29,TLT,0.0027175297,0.00039617313
2010-11-01,TLT,0.009304254,-0.2879748
2010-11-02,TLT,-0.0074966615,-0.21759473
2010-11-03,TLT,0.013057749,-0.04406952
2010-11-04,TLT,-0.020611035,0.060251117
2010-11-05,TLT,0.007753928,-0.2135573
2010-11-08,TLT,-0.017301995,-0.093928136
2010-11-09,TLT,0.004480659,0.33333334
2010-11-10,TLT,-0.022295061,0.006766688
2010-11-11,TLT,0.0013497381,-0.33333334
2010-11-12,TLT,-0.0005189144,0.18125664
2010-11-15,TLT,-0.005412733,-0.15052427
2010-11-16,TLT,-0.021095604,0.33333334
2010-11-17,TLT,0.0245132,0.33311078
2010-11-18,TLT,-0.005507242,0.41661036
2010-11-19,TLT,0.004070774,-0.19586502
2010-11-22,TLT,0.0061270245,-0.22852539
2010-11-23,TLT,0.004235762,-0.1988901
2010-11-24,TLT,0.0049362504,0.23794839
2010-11-25,TLT,-0.018011045,-0.33333334
2010-11-26,TLT,0.0,0.29533425
2010-11-29,TLT,0.013796184,-0.14540316
2010-11-30,TLT,0.008514182,0.20047332
2010-12-01,TLT,0.005195875,0.31199506
2010-12-02,TLT,-0.02589901,0.111194186
2010-12-03,TLT,-0.002652272,-0.12359938
2010-12-06,TLT,-0.007872816,0.32940793
2010-12-07,TLT,0.014022834,-0.18963316
2010-12-08,TLT,-0.0216395,-0.08427075
2010-12-09,TLT,-0.009710368,-0.29944494
2010-12-10,TLT,0.0049203224,0.20140779
2010-12-13,TLT,-0.0061005168,0.33333334
2010-12-14,TLT,0.0037503392,-0.025897214
2010-12-15,TLT,-0.014706544,-0.049653128
2010-12-16,TLT,-0.013054945,-0.29412273
2010-12-17,TLT,0.0069037587,-0.5
2010-12-20,TLT,0.018073106,-0.26507583
2010-12-21,TLT,-0.0010730766,0.19443941
2010-12-22,TLT,0.006954503,-0.16109826
2010-12-23,TLT,-0.0071692565,-0.043751124
2010-12-24,TLT,-0.0020424624,-0.255026
2010-12-27,TLT,0.0,0.12858744
2010-12-28,TLT,0.008891804,0.26338544
2010-12-29,TLT,-0.02319789,0.15308644
2010-12-30,TLT,0.016778009,-0.31546557
2010-12-31,TLT,-0.0007516779,-0.23623528
2010-01-01,USO,0.0035705215,0.0075572673
2010-01-04,USO,0.0,-0.033868693
2010-01-05,USO,0.02489129,0.013855789
2010-01-06,USO,0.0034705042,0.008347715
2010-01-07,USO,0.013762812,0.0030407074
2010-01-08,USO,-0.0061207195,0.008260321
2010-01-11,USO,0.005143918,-0.017430894
2010-01-12,USO,-0.00957415,-0.23898596
2010-01-13,USO,-0.022702733,-0.014761861
2010-01-14,USO,-0.010654591,-0.007187683
2010-01-15,USO,-0.003832891,-0.33333334
2010-01-18,USO,-0.017041465,-0.011646405
2010-01-19,USO,0.0,0.03288902
2010-01-20,USO,0.013707702,0.06452852
2010-01-21,USO,-0.027077937,-0.0042542038
2010-01-22,USO,-0.017303772,-0.16552654
2010-01-25,USO,-0.02446439,-0.025342934
2010-01-26,USO,0.012850485,0.019659135
2010-01-27,USO,-0.008457287,-0.031671967
2010-01-28,USO,-0.011573565,-0.010040109
2010-01-29,USO,0.0022148404,0.07120603
2010-02-01,USO,-0.014484933,0.040408373
2010-02-02,USO,0.029852964,0.021103598
2010-02-03,USO,0.021775749,-0.01710078
2010-02-04,USO,0.0032356407,0.015612394
2010-02-05,USO,-0.05038506,0.014703862
2010-02-08,USO,-0.01661776,0.06483193
2010-02-09,USO,-0.0034139436,0.03434474
2010-02-10,USO,0.031419136,0.0083624795
2010-02-11,USO,0.008250872,0.01344684
2010-02-12,USO,0.0073680235,0.003278961
2010-02-15,USO,-0.012861034,0.18094562
2010-02-16,USO,0.0,-0.12470533
2010-02-17,USO,0.039951332,0.0456171
2010-02-18,USO,0.004751857,0.03392469
2010-02-19,USO,0.01981812,0.019452602
2010-02-22,USO,0.009252186,-0.019717136
2010-02-23,USO,-0.0015360987,-0.0051855273
2010-02-24,USO,-0.018097702,0.33333334
2010-02-25,USO,0.017072324,-0.014475902
2010-02-26,USO,-0.022828488,-0.0062011685
2010-03-01,USO,0.018458864,0.014102156
2010-03-02,USO,-0.01218105,0.0042080637
2010-03-03,USO,0.011665719,0.03815534
2010-03-04,USO,0.01534557,-0.019149244
2010-03-05,USO,-0.0063653938,0.017690454
2010-03-08,USO,0.017721983,0.021493405
2010-03-09,USO,-0.0015067807,0.008743221
2010-03-10,USO,-0.00604993,0.004273741
2010-03-11,USO,0.00881063,0.026911978
2010-03-12,USO,0.0037523496,0.051632572
2010-03-15,USO,-0.013574869,0.013660451
2010-03-16,USO,-0.017360661,0.030005807
2010-03-17,USO,0.02442248,-0.018773925
2010-03-18,USO,0.0109973615,-0.017816478
2010-03-19,USO,-0.0077355346,0.1087345
2010-03-22,USO,-0.018200705,0.056497652
2010-03-23,USO,0.00914176,0.022463912
2010-03-24,USO,0.003532681,0.064387865
2010-03-25,USO,-0.019329188,-0.0041089067
2010-03-26,USO,-0.0010277493,0.30610505
2010-03-29,USO,-0.0018011068,0.0070017064
2010-03-30,USO,0.02868581,0.022846645
2010-03-31,USO,-0.00025028156,0.019815773
2010-04-01,USO,0.008474627,0.028400796
2010-04-02,USO,0.02330536,-0.051062666
2010-04-05,USO,0.0,0.0072773863
2010-04-06,USO,0.019926239,0.016332116
2010-04-07,USO,-0.0011892022,0.04849028
2010-04-08,USO,-0.011970457,0.081638455
2010-04-09,USO,-0.0019286409,0.021067634
2010-04-12,USO,-0.006536762,0.0028434389
2010-04-13,USO,-0.005846545,0.030065564
2010-04-14,USO,-0.0009777561,0.00986236
2010-04-15,USO,0.02105341,0.019449534
2010-04-16,USO,-0.0011980353,0.040935434
2010-04-19,USO,-0.026972841,0.0031796552
2010-04-20,USO,-0.012142387,-0.022368997
2010-04-21,USO,0.004725789,0.023176804
2010-04-22,USO,-0.0007446941,0.049257882
2010-04-23,USO,0.0007446941,0.052568518
2010-04-26,USO,0.016000342,-0.01277559
2010-04-27,USO,-0.014760416,0.008975311
2010-04-28,USO,-0.02458729,0.06712263
2010-04-29,USO,0.015125068,0.044256795
2010-04-30,USO,0.026418028,-0.062353197
2010-05-03,USO,0.007041428,-0.009245042
2010-05-04,USO,0.0031404784,-0.01663243
2010-05-05,USO,-0.04337792,0.035387427
2010-05-06,USO,-0.03564023,-0.02879901
2010-05-07,USO,-0.035878096,0.01753739
2010-05-10,USO,-0.01773968,0.04486366
2010-05-11,USO,0.025021702,0.019148964
2010-05-12,USO,-0.01270459,-0.016929507
2010-05-13,USO,0.00027199782,-0.08700265
2010-05-14,USO,-0.01755875,-0.10101176
2010-05-17,USO,-0.037218843,0.0027541844
2010-05-18,USO,-0.027079832,0.005096477
2010-05-19,USO,-0.012175354,0.063289665
2010-05-20,USO,0.0011943865,0.1066601
2010-05-21,USO,-0.03987745,0.014264395
2010-05-24,USO,0.0021715534,-0.060686905
2010-05-25,USO,-0.0031036648,-0.21627353
2010-05-26,USO,-0.009996959,-0.07204761
2010-05-27,USO,0.022968112,-0.0008329489
2010-05-28,USO,0.051431365,0.04064649
2010-05-31,USO,-0.00792993,-0.04921508
2010-06-01,USO,0.0,0.010289387
2010-06-02,USO,-0.025559641,0.009030293
2010-06-03,USO,0.018217616,-0.008821224
2010-06-04,USO,0.0138135925,0.00012149676
2010-06-07,USO,-0.047215223,-0.010555051
2010-06-08,USO,-0.0027577772,-0.070699885
2010-06-09,USO,0.018243132,-0.005390489
2010-06-10,USO,0.022640228,-0.018704124
2010-06-11,USO,0.023866093,-0.00893887
2010-06-14,USO,-0.015652493,0.10450561
2010-06-15,USO,0.002917155,0.01816861
2010-06-16,USO,0.025878385,0.14894174
2010-06-17,USO,0.0073529743,0.110307306
2010-06-18,USO,-0.009910884,0.01285612
2010-06-21,USO,0.0076541835,0.31184635
2010-06-22,USO,-0.0022618046,0.06022793
2010-06-23,USO,-0.0093844,-0.09219356
2010-06-24,USO,-0.02195351,-0.01833525
2010-06-25,USO,0.0043712733,0.0036076298
2010-06-28,USO,0.036263786,0.01088086
2010-06-29,USO,-0.012699479,-0.006246013
2010-06-30,USO,-0.029982068,-0.027918046
2010-07-01,USO,-0.006164705,-0.033631027
2010-07-02,USO,-0.032622974,-0.16112114
2010-07-05,USO,-0.008248099,0.0062134736
2010-07-06,USO,0.0,0.018325964
2010-07-07,USO,0.00030670143,0.07785375
2010-07-08,USO,0.03139407,-0.005746182
2010-07-09,USO,0.017089397,0.152997
2010-07-12,USO,0.003208403,-0.029492911
2010-07-13,USO,-0.016441945,-0.25297016
2010-07-14,USO,0.02802285,-0.0791144
2010-07-15,USO,-0.0023054765,5.0204694e-06
2010-07-16,USO,-0.002310804,0.03310706
2010-07-19,USO,-0.012220112,0.006807114
2010-07-20,USO,0.008743863,0.18749346
2010-07-21,USO,0.010392703,0.07116191
2010-07-22,USO,-0.017966291,0.008702282
2010-07-23,USO,0.03505099,-0.10162152
2010-07-26,USO,-0.000847338,0.03186312
2010-07-27,USO,-0.001130902,-0.024815377
2010-07-28,USO,-0.019423632,0.17650807
2010-07-29,USO,-0.008981663,0.0011028928
2010-07-30,USO,0.020167783,0.02363113
2010-08-02,USO,0.007954587,-0.010312911
2010-08-03,USO,0.031748697,-0.027791036
2010-08-04,USO,0.011718351,0.19493447
2010-08-05,USO,-0.000270966,0.11819325
2010-08-06,USO,-0.0051623536,0.011254021
2010-08-09,USO,-0.013990079,0.007877434
2010-08-10,USO,0.009074722,-0.24598548
2010-08-11,USO,-0.018232549,0.042488217
2010-08-12,USO,-0.03200953,-0.066814765
2010-08-13,USO,-0.02388695,-0.0031382546
2010-08-16,USO,-0.0038399103,0.048288144
2010-08-17,USO,-0.005341259,0.037057195
2010-08-18,USO,0.007706025,0.1938442
2010-08-19,USO,-0.0056254775,-0.043788575
2010-08-20,USO,-0.012849422,0.16367212
2010-08-23,USO,-0.0090635065,0.294888
2010-08-24,USO,-0.01590734,0.024637679
2010-08-25,USO,-0.020561472,-0.01883867
2010-08-26,USO,0.01870962,0.0004183918
2010-08-27,USO,0.007693529,0.016863864
2010-08-30,USO,0.028707214,-0.23541282
2010-08-31,USO,-0.016519373,-0.0415703
2010-09-01,USO,-0.033880666,-0.07342767
2010-09-02,USO,0.031758487,-0.00015880117
2010-09-03,USO,0.013265193,-0.0012842909
2010-09-06,USO,-0.009025332,-0.013098684
2010-09-07,USO,0.0,-0.021087157
2010-09-08,USO,-0.009717659,-0.020696908
2010-09-09,USO,0.011227549,0.048146714
2010-09-10,USO,-0.007572352,0.012053526
2010-09-13,USO,0.026404174,0.039093424
2010-09-14,USO,0.007669654,-0.018130967
2010-09-15,USO,-0.004122503,-0.26403457
2010-09-16,USO,-0.011873099,0.02056348
2010-09-17,USO,-0.01534557,-0.019463873
2010-09-20,USO,-0.010056461,0.008130786
2010-09-21,USO,0.017277146,-0.13703492
2010-09-22,USO,-0.017277146,-0.017569762
2010-09-23,USO,-0.0021462527,-0.025105165
2010-09-24,USO,0.0027586224,-0.010136029
2010-09-27,USO,0.022098674,-0.16684373
2010-09-28,USO,-0.00480193,0.061811194
2010-09-29,USO,-0.0015053443,-0.010583703
2010-09-30,USO,0.022345634,0.032106645
2010-10-01,USO,0.026171893,-0.18688853
2010-10-04,USO,0.022421828,-0.016557075
2010-10-05,USO,-0.0011232801,-0.05024056
2010-10-06,USO,0.013951119,0.027360767
2010-10-07,USO,0.0052508065,-0.011390201
2010-10-08,USO,-0.022861324,-0.09558346
2010-10-11,USO,0.019271648,-0.01645041
2010-10-12,USO,-0.015331311,0.0026156753
2010-10-13,USO,0.001403509,-0.010582062
2010-10-14,USO,0.0142043885,-0.023637991
2010-10-15,USO,-0.004434597,-0.013346563
2010-10-18,USO,-0.01483167,-0.047831796
2010-10-19,USO,0.022579357,-0.045314763
2010-10-20,USO,-0.046835076,-0.0068530394
2010-10-21,USO,0.02763315,-0.33333334
2010-10-22,USO,-0.021011563,0.0026634582
2010-10-25,USO,0.018197829,-0.02960251
2010-10-26,USO,0.0022516192,-0.008603506
2010-10-27,USO,0.0030877218,0.0023102046
2010-10-28,USO,-0.0073136752,-0.054654986
2010-10-29,USO,-0.000847338,0.10891027
2010-11-01,USO,-0.0062358477,-0.029645497
2010-11-02,USO,0.018033737,0.025951093
2010-11-03,USO,0.012763769,0.25
2010-11-04,USO,0.012875127,0.08925661
2010-11-05,USO,0.02020815,-3.3392385e-05
2010-11-08,USO,0.0042587235,0.017164165
2010-11-09,USO,-0.0031923412,-0.023793824
2010-11-10,USO,-0.012872261,-7.256852e-05
2010-11-11,USO,0.026369886,-0.036634203
2010-11-12,USO,-0.0052714935,-0.2891942
2010-11-15,USO,-0.036876738,-0.031230846
2010-11-16,USO,0.0008222558,-0.034038223
2010-11-17,USO,-0.029189007,0.0007594733
2010-11-18,USO,-0.020519387,-0.024473397
2010-11-19,USO,0.02192883,-0.0049541444
2010-11-22,USO,-0.0079185935,0.10025756
2010-11-23,USO,-0.0048384895,-0.0056621823
2010-11-24,USO,-0.0028571447,0.00020959995
2010-11-25,USO,0.031820226,0.11189189
2010-11-26,USO,0.0,0.02520179
2010-11-29,USO,-0.0030534375,0.0042924187
2010-11-30,USO,0.022268962,-0.014031514
2010-12-01,USO,-0.020324787,0.014153493
2010-12-02,USO,0.03167933,-0.035284348
2010-12-03,USO,0.015206375,-0.0012368729
2010-12-06,USO,0.014195822,0.0004547223
2010-12-07,USO,-0.00235202,-0.109082155
2010-12-08,USO,-0.011049836,-0.033433314
2010-12-09,USO,0.004223871,-0.016884476
2010-12-10,USO,-0.00052700925,-0.029944098
2010-12-13,USO,-0.0074074413,-0.002479377
2010-12-14,USO,0.006088702,0.11038868
2010-12-15,USO,0.00026388705,-0.006995071
2010-12-16,USO,0.002371855,-0.009033154
2010-12-17,USO,-0.0059402194,-0.029622087
2010-12-20,USO,0.0011908702,0.026682576
2010-12-21,USO,0.0063274666,0.005937452
2010-12-22,USO,0.0062876814,-0.010746435
2010-12-23,USO,0.009099244,0.06314048
2010-12-24,USO,0.008760685,-0.020150013
2010-12-27,USO,0.0,-0.10202135
2010-12-28,USO,-0.0069507295,0.008198672
2010-12-29,USO,0.0051533226,0.00073281757
2010-12-30,USO,-0.0023157094,-0.081940845
2010-12-31,USO,-0.018196499,-0.008295815
2010-01-01,GLD,0.0035474272,-0.32171264
2010-01-04,GLD,0.0,0.14990658
2010-01-05,GLD,0.022938687,0.2549888
2010-01-06,GLD,-0.00091116177,-0.38964853
2010-01-07,GLD,0.016364906,0.27960563
2010-01-08,GLD,-0.0062070093,-0.1984796
2010-01-11,GLD,0.004950728,-0.05592662
2010-01-12,GLD,0.013201511,0.03511555
2010-01-13,GLD,-0.021134485,-0.25901836
2010-01-14,GLD,0.009458252,-0.055847578
2010-01-15,GLD,0.0043834215,0.109927595
2010-01-18,GLD,-0.010498549,-0.09418247
2010-01-19,GLD,0.0,0.060285963
2010-01-20,GLD,0.005935803,0.01301496
2010-01-21,GLD,-0.023406675,0.023052156
2010-01-22,GLD,-0.014516459,0.07303171
2010-01-25,GLD,-0.0018644547,0.2756535
2010-01-26,GLD,0.002888425,-0.0702215
2010-01-27,GLD,0.00074404763,-0.03363172
2010-01-28,GLD,-0.00964097,0.45554844
2010-01-29,GLD,-0.0004506873,0.01249381
2010-02-01,GLD,-0.0048955097,0.015516591
2010-02-02,GLD,0.022305064,0.22488907
2010-02-03,GLD,0.007173104,0.030572025
2010-02-04,GLD,-0.003948038,-0.03666699
2010-02-05,GLD,-0.040649515,-0.25888756
2010-02-08,GLD,0.0029657998,-0.14971638
2010-02-09,GLD,-0.006132637,0.33333334
2010-02-10,GLD,0.0130820675,0.30308917
2010-02-11,GLD,-0.0027549535,0.0062482962
2010-02-12,GLD,0.018940495,-0.33333334
2010-02-15,GLD,-0.0008404539,0.0025691204
2010-02-16,GLD,0.0,0.004024347
2010-02-17,GLD,0.023817243,-0.18270636
2010-02-18,GLD,-0.0033810057,-0.006541431
2010-02-19,GLD,0.0066596973,0.050026067
2010-02-22,GLD,-0.004647992,-0.033391964
2010-02-23,GLD,-0.0036606612,-0.20190415
2010-02-24,GLD,-0.010877688,0.015066027
2010-02-25,GLD,-0.004924516,-0.013128659
2010-02-26,GLD,0.008809812,-0.22280715
2010-03-01,GLD,0.010287589,-0.33216858
2010-03-02,GLD,0.0,-0.0126766935
2010-03-03,GLD,0.01442529,-0.10713231
2010-03-04,GLD,0.0054794657,-0.38934085
2010-03-05,GLD,-0.007192335,0.0027867157
2010-03-08,GLD,-0.00018047284,-0.1600125
2010-03-09,GLD,-0.008428162,0.008069611
2010-03-10,GLD,-0.0014754236,-0.3152603
2010-03-11,GLD,-0.0114398,0.014360477
2010-03-12,GLD,0.0011977705,0.04893736
2010-03-15,GLD,-0.0060032504,-0.30837557
2010-03-16,GLD,0.0037908603,0.0135490345
2010-03-17,GLD,0.018651117,-0.12904009
2010-03-18,GLD,-0.0073640044,0.03891797
2010-03-19,GLD,0.0068203784,-0.06829556
2010-03-22,GLD,-0.018846042,-0.15093032
2010-03-23,GLD,-0.004906736,-0.020571323
2010-03-24,GLD,0.00527608,0.0268833
2010-03-25,GLD,-0.018824523,0.38647106
2010-03-26,GLD,0.0045053577,-0.013809068
2010-03-29,GLD,0.01680868,0.0071378183
2010-03-30,GLD,0.0014723478,0.16183843
2010-03-31,GLD,-0.0071982592,0.013727838
2010-04-01,GLD,0.009035651,-0.23513989
2010-04-02,GLD,0.011952152,-0.009732536
2010-04-05,GLD,0.0,-0.010002252
2010-04-06,GLD,0.005697506,0.005336961
2010-04-07,GLD,0.0012617161,0.00013479275
2010-04-08,GLD,0.013063894,-0.01115245
2010-04-09,GLD,0.0014213381,0.4649913
2010-04-12,GLD,0.00874989,0.008520371
2010-04-13,GLD,-0.0055592465,0.29604477
2010-04-14,GLD,-0.0028356244,-0.021214055
2010-04-15,GLD,0.0030125843,-0.5
2010-04-16,GLD,0.00547028,-0.02682988
2010-04-19,GLD,-0.021433521,0.0921161
2010-04-20,GLD,-0.00080938893,-0.02746234
2010-04-21,GLD,0.0027851418,-0.0050732004
2010-04-22,GLD,0.007597123,-0.31981903
2010-04-23,GLD,-0.0041936263,0.041278094
2010-04-26,GLD,0.011998544,-0.04162295
2010-04-27,GLD,-0.0038948443,-0.0068928786
2010-04-28,GLD,0.016536571,-0.014140547
2010-04-29,GLD,-0.0027954942,-0.19032712
2010-04-30,GLD,-0.0002624787,-0.0063823746
2010-05-03,GLD,0.009406096,-0.28320125
2010-05-04,GLD,0.0032022183,-0.045063123
2010-05-05,GLD,-0.0074588377,0.003701894
2010-05-06,GLD,0.0019133769,0.12754768
2010-05-07,GLD,0.02908038,-0.16899437
2010-05-10,GLD,-0.0018246638,0.035780665
2010-05-11,GLD,-0.0059362454,0.19570474
2010-05-12,GLD,0.025909621,0.4186342
2010-05-13,GLD,0.006147357,-0.038900558
2010-05-14,GLD,-0.006943324,-0.10493874
2010-05-17,GLD,-0.0015772219,0.4114753
2010-05-18,GLD,-0.008426196,0.18715097
2010-05-19,GLD,0.0010885494,0.0635037
2010-05-20,GLD,-0.024226155,0.051769465
2010-05-21,GLD,-0.006796602,-0.33333334
2010-05-24,GLD,-0.0053665843,-0.062287834
2010-05-25,GLD,0.013962133,0.020960942
2010-05-26,GLD,0.0044406564,0.20477952
2010-05-27,GLD,0.00941363,-0.05402111
2010-05-28,GLD,0.001855288,0.14889848
2010-05-31,GLD,0.0016079408,0.0043679425
2010-06-01,GLD,0.0,-0.45682302
2010-06-02,GLD,0.008618468,0.0022314084
2010-06-03,GLD,-0.0010847346,-0.41232762
2010-06-04,GLD,-0.015311142,0.036764618
2010-06-07,GLD,0.010373275,0.023305135
2010-06-08,GLD,0.019113095,-0.044257615
2010-06-09,GLD,-0.004020748,-0.097471565
2010-06-10,GLD,-0.003663652,0.07098836
2010-06-11,GLD,-0.013234167,0.0121287545
2010-06-14,GLD,0.0086616855,0.05349021
2010-06-15,GLD,-0.0034222312,0.0066146455
2010-06-16,GLD,0.011555056,0.19565538
2010-06-17,GLD,-0.005469929,0.03098997
2010-06-18,GLD,0.012963068,-0.018329313
2010-06-21,GLD,0.0076002493,0.001051296
2010-06-22,GLD,-0.020064812,0.055441752
2010-06-23,GLD,0.008766183,-0.07446023
2010-06-24,GLD,-0.0041254186,0.068982325
2010-06-25,GLD,0.002889579,0.07022687
2010-06-28,GLD,0.011964413,0.48568028
2010-06-29,GLD,-0.013697159,0.5788513
2010-06-30,GLD,0.0014853938,-0.231246
2010-07-01,GLD,0.0033751833,0.011219357
2010-07-02,GLD,-0.03887889,0.078982905
2010-07-05,GLD,0.012312812,0.12484607
2010-07-06,GLD,0.0,0.041112494
2010-07-07,GLD,-0.016851462,-0.24611859
2010-07-08,GLD,0.010416761,0.026398635
2010-07-09,GLD,-0.0044266693,-0.00020672045
2010-07-12,GLD,0.00976363,0.21536916
2010-07-13,GLD,-0.008655124,0.100428745
2010-07-14,GLD,0.008655124,0.33333334
2010-07-15,GLD,-0.00050705654,-0.2026287
2010-07-16,GLD,-0.0005918911,-0.362118
2010-07-19,GLD,-0.013282443,-0.4711971
2010-07-20,GLD,-0.008089545,0.07374526
2010-07-21,GLD,0.007918106,0.064895816
2010-07-22,GLD,-0.0068817474,-0.27085704
2010-07-23,GLD,0.008706057,0.011067425
2010-07-26,GLD,-0.0066365562,0.04917462
2010-07-27,GLD,-0.004922077,0.43295646
2010-07-28,GLD,-0.017552737,0.242194
2010-07-29,GLD,0.0023758207,0.057845242
2010-07-30,GLD,0.004454819,-0.47808892
2010-08-02,GLD,0.010462368,-0.22676544
2010-08-03,GLD,0.00043284422,0.026846748
2010-08-04,GLD,0.0038871903,0.18379942
2010-08-05,GLD,0.006273924,-0.1495825
2010-08-06,GLD,0.0022250758,0.0038083305
2010-08-09,GLD,0.007324792,-0.4928555
2010-08-10,GLD,-0.0037408648,-0.26244378
2010-08-11,GLD,0.0028069597,-0.06286795
2010-08-12,GLD,-0.0033181636,0.0044470774
2010-08-13,GLD,0.0121131465,-0.16035374
2010-08-16,GLD,-0.00025262096,0.5
2010-08-17,GLD,0.008302979,-0.057596315
2010-08-18,GLD,0.00016702856,0.13948913
2010-08-19,GLD,0.0039171614,0.28414875
2010-08-20,GLD,0.0014130754,-0.24078262
2010-08-23,GLD,-0.0034947614,0.007937146
2010-08-24,GLD,-0.0015849847,-0.30567256
2010-08-25,GLD,0.004830525,-0.25
2010-08-26,GLD,0.008274083,0.6008156
2010-08-27,GLD,-0.0033014226,0.034644876
2010-08-30,GLD,0.0004132744,-0.0057949056
2010-08-31,GLD,-0.0008267196,0.008757326
2010-09-01,GLD,0.009630101,0.08511592
2010-09-02,GLD,-0.00319974,-0.041197654
2010-09-03,GLD,0.004918446,0.020945499
2010-09-06,GLD,-0.0035224285,-0.0031967184
2010-09-07,GLD,0.0,0.19825032
2010-09-08,GLD,0.006869507,-0.17932682
2010-09-09,GLD,8.149627e-05,0.097419515
2010-09-10,GLD,-0.00941588,0.29689428
2010-09-13,GLD,0.0013975094,0.2097771
2010-09-14,GLD,-0.00090404775,0.5
2010-09-15,GLD,0.019573666,0.27077815
2010-09-16,GLD,-0.00067751773,-0.26600838
2010-09-17,GLD,0.0055517703,-0.47890496
2010-09-20,GLD,-0.00070232473,0.33048373
2010-09-21,GLD,0.002626173,0.35122222
2010-09-22,GLD,0.009088073,0.47187063
2010-09-23,GLD,0.0015066812,0.5
2010-09-24,GLD,0.00079207926,-0.21072662
2010-09-27,GLD,0.0030831282,0.18682888
2010-09-28,GLD,0.00023677046,-0.37029353
2010-09-29,GLD,0.008877774,0.33333334
2010-09-30,GLD,0.00078186084,-0.2158018
2010-10-01,GLD,-0.000312671,0.0012605484
2010-10-04,GLD,0.007787595,-0.2584534
2010-10-05,GLD,-0.0034969146,-0.04341507
2010-10-06,GLD,0.019503413,0.015753279
2010-10-07,GLD,0.006240507,-0.035627883
2010-10-08,GLD,-0.01098493,-0.012900885
2010-10-11,GLD,0.00984628,-0.1772435
2010-10-12,GLD,0.0047887587,-0.21093126
2010-10-13,GLD,-0.0025127544,-0.00399891
2010-10-14,GLD,0.015863204,-0.17745686
2010-10-15,GLD,0.005059158,-0.3267482
2010-10-18,GLD,-0.007972325,0.01511063
2010-10-19,GLD,0.004478288,0.0026649348
2010-10-20,GLD,-0.031546924,-0.45403522
2010-10-21,GLD,0.009256846,0.25960147
2010-10-22,GLD,-0.0141878985,0.034609396
2010-10-25,GLD,0.0020061736,0.19714275
2010-10-26,GLD,0.008596261,-0.00025063785
2010-10-27,GLD,0.00022924387,-0.25
2010-10-28,GLD,-0.010445563,0.2325728
2010-10-29,GLD,0.0131923985,-0.33333334
2010-11-01,GLD,0.010460188,-0.18940441
2010-11-02,GLD,-0.0052922177,0.33333334
2010-11-03,GLD,0.0043114927,-0.017409593
2010-11-04,GLD,-0.0069681415,-0.21362819
2010-11-05,GLD,0.03333642,0.0435992
2010-11-08,GLD,0.0025696575,0.33333334
2010-11-09,GLD,0.010213103,-0.25268254
2010-11-10,GLD,-0.016022583,0.03469802
2010-11-11,GLD,0.012095591,0.13644868
2010-11-12,GLD,0.003055659,0.25049785
2010-11-15,GLD,-0.029263189,-0.33540663
2010-11-16,GLD,-0.0095449975,-0.2506453
2010-11-17,GLD,-0.011025671,0.10039791
2010-11-18,GLD,-0.004499755,0.0826945
2010-11-19,GLD,0.0130151035,-0.15774786
2010-11-22,GLD,0.0008475603,-0.21943624
2010-11-23,GLD,0.009635727,-0.15216255
2010-11-24,GLD,0.006943176,-0.30207103
2010-11-25,GLD,-0.001712648,0.0064484105
2010-11-26,GLD,0.0,0.17782412
2010-11-29,GLD,-0.008006328,0.1877345
2010-11-30,GLD,0.002985547,0.23699763
2010-12-01,GLD,0.014219659,0.32116038
2010-12-02,GLD,-0.00029542096,0.057004586
2010-12-03,GLD,-0.0013304754,-0.117068715
2010-12-06,GLD,0.02100564,0.4189045
2010-12-07,GLD,0.0075041843,0.27201903
2010-12-08,GLD,-0.018940372,-0.28434587
2010-12-09,GLD,-0.012606603,-0.29873928
2010-12-10,GLD,0.0042937584,-0.5
2010-12-13,GLD,0.00028067274,-0.20561345
2010-12-14,GLD,0.0047300225,-0.45449942
2010-12-15,GLD,0.00095507485,-0.44837868
2010-12-16,GLD,-0.010927456,-0.18790962
2010-12-17,GLD,-0.0066292,0.18224321
2010-12-20,GLD,0.0029103411,-0.20329683
2010-12-21,GLD,0.006758037,-0.33333334
2010-12-22,GLD,0.0015530825,-0.091522515
2010-12-23,GLD,-0.0019972636,-0.010578757
2010-12-24,GLD,-0.002891997,-0.489948
2010-12-27,GLD,0.0,0.2130094
2010-12-28,GLD,0.0026698324,0.042280793
2010-12-29,GLD,0.016162561,-0.5
2010-12-30,GLD,0.0035645475,-0.12645629
2010-12-31,GLD,-0.004950145,-0.48020515
2010-01-01,XLF,-0.0020845444,0.011826203
2010-01-04,XLF,0.0,0.011980531
2010-01-05,XLF,0.019940123,0.0129203545
2010-01-06,XLF,0.018217588,-0.013840322
2010-01-07,XLF,0.0019983642,-0.11429023
2010-01-08,XLF,0.021127347,0.04017625
2010-01-11,XLF,-0.005897342,-0.0147937015
2010-01-12,XLF,0.00065518345,0.004856361
2010-01-13,XLF,-0.014546955,-0.002392393
2010-01-14,XLF,0.011258624,-0.01842124
2010-01-15,XLF,0.004605487,-0.008956066
2010-01-18,XLF,-0.020543415,-0.020358779
2010-01-19,XLF,0.0,-0.026795547
2010-01-20,XLF,0.012638749,-0.014588896
2010-01-21,XLF,-0.0026488355,0.028154276
2010-01-22,XLF,-0.02890401,0.00965206
2010-01-25,XLF,-0.033153906,0.012477833
2010-01-26,XLF,0.0054902844,-0.010402939
2010-01-27,XLF,-0.017686622,-0.022124426
2010-01-28,XLF,0.023971133,0.026965922
2010-01-29,XLF,-0.0048864516,-0.04036483
2010-02-01,XLF,-0.00702729,0.023301514
2010-02-02,XLF,0.016784972,0.022046568
2010-02-03,XLF,0.009519591,0.24829935
2010-02-04,XLF,-0.010912617,-0.01957227
2010-02-05,XLF,-0.044005595,-0.02476102
2010-02-08,XLF,0.011542127,0.10987072
2010-02-09,XLF,-0.020284744,-0.015901396
2010-02-10,XLF,0.010189343,0.016194277
2010-02-11,XLF,0.007946355,0.019005945
2010-02-12,XLF,0.0021490455,0.02271998
2010-02-15,XLF,0.00071532343,0.023067107
2010-02-16,XLF,0.0,-0.041838963
2010-02-17,XLF,0.020576768,0.025493955
2010-02-18,XLF,0.0035050195,-0.18782233
2010-02-19,XLF,0.0062799547,0.05620806
2010-02-22,XLF,0.0055511575,0.00697019
2010-02-23,XLF,0.013047084,0.06560884
2010-02-24,XLF,-0.018598242,-0.027471995
2010-02-25,XLF,0.017235512,-0.030281411
2010-02-26,XLF,-0.0027394854,0.03736651
2010-03-01,XLF,0.0061512245,0.031614266
2010-03-02,XLF,0.0027227087,-0.26533008
2010-03-03,XLF,0.0033909096,-0.0045861225
2010-03-04,XLF,0.00067513785,-0.003451516
2010-03-05,XLF,0.010097495,0.026732467
2010-03-08,XLF,0.019238982,-0.016575543
2010-03-09,XLF,0.0019723393,0.032618348
2010-03-10,XLF,0.003273246,-0.051554043
2010-03-11,XLF,0.011046386,0.006796066
2010-03-12,XLF,0.008371235,-0.033659052
2010-03-15,XLF,-0.0038598177,0.03405106
2010-03-16,XLF,0.0,-0.021880353
2010-03-17,XLF,0.012091094,-0.0033562097
2010-03-18,XLF,0.01207042,-0.012395763
2010-03-19,XLF,-0.005670748,-0.006610957
2010-03-22,XLF,-0.00888471,0.045467112
2010-03-23,XLF,0.0050888704,0.015576988
2010-03-24,XLF,0.00821264,-0.016727641
2010-03-25,XLF,0.00062717043,-0.031697508
2010-03-26,XLF,0.0043869205,-0.018137623
2010-03-29,XLF,0.001255377,-0.014515407
2010-03-30,XLF,0.0012461157,-0.03468003
2010-03-31,XLF,-0.0062616356,-0.01988353
2010-04-01,XLF,0.0018856993,0.006000786
2010-04-02,XLF,0.008112652,0.023936326
2010-04-05,XLF,0.0,-0.03726911
2010-04-06,XLF,0.009906956,0.009207282
2010-04-07,XLF,0.010410317,-0.009225265
2010-04-08,XLF,-0.0036614242,-0.025128545
2010-04-09,XLF,0.007914965,0.064809255
2010-04-12,XLF,0.0036996193,-0.04378856
2010-04-13,XLF,0.004160605,-0.015736127
2010-04-14,XLF,0.00060037134,-0.036383767
2010-04-15,XLF,0.025545817,-0.046253163
2010-04-16,XLF,-0.004118285,0.010419219
2010-04-19,XLF,-0.03719318,0.012937079
2010-04-20,XLF,0.009730742,8.745087e-05
2010-04-21,XLF,0.013233456,0.04082722
2010-04-22,XLF,-0.005991488,-0.0032847621
2010-04-23,XLF,0.0053880634,-0.026531478
2010-04-26,XLF,0.0029841333,-0.01739465
2010-04-27,XLF,-0.015763268,-0.032479476
2010-04-28,XLF,-0.03439658,-0.026272763
2010-04-29,XLF,0.014372642,-0.036735445
2010-04-30,XLF,0.022592863,-0.018282237
2010-05-03,XLF,-0.024511548,-0.025380246
2010-05-04,XLF,0.019060561,-0.029069167
2010-05-05,XLF,-0.027702056,0.022085385
2010-05-06,XLF,-0.005472919,-0.018819952
2010-05-07,XLF,-0.043127388,-0.021431144
2010-05-10,XLF,-0.011207395,0.054031473
2010-05-11,XLF,0.054234296,-0.026710926
2010-05-12,XLF,-0.003833811,-0.017385783
2010-05-13,XLF,0.011281158,0.039537854
2010-05-14,XLF,-0.018234905,-0.002001912
2010-05-17,XLF,-0.026357422,0.03921397
2010-05-18,XLF,0.0006496345,-0.008130894
2010-05-19,XLF,-0.029065121,0.03723005
2010-05-20,XLF,0.001336259,0.07444133
2010-05-21,XLF,-0.047631867,0.016043216
2010-05-24,XLF,0.034839686,0.020990344
2010-05-25,XLF,-0.028892264,0.035221748
2010-05-26,XLF,0.009034196,-0.021516535
2010-05-27,XLF,-0.006939487,-0.019673929
2010-05-28,XLF,0.044269044,-0.02516016
2010-05-31,XLF,-0.022233462,0.01318239
2010-06-01,XLF,0.0,-0.03076072
2010-06-02,XLF,-0.021341175,-0.004070258
2010-06-03,XLF,0.030834243,-0.03893465
2010-06-04,XLF,-0.005482799,-0.02243169
2010-06-07,XLF,-0.040784396,-0.032621376
2010-06-08,XLF,-0.019980712,-0.026964813
2010-06-09,XLF,0.02069412,-0.03234209
2010-06-10,XLF,-0.010649467,0.06326064
2010-06-11,XLF,0.032303695,-0.051312707
2010-06-14,XLF,0.0027621626,-0.044855177
2010-06-15,XLF,-0.0041503715,-0.05503016
2010-06-16,XLF,0.02343298,-0.019462315
2010-06-17,XLF,0.0005077051,-0.14251944
2010-06-18,XLF,-0.0013572308,0.16001035
2010-06-21,XLF,0.003377173,-0.035049133
2010-06-22,XLF,-0.0013461749,0.04451977
2010-06-23,XLF,-0.01600128,-0.052445598
2010-06-24,XLF,-0.0044628,-0.010424613
2010-06-25,XLF,-0.01808764,-0.039153855
2010-06-28,XLF,0.02666529,-0.07835807
2010-06-29,XLF,-0.009273846,-0.030716995
2010-06-30,XLF,-0.036516756,0.014199762
2010-07-01,XLF,-0.012230942,0.00012882038
2010-07-02,XLF,-0.009461419,0.076903135
2010-07-05,XLF,-0.011762764,0.004806374
2010-07-06,XLF,0.0,-0.017140208
2010-07-07,XLF,0.0058941497,-0.032218214
2010-07-08,XLF,0.043171406,-0.019550165
2010-07-09,XLF,0.0077233803,-0.01860527
2010-07-12,XLF,0.013879141,-0.014503352
2010-07-13,XLF,0.0013739878,-0.021286342
2010-07-14,XLF,0.024472224,-0.03321409
2010-07-15,XLF,-0.0074131293,-0.018518955
2010-07-16,XLF,-0.0020267826,-0.026165208
2010-07-19,XLF,-0.043016743,0.06277154
2010-07-20,XLF,-0.000636479,0.063706994
2010-07-21,XLF,0.010566961,0.05451823
2010-07-22,XLF,-0.016322348,-0.03180498
2010-07-23,XLF,0.028851938,-0.4071354
2010-07-26,XLF,0.007590266,0.032097414
2010-07-27,XLF,0.013642455,0.011565491
2010-07-28,XLF,0.0027079626,-0.0194096
2010-07-29,XLF,-0.008825725,-0.048156075
2010-07-30,XLF,0.003402447,-0.03736701
2010-08-02,XLF,-0.0006778895,0.020367295
2010-08-03,XLF,0.024837986,0.082363345
2010-08-04,XLF,-0.011333707,-0.109719135
2010-08-05,XLF,0.004014332,-0.015421331
2010-08-06,XLF,-0.004014332,-0.04762379
2010-08-09,XLF,-0.008760342,-0.046735823
2010-08-10,XLF,0.005401331,-0.019032938
2010-08-11,XLF,-0.008789948,-0.03364782
2010-08-12,XLF,-0.035936087,-0.14097339
2010-08-13,XLF,-0.0070620044,-0.025216972
2010-08-16,XLF,-0.0028405758,-0.017535584
2010-08-17,XLF,-0.0028486676,-0.073040746
2010-08-18,XLF,0.0078078606,-0.050134238
2010-08-19,XLF,0.0042324886,-0.020860756
2010-08-20,XLF,-0.02350799,-0.023299787
2010-08-23,XLF,-0.0028898027,0.026434934
2010-08-24,XLF,-0.0065305117,0.21803531
2010-08-25,XLF,-0.016884446,-0.046803415
2010-08-26,XLF,0.0029581646,-0.079530425
2010-08-27,XLF,-0.008149231,-0.018043641
2010-08-30,XLF,0.021349253,-0.05264221
2010-08-31,XLF,-0.021349253,0.038241513
2010-09-01,XLF,0.008485452,0.060411736
2010-09-02,XLF,0.03814035,-0.0062286076
2010-09-03,XLF,0.009790647,-0.042082526
2010-09-06,XLF,0.020809267,-0.017433314
2010-09-07,XLF,0.0,-0.01990697
2010-09-08,XLF,-0.02327183,0.0328158
2010-09-09,XLF,0.01016649,-0.007641459
2010-09-10,XLF,0.012485964,-0.0923182
2010-09-13,XLF,0.0013739878,-0.064825095
2010-09-14,XLF,0.021108676,-0.0066144457
2010-09-15,XLF,-0.008793519,-0.08796766
2010-09-16,XLF,0.003393205,0.029385159
2010-09-17,XLF,-0.0030583874,-0.03165755
2010-09-20,XLF,-0.0071222503,0.027174802
2010-09-21,XLF,0.018613616,-0.07216997
2010-09-22,XLF,-0.00910903,-0.047996104
2010-09-23,XLF,-0.016440248,-0.013752424
2010-09-24,XLF,-0.019454699,-0.020937625
2010-09-27,XLF,0.02601099,0.0052976743
2010-09-28,XLF,-0.011013673,-0.028586226
2010-09-29,XLF,0.0024182985,-0.003313003
2010-09-30,XLF,-0.007623817,-0.024304079
2010-10-01,XLF,-0.0017755519,-0.018279124
2010-10-04,XLF,0.010776206,-0.036995392
2010-10-05,XLF,-0.006920325,-0.041560642
2010-10-06,XLF,0.022660986,0.023104286
2010-10-07,XLF,-0.0006774303,-0.05730502
2010-10-08,XLF,-0.0040826476,0.026879573
2010-10-11,XLF,0.0027180312,-0.038542207
2010-10-12,XLF,-0.0013580922,0.03840735
2010-10-13,XLF,0.0111785205,-0.06857512
2010-10-14,XLF,0.00094526587,-0.046645913
2010-10-15,XLF,-0.017929,-0.041594137
2010-10-18,XLF,-0.017277172,-0.0047565196
2010-10-19,XLF,0.022402648,0.0260412
2010-10-20,XLF,-0.014041696,-0.04131879
2010-10-21,XLF,0.009945105,-0.002639977
2010-10-22,XLF,-0.000311927,-0.049118225
2010-10-25,XLF,-0.0002698532,-0.1658005
2010-10-26,XLF,-0.0035401257,0.06655244
2010-10-27,XLF,0.0013786748,0.038838267
2010-10-28,XLF,0.000684402,-0.08093935
2010-10-29,XLF,-0.00034636716,-0.020971378
2010-11-01,XLF,-0.0010905726,-0.027015742
2010-11-02,XLF,6.766701e-05,-0.0116343405
2010-11-03,XLF,0.002399217,-0.038574804
2010-11-04,XLF,0.009882324,0.028087642
2010-11-05,XLF,0.032767992,0.06271043
2010-11-08,XLF,0.022655752,0.008446736
2010-11-09,XLF,-0.007760527,-0.006895796
2010-11-10,XLF,-0.018905584,-0.016849063
2010-11-11,XLF,0.011140557,0.027577862
2010-11-12,XLF,-0.009826305,-0.09760027
2010-11-15,XLF,-0.016594838,-0.017138353
2010-11-16,XLF,0.004342862,0.022174826
2010-11-17,XLF,-0.016801137,-0.087919876
2010-11-18,XLF,-0.006766685,-0.0037146101
2010-11-19,XLF,0.01386089,-0.027641233
2010-11-22,XLF,-0.00037299978,-0.010036555
2010-11-23,XLF,-0.01454723,-0.023835696
2010-11-24,XLF,-0.015829675,-0.05589442
2010-11-25,XLF,0.015148078,-0.07426095
2010-11-26,XLF,0.0,-0.02251617
2010-11-29,XLF,-0.014456081,0.041511778
2010-11-30,XLF,0.008283769,-0.06868079
2010-12-01,XLF,-0.0055120424,-0.052244682
2010-12-02,XLF,0.020025035,0.0018955887
2010-12-03,XLF,0.025263963,-0.022573687
2010-12-06,XLF,0.00333163,-0.052999713
2010-12-07,XLF,-0.0016806795,-0.040763345
2010-12-08,XLF,0.0016482293,0.09063533
2010-12-09,XLF,0.016015278,0.03795053
2010-12-10,XLF,0.01223582,-0.03615996
2010-12-13,XLF,0.008895927,0.008339743
2010-12-14,XLF,-0.00063336425,-0.030059705
2010-12-15,XLF,-0.008901588,-0.019090205
2010-12-16,XLF,-0.008042355,-0.023841413
2010-12-17,XLF,0.0012958982,0.00430924
2010-12-20,XLF,0.0019288093,-0.035187528
2010-12-21,XLF,0.0006421106,-0.04846793
2010-12-22,XLF,0.017229682,-0.023668628
2010-12-23,XLF,0.011007893,-0.110763945
2010-12-24,XLF,-0.007221644,-0.031800468
2010-12-27,XLF,0.0,-0.050800577
2010-12-28,XLF,0.008784355,-0.13107444
2010-12-29,XLF,0.00012306556,-0.058454737
2010-12-30,XLF,-0.0020016944,-0.0025898507
2010-12-31,XLF,-0.0031337584,-0.01909099
2010-01-01,XLB,-0.013847302,0.00062189624
2010-01-04,XLB,0.0,0.038395785
2010-01-05,XLB,0.030744102,0.0022868572
2010-01-06,XLB,0.003228176,-0.02062306
2010-01-07,XLB,0.016851068,0.009382087
2010-01-08,XLB,-0.0078091505,0.03432068
2010-01-11,XLB,0.013841052,0.025999155
2010-01-12,XLB,-0.005455864,0.04814031
2010-01-13,XLB,-0.019186635,0.033232808
2010-01-14,XLB,0.0116721485,-0.01256048
2010-01-15,XLB,-0.012259348,0.058468387
2010-01-18,XLB,-0.00736923,-0.0071622925
2010-01-19,XLB,0.0,0.06271614
2010-01-20,XLB,0.015850052,0.004868216
2010-01-21,XLB,-0.017923206,0.009185816
2010-01-22,XLB,-0.044249643,-0.015499874
2010-01-25,XLB,-0.020031968,0.025039108
2010-01-26,XLB,0.008813403,-0.011637585
2010-01-27,XLB,-0.014202543,0.05996819
2010-01-28,XLB,-0.008619367,0.015470068
2010-01-29,XLB,-0.01811761,-0.020283269
2010-02-01,XLB,-0.016126728,-0.0037387146
2010-02-02,XLB,0.039042044,-0.02505003
2010-02-03,XLB,0.0031857307,0.026340187
2010-02-04,XLB,-0.0115164425,-0.06656368
2010-02-05,XLB,-0.03803737,0.036553554
2010-02-08,XLB,0.018543577,-0.0039954213
2010-02-09,XLB,-0.016206738,-0.012205872
2010-02-10,XLB,0.024049915,-0.009568547
2010-02-11,XLB,-0.0068594096,0.0033108415
2010-02-12,XLB,0.01689998,0.013447584
2010-02-15,XLB,-0.0019354845,0.007541664
2010-02-16,XLB,0.0,-0.011924893
2010-02-17,XLB,0.024873732,0.06069018
2010-02-18,XLB,0.00062972296,-0.03076597
2010-02-19,XLB,0.01064506,-0.16058274
2010-02-22,XLB,0.0055900766,0.016141329
2010-02-23,XLB,-0.004345134,-0.0039819414
2010-02-24,XLB,-0.015990308,-0.0064458256
2010-02-25,XLB,-0.002531647,-0.014007411
2010-02-26,XLB,-0.002220461,-0.010850701
2010-03-01,XLB,0.0003175107,0.009182769
2010-03-02,XLB,0.0151231615,-0.030328814
2010-03-03,XLB,0.008407336,0.043833632
2010-03-04,XLB,0.008644697,-0.0035668765
2010-03-05,XLB,0.0067402218,0.023336677
2010-03-08,XLB,0.012742891,0.0054928823
2010-03-09,XLB,0.0,0.022583194
2010-03-10,XLB,-0.006351148,-0.18473971
2010-03-11,XLB,0.00030335205,-0.027794814
2010-03-12,XLB,0.0057462733,-0.013558266
2010-03-15,XLB,0.0039127213,0.018385008
2010-03-16,XLB,-0.00030043564,-0.09848822
2010-03-17,XLB,0.014616218,0.06684909
2010-03-18,XLB,0.005610527,-0.012197469
2010-03-19,XLB,-0.007092228,0.11274401
2010-03-22,XLB,-0.013134517,-0.027273333
2010-03-23,XLB,0.014616218,0.013214403
2010-03-24,XLB,0.012945165,-0.045822438
2010-03-25,XLB,-0.0029274025,-0.032735426
2010-03-26,XLB,-0.020136897,-0.021330938
2010-03-29,XLB,0.007450489,0.0083566895
2010-03-30,XLB,0.0106321145,-0.024988562
2010-03-31,XLB,0.0014677824,-0.0335197
2010-04-01,XLB,-0.0049992753,-0.09819344
2010-04-02,XLB,0.017244326,0.021255478
2010-04-05,XLB,0.0,0.015869644
2010-04-06,XLB,0.012096922,0.011338329
2010-04-07,XLB,0.0017162475,-0.011599931
2010-04-08,XLB,-0.0063073603,-0.02469006
2010-04-09,XLB,0.0022981912,0.035559315
2010-04-12,XLB,0.0017201839,-0.016939007
2010-04-13,XLB,-0.0031559344,-0.0028271063
2010-04-14,XLB,-0.003742627,0.017890636
2010-04-15,XLB,0.0074712993,-0.02921212
2010-04-16,XLB,0.0,-0.044165663
2010-04-19,XLB,-0.017326452,-0.20415086
2010-04-20,XLB,0.000291248,0.0354891
2010-04-21,XLB,0.003169114,0.020080103
2010-04-22,XLB,-0.0025868723,0.07197099
2010-04-23,XLB,0.0098465895,0.0036273783
2010-04-26,XLB,0.008894048,0.13675115
2010-04-27,XLB,0.004275338,0.0016852637
2010-04-28,XLB,-0.037084203,0.054756183
2010-04-29,XLB,0.012028896,-0.011561064
2010-04-30,XLB,0.008999916,-0.06406868
2010-05-03,XLB,-0.017787319,-0.032211747
2010-05-04,XLB,-0.00058858155,0.09166914
2010-05-05,XLB,-0.03535419,0.036235828
2010-05-06,XLB,-0.007346222,-0.06620896
2010-05-07,XLB,-0.033424944,-0.017992392
2010-05-10,XLB,-0.011180439,-0.014687452
2010-05-11,XLB,0.046447005,0.118320785
2010-05-12,XLB,-0.012652537,-0.01638209
2010-05-13,XLB,0.020593936,-0.0012805291
2010-05-14,XLB,-0.015019439,0.036892798
2010-05-17,XLB,-0.024700334,0.00580438
2010-05-18,XLB,0.0,0.028649164
2010-05-19,XLB,-0.017241806,0.06317285
2010-05-20,XLB,0.0,-0.006186629
2010-05-21,XLB,-0.04647401,0.019531803
2010-05-24,XLB,0.024330478,-0.28175715
2010-05-25,XLB,-0.017270438,0.077527285
2010-05-26,XLB,0.016611679,-0.17253272
2010-05-27,XLB,-0.007939175,-0.0053692013
2010-05-28,XLB,0.038760755,0.06720496
2010-05-31,XLB,-0.017728103,0.0036385714
2010-06-01,XLB,0.0,0.01632101
2010-06-02,XLB,-0.032724783,-0.052175995
2010-06-03,XLB,0.030445766,0.066309795
2010-06-04,XLB,-0.012133285,-0.04277622
2010-06-07,XLB,-0.040395934,-0.08422792
2010-06-08,XLB,-0.018024752,0.015006169
2010-06-09,XLB,0.02248063,-0.01273233
2010-06-10,XLB,0.0013670542,-0.017948922
2010-06-11,XLB,0.035232633,0.013940855
2010-06-14,XLB,0.0111476565,0.07719474
2010-06-15,XLB,-0.009829699,-0.052906383
2010-06-16,XLB,0.024395421,-0.017582653
2010-06-17,XLB,-0.0012861738,-0.03651407
2010-06-18,XLB,-0.0054847696,0.033289786
2010-06-21,XLB,0.001293243,-0.007454897
2010-06-22,XLB,0.006120167,0.053546093
2010-06-23,XLB,-0.025037887,0.110764034
2010-06-24,XLB,0.0019736849,-0.032544155
2010-06-25,XLB,-0.025629627,-0.011171374
2010-06-28,XLB,0.014725835,-0.023850935
2010-06-29,XLB,-0.011359962,0.05177451
2010-06-30,XLB,-0.03766279,-0.008567589
2010-07-01,XLB,-0.010170174,0.026554096
2010-07-02,XLB,-0.0056557236,0.0052556633
2010-07-05,XLB,-0.005687893,0.034652855
2010-07-06,XLB,0.0,0.027592212
2010-07-07,XLB,0.0010689471,-0.004488206
2010-07-08,XLB,0.03911113,-0.042148493
2010-07-09,XLB,0.016304709,0.06797779
2010-07-12,XLB,0.02364019,0.089858584
2010-07-13,XLB,-0.013249614,-0.020180704
2010-07-14,XLB,0.026650697,-0.018617034
2010-07-15,XLB,-0.0032520355,0.0012510774
2010-07-16,XLB,-0.0009776765,-0.051636584
2010-07-19,XLB,-0.02777038,0.023039084
2010-07-20,XLB,0.0010051936,-0.057272278
2010-07-21,XLB,0.029695353,-0.022107696
2010-07-22,XLB,-0.0032562711,-0.013786484
2010-07-23,XLB,0.021297997,0.013878866
2010-07-26,XLB,0.021791482,0.03886145
2010-07-27,XLB,0.0059180986,-0.01238887
2010-07-28,XLB,-0.00810731,-0.0618095
2010-07-29,XLB,-0.0031357817,-0.0581657
2010-07-30,XLB,-0.0009426552,-0.0077044996
2010-08-02,XLB,0.006267648,-0.027357869
2010-08-03,XLB,0.026512034,-0.016457343
2010-08-04,XLB,-0.018422382,-0.030568266
2010-08-05,XLB,0.009253614,-0.052583735
2010-08-06,XLB,0.0021469109,-0.0025050535
2010-08-09,XLB,-0.0046061804,-0.018890029
2010-08-10,XLB,0.006136871,-0.023760075
2010-08-11,XLB,-0.010764367,0.006250519
2010-08-12,XLB,-0.03428548,0.014356354
2010-08-13,XLB,0.006379607,-0.009264054
2010-08-16,XLB,-0.0047808858,0.06441987
2010-08-17,XLB,0.00446287,-0.019604089
2010-08-18,XLB,0.023264173,0.019301035
2010-08-19,XLB,0.0037220886,-0.084456466
2010-08-20,XLB,-0.023176733,-0.0015221679
2010-08-23,XLB,-0.002220461,-0.0060943137
2010-08-24,XLB,-0.011176868,-0.06738186
2010-08-25,XLB,-0.02339288,-0.07492666
2010-08-26,XLB,0.0029542118,0.008088948
2010-08-27,XLB,-0.0013119057,0.07085907
2010-08-30,XLB,0.029428154,0.00524919
2010-08-31,XLB,-0.015090991,0.01254419
2010-09-01,XLB,0.004196939,0.06165643
2010-09-02,XLB,0.029521268,0.024704868
2010-09-03,XLB,0.011816058,-0.0075720763
2010-09-06,XLB,0.011678068,-0.0181291
2010-09-07,XLB,0.0,-0.017209891
2010-09-08,XLB,-0.009825071,-0.0094158435
2010-09-09,XLB,0.0076840706,-0.015312163
2010-09-10,XLB,-0.0033737188,0.032218743
2010-09-13,XLB,0.008260717,-0.043468904
2010-09-14,XLB,0.016019687,0.008646572
2010-09-15,XLB,-0.0018007208,-0.023527373
2010-09-16,XLB,-0.0018039693,0.012640372
2010-09-17,XLB,0.0048033716,-0.021154644
2010-09-20,XLB,-0.019887986,0.0037945122
2010-09-21,XLB,0.0063192565,-0.1614721
2010-09-22,XLB,-0.004564134,-0.03323902
2010-09-23,XLB,0.002436797,-0.02178706
2010-09-24,XLB,-0.009475847,0.0041886396
2010-09-27,XLB,0.024273036,-0.13698046
2010-09-28,XLB,-0.0057117245,0.03557593
2010-09-29,XLB,0.0,0.027411861
2010-09-30,XLB,-0.00786929,0.008323481
2010-10-01,XLB,-0.0039579896,-0.016169202
2010-10-04,XLB,0.013032462,-0.0045599598
2010-10-05,XLB,-0.016087765,-0.047863655
2010-10-06,XLB,0.027762797,0.0046879663
2010-10-07,XLB,0.009478744,-0.040880065
2010-10-08,XLB,-0.010074159,0.07061545
2010-10-11,XLB,0.0194639,-0.011153202
2010-10-12,XLB,-0.0017538735,0.012943829
2010-10-13,XLB,0.0026296582,0.009401525
2010-10-14,XLB,0.015921598,0.080020584
2010-10-15,XLB,-0.009522507,0.0010830271
2010-10-18,XLB,0.002895196,0.042616162
2010-10-19,XLB,0.004327138,0.048704356
2010-10-20,XLB,-0.025952762,-0.0055184504
2010-10-21,XLB,0.020468552,0.036376834
2010-10-22,XLB,-0.0002894775,0.0121063385
2010-10-25,XLB,-0.0072643063,0.014398777
2010-10-26,XLB,0.021351071,0.008150704
2010-10-27,XLB,-0.006012903,-0.011111027
2010-10-28,XLB,-0.00923261,-0.06085158
2010-10-29,XLB,0.0005795422,0.035558213
2010-11-01,XLB,0.00807852,-0.031238308
2010-11-02,XLB,-0.00057487783,0.015801955
2010-11-03,XLB,0.010297574,-0.0045228773
2010-11-04,XLB,-0.0028498166,0.08410462
2010-11-05,XLB,0.03229257,0.024260033
2010-11-08,XLB,0.0035857162,-0.02282625
2010-11-09,XLB,0.0024749085,-0.008150473
2010-11-10,XLB,-0.01773391,-0.031999156
2010-11-11,XLB,0.005019531,-0.014916389
2010-11-12,XLB,0.01023947,-0.09028212
2010-11-15,XLB,-0.022554208,-0.011682948
2010-11-16,XLB,-0.007916355,-0.032842264
2010-11-17,XLB,-0.021808611,0.017315377
2010-11-18,XLB,-0.00029014942,0.030782392
2010-11-19,XLB,0.018686758,-0.013596129
2010-11-22,XLB,0.007943304,-0.004506831
2010-11-23,XLB,0.002539863,-0.0030029349
2010-11-24,XLB,-0.019351771,-0.117603496
2010-11-25,XLB,0.019069882,0.0070600933
2010-11-26,XLB,0.0,0.013431097
2010-11-29,XLB,-0.017060408,-0.008047349
2010-11-30,XLB,0.008566585,0.0041169105
2010-12-01,XLB,0.00056850485,-0.006686255
2010-12-02,XLB,0.026914997,-0.100147165
2010-12-03,XLB,0.015099807,0.065741174
2010-12-06,XLB,0.008411392,-0.01232855
2010-12-07,XLB,0.0016198708,-0.023541184
2010-12-08,XLB,0.0013478907,0.15038121
2010-12-09,XLB,-0.010562048,-0.011966468
2010-12-10,XLB,0.005430369,-0.050071023
2010-12-13,XLB,0.0086277155,-0.019018149
2010-12-14,XLB,0.0053547653,-0.037501168
2010-12-15,XLB,-0.0008013891,-0.019576635
2010-12-16,XLB,-0.0053590694,-0.023492651
2010-12-17,XLB,0.009359608,-0.056855798
2010-12-20,XLB,-0.00026620526,-0.041158922
2010-12-21,XLB,0.0031897954,0.012298946
2010-12-22,XLB,0.010034412,-0.00026006743
2010-12-23,XLB,-0.0005256242,0.043383464
2010-12-24,XLB,0.0026253625,0.012686003
2010-12-27,XLB,0.0,-0.044839162
2010-12-28,XLB,0.0015719155,0.00718232
2010-12-29,XLB,0.002092051,-0.064967476
2010-12-30,XLB,0.0041710176,-0.031320848
2010-12-31,XLB,0.0,-0.023413733
2010-01-01,XLK,-0.008684379,0.032367803
2010-01-04,XLK,0.0,-0.08721925
2010-01-05,XLK,0.014718881,0.025516337
2010-01-06,XLK,-0.0012900453,-0.031987026
2010-01-07,XLK,-0.01125066,-0.13920434
2010-01-08,XLK,-0.0039241384,0.10340298
2010-01-11,XLK,0.006531702,0.00084330403
2010-01-12,XLK,-0.0039138994,-0.044830985
2010-01-13,XLK,-0.010953012,0.04034131
2010-01-14,XLK,0.0096449675,-0.044007547
2010-01-15,XLK,0.0026143806,0.099586256
2010-01-18,XLK,-0.014023017,-0.04025186
2010-01-19,XLK,0.0,-0.006865863
2010-01-20,XLK,0.017064514,-0.03312041
2010-01-21,XLK,-0.01618229,0.05999361
2010-01-22,XLK,-0.010638398,0.07355392
2010-01-25,XLK,-0.035377838,0.046129
2010-01-26,XLK,0.008275909,0.035779353
2010-01-27,XLK,-0.0027510333,0.062249776
2010-01-28,XLK,0.008230499,0.061695978
2010-01-29,XLK,-0.029108085,-0.07070732
2010-02-01,XLK,-0.017546384,0.08710205
2010-02-02,XLK,0.011433033,0.04408913
2010-02-03,XLK,0.009856921,-0.09640715
2010-02-04,XLK,0.0023326345,0.081606574
2010-02-05,XLK,-0.028357288,-0.012897491
2010-02-08,XLK,0.0100167785,0.2688954
2010-02-09,XLK,-0.004280625,-0.02640865
2010-02-10,XLK,0.008543004,0.016578661
2010-02-11,XLK,-0.0028395664,0.030954689
2010-02-12,XLK,0.010372559,0.040905353
2010-02-15,XLK,0.0018744147,0.051665895
2010-02-16,XLK,0.0,-0.065847054
2010-02-17,XLK,0.014870162,0.10907347
2010-02-18,XLK,0.002763705,0.050738096
2010-02-19,XLK,0.0064190957,0.0053224475
2010-02-22,XLK,-0.0027459972,0.02455786
2010-02-23,XLK,-0.0018348629,0.26203635
2010-02-24,XLK,-0.012474175,-0.045507982
2010-02-25,XLK,0.0097155515,0.09782694
2010-02-26,XLK,-0.0027662534,0.043378044
2010-03-01,XLK,0.0013840833,0.06123134
2010-03-02,XLK,0.012826562,-0.037388444
2010-03-03,XLK,-0.0013664316,0.08851916
2010-03-04,XLK,0.00045568467,0.051406175
2010-03-05,XLK,0.004091845,0.0601589
2010-03-08,XLK,0.012176024,-0.0195357
2010-03-09,XLK,0.0053643403,0.042389575
2010-03-10,XLK,0.004448406,-0.111366235
2010-03-11,XLK,0.0066357246,-0.020173714
2010-03-12,XLK,0.0039604013,-0.011103866
2010-03-15,XLK,-0.0008787347,0.06141169
2010-03-16,XLK,-0.0008795075,0.020012658
2010-03-17,XLK,0.0074512726,-0.06572829
2010-03-18,XLK,0.0030521061,-0.015343882
2010-03-19,XLK,0.0013051992,-0.026185146
2010-03-22,XLK,-0.0091723725,0.083095014
2010-03-23,XLK,0.0074317283,0.026942415
2010-03-24,XLK,0.009536266,-0.0659801
2010-03-25,XLK,-0.004756766,-0.09897253
2010-03-26,XLK,0.0017323521,0.0046786657
2010-03-29,XLK,-0.0047712084,-0.03354551
2010-03-30,XLK,0.0030388562,-0.0384944
2010-03-31,XLK,0.0043252665,-0.09779026
2010-04-01,XLK,-0.0030257208,0.054569498
2010-04-02,XLK,-0.0017331027,0.01959433
2010-04-05,XLK,0.0,-0.062265407
2010-04-06,XLK,0.011640571,0.017614769
2010-04-07,XLK,0.0008568981,0.055423208
2010-04-08,XLK,-0.003861837,0.02225114
2010-04-09,XLK,0.0017182134,0.09302634
2010-04-12,XLK,0.0076956344,-0.065133736
2010-04-13,XLK,0.0021272078,-0.0046815984
2010-04-14,XLK,0.0029705092,-0.05830189
2010-04-15,XLK,0.014303988,-0.026857186
2010-04-16,XLK,0.0045842966,-0.08724181
2010-04-19,XLK,-0.013394926,0.02378001
2010-04-20,XLK,0.002104821,-0.096792236
2010-04-21,XLK,0.00545189,0.107963406
2010-04-22,XLK,0.0020889917,0.00963317
2010-04-23,XLK,0.0025010435,-0.009943997
2010-04-26,XLK,0.0024948039,-0.04981723
2010-04-27,XLK,-0.0012466239,-0.0615713
2010-04-28,XLK,-0.019736102,0.113865
2010-04-29,XLK,0.0029642198,0.0042551206
2010-04-30,XLK,0.010096846,-0.03502852
2010-05-03,XLK,-0.021194136,-0.047803164
2010-05-04,XLK,0.013631074,-0.035109486
2010-05-05,XLK,-0.029099187,0.07289082
2010-05-06,XLK,-0.004351617,-0.04993032
2010-05-07,XLK,-0.030553628,-0.043979604
2010-05-10,XLK,-0.022278711,0.0605805
2010-05-11,XLK,0.044951387,0.0431186
2010-05-12,XLK,-0.006615239,0.0033509764
2010-05-13,XLK,0.025771245,-0.07784664
2010-05-14,XLK,-0.014770034,0.073263876
2010-05-17,XLK,-0.019443829,0.04849492
2010-05-18,XLK,0.0048965155,-0.10517724
2010-05-19,XLK,-0.015212822,0.045770977
2010-05-20,XLK,-0.0076940865,0.18048401
2010-05-21,XLK,-0.03232045,-0.037296224
2010-05-24,XLK,0.007480166,0.029139346
2010-05-25,XLK,-0.0046685426,-0.04107283
2010-05-26,XLK,-0.0028116233,0.042460486
2010-05-27,XLK,-0.009903406,-0.036263406
2010-05-28,XLK,0.03355394,-0.060202833
2010-05-31,XLK,-0.008283527,0.033701584
2010-06-01,XLK,0.0,-0.07836963
2010-06-02,XLK,-0.009751645,-0.082757264
2010-06-03,XLK,0.022151344,-0.04657014
2010-06-04,XLK,0.009991,-0.05648025
2010-06-07,XLK,-0.03260909,-0.036791522
2010-06-08,XLK,-0.014578203,-0.04950464
2010-06-09,XLK,0.0018930436,-0.038246624
2010-06-10,XLK,-0.0052145175,-0.13576916
2010-06-11,XLK,0.023950428,-0.101212636
2010-06-14,XLK,0.008778065,0.07981224
2010-06-15,XLK,-0.0018416211,-0.079496525
2010-06-16,XLK,0.025928222,-0.023045745
2010-06-17,XLK,0.0026905846,-0.182616
2010-06-18,XLK,0.0035762219,0.16811912
2010-06-21,XLK,-0.0035762219,-0.042088177
2010-06-22,XLK,-0.0071910424,-0.103696175
2010-06-23,XLK,-0.008607075,-0.06579536
2010-06-24,XLK,-0.0018214941,-0.0154854935
2010-06-25,XLK,-0.02025852,-0.045542166
2010-06-28,XLK,-0.0011634673,-0.034123115
2010-06-29,XLK,0.0020932674,0.026071018
2010-06-30,XLK,-0.03788332,-0.040430043
2010-07-01,XLK,-0.015564516,0.12679702
2010-07-02,XLK,-0.0039292783,0.08972776
2010-07-05,XLK,-0.0014774689,-0.041351408
2010-07-06,XLK,0.0,-0.025986565
2010-07-07,XLK,0.009808809,-0.0659568
2010-07-08,XLK,0.031702943,-0.017407442
2010-07-09,XLK,0.006127759,-0.06642238
2010-07-12,XLK,0.0051558586,-0.023303576
2010-07-13,XLK,0.004664188,-0.047031246
2010-07-14,XLK,0.014322259,-0.041124783
2010-07-15,XLK,0.0059455927,-0.011507913
2010-07-16,XLK,0.0031868909,0.048355564
2010-07-19,XLK,-0.028937405,0.08551912
2010-07-20,XLK,0.009661911,-0.052803148
2010-07-21,XLK,0.0064665354,0.14678177
2010-07-22,XLK,-0.012042758,-0.042936813
2010-07-23,XLK,0.026668247,0.023341719
2010-07-26,XLK,0.0067827525,-0.043003533
2010-07-27,XLK,0.0058414005,0.015289266
2010-07-28,XLK,0.003131293,0.05736582
2010-07-29,XLK,-0.008071792,-0.09075777
2010-07-30,XLK,-0.009045742,-0.0654929
2010-08-02,XLK,-0.0040974333,-0.008060475
2010-08-03,XLK,0.02076824,0.12481263
2010-08-04,XLK,-0.005376357,0.013670231
2010-08-05,XLK,0.008053735,-0.03486384
2010-08-06,XLK,-0.004466287,-0.05609984
2010-08-09,XLK,-0.0026893786,-0.0355323
2010-08-10,XLK,0.0067099333,-0.058893472
2010-08-11,XLK,-0.01030706,0.063484326
2010-08-12,XLK,-0.024163473,-0.21462066
2010-08-13,XLK,-0.013940746,-0.044599768
2010-08-16,XLK,-0.00469044,0.06122594
2010-08-17,XLK,0.0018788169,-0.05932499
2010-08-18,XLK,0.010735226,-0.029962508
2010-08-19,XLK,0.0055555697,-0.09782521
2010-08-20,XLK,-0.012076319,-0.03430932
2010-08-23,XLK,-0.0023391824,0.06521357
2010-08-24,XLK,-0.008939133,0.1244043
2010-08-25,XLK,-0.013799886,-0.0052254787
2010-08-26,XLK,0.0062097167,-0.070680164
2010-08-27,XLK,-0.010050336,-0.024383916
2010-08-30,XLK,0.011953286,-0.07623137
2010-08-31,XLK,-0.0133973295,0.05555623
2010-09-01,XLK,-0.0033775666,-0.0029867701
2010-09-02,XLK,0.02529364,-0.16251229
2010-09-03,XLK,0.00891397,-0.10589074
2010-09-06,XLK,0.014835692,0.03120022
2010-09-07,XLK,0.0,-0.09901728
2010-09-08,XLK,-0.008317978,-0.007908545
2010-09-09,XLK,0.005552999,-0.01921222
2010-09-10,XLK,0.0027649787,0.009669606
2010-09-13,XLK,0.00046008744,0.010919296
2010-09-14,XLK,0.017780272,0.0765756
2010-09-15,XLK,0.00405863,-0.13143651
2010-09-16,XLK,0.006280864,0.043164473
2010-09-17,XLK,0.0057971175,-0.03713864
2010-09-20,XLK,0.0017769885,0.03255238
2010-09-21,XLK,0.014540904,0.014037994
2010-09-22,XLK,-0.0017513139,0.0049648318
2010-09-23,XLK,-0.0048319884,-0.008025799
2010-09-24,XLK,-0.0013218772,0.2589048
2010-09-27,XLK,0.019214565,0.013857719
2010-09-28,XLK,0.00043243243,0.16626994
2010-09-29,XLK,0.0012961765,0.007561399
2010-09-30,XLK,-0.0021612283,0.018666377
2010-10-01,XLK,-0.003902021,0.025949204
2010-10-04,XLK,0.00043431052,0.02670424
2010-10-05,XLK,-0.008284329,-0.057958696
2010-10-06,XLK,0.0195107,0.050102968
2010-10-07,XLK,-0.004734246,0.053609356
2010-10-08,XLK,0.0,0.11845533
2010-10-11,XLK,0.0055926153,-0.026076242
2010-10-12,XLK,0.0017145311,0.055137802
2010-10-13,XLK,0.0059778146,-0.13798183
2010-10-14,XLK,0.008056011,0.11695522
2010-10-15,XLK,0.00042220816,0.05052976
2010-10-18,XLK,0.016743798,-0.06659781
2010-10-19,XLK,0.006619801,-0.00042210432
2010-10-20,XLK,-0.017891053,-0.050629906
2010-10-21,XLK,0.008361253,-0.05590634
2010-10-22,XLK,0.000832293,-0.039713167
2010-10-25,XLK,0.0029075826,-0.12359641
2010-10-26,XLK,0.002899153,0.09718921
2010-10-27,XLK,0.002478316,0.065159194
2010-10-28,XLK,0.002883627,-0.03472187
2010-10-29,XLK,0.0,0.0481575
2010-11-01,XLK,0.0016440612,0.013774422
2010-11-02,XLK,0.0008210181,0.12227707
2010-11-03,XLK,0.009799996,-0.06702427
2010-11-04,XLK,0.005672625,-0.0018783135
2010-11-05,XLK,0.014838853,0.11963565
2010-11-08,XLK,-0.0007964955,0.046905797
2010-11-09,XLK,0.0007964955,0.060731117
2010-11-10,XLK,-0.0027905141,0.10561403
2010-11-11,XLK,0.00079808466,0.035837818
2010-11-12,XLK,-0.01547614,-0.12574533
2010-11-15,XLK,-0.014074684,-0.0102077
2010-11-16,XLK,-0.0028800678,-0.0121482
2010-11-17,XLK,-0.01829573,0.0054569445
2010-11-18,XLK,0.0004195511,0.073589385
2010-11-19,XLK,0.016639318,0.14156407
2010-11-22,XLK,0.002883627,0.14905293
2010-11-23,XLK,0.0057424274,-0.034439567
2010-11-24,XLK,-0.014833399,-0.0660327
2010-11-25,XLK,0.016468054,0.012137109
2010-11-26,XLK,0.0,-0.032977924
2010-11-29,XLK,-0.009848254,0.07109531
2010-11-30,XLK,-0.0024772927,-0.103406616
2010-12-01,XLK,-0.009971001,-0.03642308
2010-12-02,XLK,0.021070806,-0.13629998
2010-12-03,XLK,0.011786358,-0.030054014
2010-12-06,XLK,0.0022197568,-0.05688698
2010-12-07,XLK,0.00020155196,-0.024789153
2010-12-08,XLK,0.0012084594,0.0947487
2010-12-09,XLK,0.00841857,-0.012508675
2010-12-10,XLK,0.00079808466,-0.10677689
2010-12-13,XLK,0.004576667,-0.04159158
2010-12-14,XLK,-0.001788376,0.121777005
2010-12-15,XLK,0.0015898255,-0.041125555
2010-12-16,XLK,-0.0039793127,-0.035647683
2010-12-17,XLK,0.0015936259,-0.07572115
2010-12-20,XLK,-0.0015936259,-0.052494522
2010-12-21,XLK,0.0007971304,-0.06255702
2010-12-22,XLK,0.0059583094,-0.04147152
2010-12-23,XLK,-0.0011888252,0.06486604
2010-12-24,XLK,-0.00039658934,0.073716626
2010-12-27,XLK,0.0,-0.03904734
2010-12-28,XLK,0.0019813757,-0.16285025
2010-12-29,XLK,-0.0011883542,0.012837779
2010-12-30,XLK,0.0019798067,-0.04565425
2010-12-31,XLK,-0.0023762388,0.01113181
2010-01-01,XLV,-0.013427312,-0.018955257
2010-01-04,XLV,0.0,0.044849448
2010-01-05,XLV,0.017230803,-0.03954513
2010-01-06,XLV,-0.009855429,-0.032711793
2010-01-07,XLV,0.010171734,-0.13590209
2010-01-08,XLV,0.0034727738,0.07398859
2010-01-11,XLV,0.0015745555,0.0174618
2010-01-12,XLV,0.0056479597,0.030001322
2010-01-13,XLV,-0.0072225155,0.21966736
2010-01-14,XLV,0.013149845,-0.02230167
2010-01-15,XLV,0.008979779,0.014441504
2010-01-18,XLV,-0.0068048513,-0.033688545
2010-01-19,XLV,0.0,0.022329459
2010-01-20,XLV,0.023920184,-0.031388283
2010-01-21,XLV,-0.008521049,0.050167393
2010-01-22,XLV,-0.021938158,-0.033962008
2010-01-25,XLV,-0.010994299,0.017756326
2010-01-26,XLV,0.0,0.33333334
2010-01-27,XLV,-0.005701631,-0.005929446
2010-01-28,XLV,0.0069642575,0.031647384
2010-01-29,XLV,-0.006329135,-0.08261137
2010-02-01,XLV,-0.0070086303,-0.026688954
2010-02-02,XLV,0.0057379818,0.01720733
2010-02-03,XLV,0.02045061,0.04277984
2010-02-04,XLV,-0.013481941,-0.035377745
2010-02-05,XLV,-0.025576841,-0.05537046
2010-02-08,XLV,-0.0016204832,0.21640866
2010-02-09,XLV,-0.0048772655,-0.20098333
2010-02-10,XLV,0.007792247,0.020244228
2010-02-11,XLV,-0.0061638476,0.042021986
2010-02-12,XLV,0.006810469,0.029987337
2010-02-15,XLV,-0.0022650065,0.028040888
2010-02-16,XLV,0.0,-0.054203246
2010-02-17,XLV,0.008708328,0.07460876
2010-02-18,XLV,0.0076775807,0.13669685
2010-02-19,XLV,0.0047687264,0.09633603
2010-02-22,XLV,0.0,0.01471484
2010-02-23,XLV,-0.002858506,0.11982297
2010-02-24,XLV,-0.009587801,-0.0431515
2010-02-25,XLV,0.0073588556,-0.062502034
2010-02-26,XLV,0.0006373486,0.0653956
2010-03-01,XLV,0.00031852207,0.03931773
2010-03-02,XLV,0.009508788,0.04768096
2010-03-03,XLV,0.003464025,0.018604392
2010-03-04,XLV,-0.004095139,-0.027180012
2010-03-05,XLV,-0.0031615582,0.058874644
2010-03-08,XLV,0.013836699,-0.27805945
2010-03-09,XLV,-0.0059514665,0.04822714
2010-03-10,XLV,-0.0006285355,0.11808635
2010-03-11,XLV,0.0006285355,0.022889037
2010-03-12,XLV,0.007823542,0.058020357
2010-03-15,XLV,-0.007509422,0.055327192
2010-03-16,XLV,0.0065738223,0.024144078
2010-03-17,XLV,0.0028041769,-0.027369807
2010-03-18,XLV,0.00031109038,-0.021497829
2010-03-19,XLV,0.0068196175,0.12942496
2010-03-22,XLV,-0.0037140248,0.2801755
2010-03-23,XLV,0.006490519,0.03678014
2010-03-24,XLV,0.004917035,-0.04729272
2010-03-25,XLV,-0.010787591,0.016421694
2010-03-26,XLV,-0.004036646,0.08280712
2010-03-29,XLV,-0.0074953507,0.37005302
2010-03-30,XLV,0.010601908,-0.057043996
2010-03-31,XLV,0.0,0.018202208
2010-04-01,XLV,-0.0034177445,0.20169884
2010-04-02,XLV,0.005586607,0.074111514
2010-04-05,XLV,0.0,-0.034628082
2010-04-06,XLV,-0.0027894021,0.014128629
2010-04-07,XLV,-0.0006209252,-0.010359421
2010-04-08,XLV,-0.0043573054,-0.044039834
2010-04-09,XLV,-0.0037500043,0.038044006
2010-04-12,XLV,0.0043736403,-0.038304675
2010-04-13,XLV,-0.002809429,0.0056969672
2010-04-14,XLV,0.0009373536,-0.014471319
2010-04-15,XLV,-0.0034412672,0.039430622
2010-04-16,XLV,-0.0028244173,-0.04793228
2010-04-19,XLV,-0.0059889858,0.005565141
2010-04-20,XLV,0.008186444,0.061800726
2010-04-21,XLV,0.00219264,0.08400146
2010-04-22,XLV,-0.017677229,0.04194109
2010-04-23,XLV,-0.0115311975,0.01883859
2010-04-26,XLV,0.009937571,0.0993344
2010-04-27,XLV,-0.010582109,-0.024725424
2010-04-28,XLV,-0.011673285,-0.0015967195
2010-04-29,XLV,0.0065019736,-0.26366198
2010-04-30,XLV,0.013518069,-0.021762243
2010-05-03,XLV,-0.012870191,-0.019257156
2010-05-04,XLV,0.0048457533,0.16376378
2010-05-05,XLV,-0.005817728,0.0019128737
2010-05-06,XLV,0.0032362489,-0.011871377
2010-05-07,XLV,-0.027183596,-0.38450846
2010-05-10,XLV,-0.013369183,0.054937065
2010-05-11,XLV,0.026561987,-0.23090576
2010-05-12,XLV,-0.001967859,-0.18670112
2010-05-13,XLV,0.008173987,0.04027477
2010-05-14,XLV,-0.010803837,0.033945136
2010-05-17,XLV,-0.013587615,0.031516396
2010-05-18,XLV,0.0,0.02431298
2010-05-19,XLV,-0.008040245,0.07036755
2010-05-20,XLV,-0.0023573004,0.098594435
2010-05-21,XLV,-0.031857464,0.026860867
2010-05-24,XLV,0.0024335142,0.019636424
2010-05-25,XLV,-0.0024335142,-0.009245276
2010-05-26,XLV,-0.0041855657,0.061204188
2010-05-27,XLV,-0.0063113812,-0.025006374
2010-05-28,XLV,0.020195672,-0.050542336
2010-05-31,XLV,-0.0048376042,0.0169469
2010-06-01,XLV,0.0,-0.031714864
2010-06-02,XLV,-0.011146057,0.026964746
2010-06-03,XLV,0.021483848,0.081551455
2010-06-04,XLV,0.005810989,-0.020406513
2010-06-07,XLV,-0.029749686,-0.023962293
2010-06-08,XLV,-0.0014054816,-0.051914923
2010-06-09,XLV,0.0024582979,-0.046018936
2010-06-10,XLV,-0.0045702313,0.021951722
2010-06-11,XLV,0.018848725,-0.10957512
2010-06-14,XLV,0.00826451,-0.09688479
2010-06-15,XLV,0.0017132092,0.0117941825
2010-06-16,XLV,0.016972573,0.042444497
2010-06-17,XLV,0.0036956198,-0.07725652
2010-06-18,XLV,0.0013404827,0.13959119
2010-06-21,XLV,-0.010436048,0.02597477
2010-06-22,XLV,-0.0016934805,0.140585
2010-06-23,XLV,-0.009879147,-0.036448404
2010-06-24,XLV,-0.0041166437,0.053619716
2010-06-25,XLV,-0.0072451583,-0.02131253
2010-06-28,XLV,0.004491284,-0.07643903
2010-06-29,XLV,-0.0017250306,0.08706773
2010-06-30,XLV,-0.018470641,-0.009037649
2010-07-01,XLV,-0.008122948,-0.0522858
2010-07-02,XLV,-0.00854706,0.05319043
2010-07-05,XLV,0.002500448,0.054258637
2010-07-06,XLV,0.0,-0.12318215
2010-07-07,XLV,0.0049822167,-0.026866373
2010-07-08,XLV,0.019336162,0.027973885
2010-07-09,XLV,0.008321824,-0.1147834
2010-07-12,XLV,0.0024142105,-0.02122692
2010-07-13,XLV,-0.0017238412,-0.0014357473
2010-07-14,XLV,0.0075627724,-0.08899029
2010-07-15,XLV,0.0,0.014125562
2010-07-16,XLV,0.0030774516,0.07578657
2010-07-19,XLV,-0.021046145,0.06332541
2010-07-20,XLV,0.004522533,0.006625004
2010-07-21,XLV,-0.0027806761,0.07702053
2010-07-22,XLV,-0.016494496,-0.029736562
2010-07-23,XLV,0.006349228,0.0017557259
2010-07-26,XLV,-0.00035167928,-0.02231461
2010-07-27,XLV,0.014318387,-0.13600227
2010-07-28,XLV,0.0010396813,0.01001581
2010-07-29,XLV,-0.013600907,-0.12385517
2010-07-30,XLV,-0.0007024939,-0.038806878
2010-08-02,XLV,0.0038576236,0.09595051
2010-08-03,XLV,0.018724542,0.07826181
2010-08-04,XLV,0.0082107885,-0.15301533
2010-08-05,XLV,0.009832255,0.12843122
2010-08-06,XLV,0.000337325,-0.023025049
2010-08-09,XLV,0.002021564,0.06223607
2010-08-10,XLV,0.0026890773,-0.06927277
2010-08-11,XLV,0.0023470253,-0.12705818
2010-08-12,XLV,-0.02612532,-0.108773984
2010-08-13,XLV,0.0041166437,-0.021457778
2010-08-16,XLV,-0.0037729421,0.09781109
2010-08-17,XLV,-0.00516797,0.07341474
2010-08-18,XLV,0.013722342,-0.068140484
2010-08-19,XLV,-0.0013637915,0.04820251
2010-08-20,XLV,-0.018595576,-0.01936056
2010-08-23,XLV,-0.0034818978,0.040320754
2010-08-24,XLV,0.004524107,-0.13140857
2010-08-25,XLV,-0.021762881,0.16793789
2010-08-26,XLV,0.009887086,-0.0507005
2010-08-27,XLV,-0.0063447515,-0.024484633
2010-08-30,XLV,0.010202375,0.029051438
2010-08-31,XLV,-0.012680692,-0.115993574
2010-09-01,XLV,-0.0039069485,-0.06282946
2010-09-02,XLV,0.022868192,-0.0069542346
2010-09-03,XLV,0.0052038277,-0.05378236
2010-09-06,XLV,0.009299189,0.21641721
2010-09-07,XLV,0.0,0.028025309
2010-09-08,XLV,-0.005844954,-0.013586309
2010-09-09,XLV,0.0055020773,-0.021126326
2010-09-10,XLV,0.010574889,0.012416409
2010-09-13,XLV,0.010128378,0.030555263
2010-09-14,XLV,0.0023486004,-0.01923243
2010-09-15,XLV,0.0033456036,-0.081517294
2010-09-16,XLV,0.0093085775,0.01918869
2010-09-17,XLV,-0.003978785,-0.0010829809
2010-09-20,XLV,-0.005329793,0.035152216
2010-09-21,XLV,0.013271595,-0.018069139
2010-09-22,XLV,0.00074132043,-0.013396028
2010-09-23,XLV,0.0015632074,0.07222746
2010-09-24,XLV,-0.005275317,-0.008789574
2010-09-27,XLV,0.013462689,0.01906961
2010-09-28,XLV,-0.0075299097,-0.047421485
2010-09-29,XLV,0.0081820125,0.10452982
2010-09-30,XLV,-0.0035918406,-0.01827144
2010-10-01,XLV,-0.002620375,-0.03869461
2010-10-04,XLV,0.0,-0.01902482
2010-10-05,XLV,-0.009888018,-0.03186649
2010-10-06,XLV,0.01837925,0.03387507
2010-10-07,XLV,-0.0039100735,-0.018064836
2010-10-08,XLV,0.0019569478,-0.20029932
2010-10-11,XLV,0.0026033206,-0.0012307094
2010-10-12,XLV,0.0006497726,0.046072807
2010-10-13,XLV,0.002270885,0.029198766
2010-10-14,XLV,0.007103679,0.015786264
2010-10-15,XLV,-0.0019323678,0.006731369
2010-10-18,XLV,0.0041820873,-0.021798458
2010-10-19,XLV,0.009266722,0.1106409
2010-10-20,XLV,-0.018944217,-0.022957057
2010-10-21,XLV,0.009356416,-0.036572367
2010-10-22,XLV,0.0025657488,-0.0148767475
2010-10-25,XLV,0.00032025622,-0.024359077
2010-10-26,XLV,0.0054287217,0.059439637
2010-10-27,XLV,-0.0028703576,-0.048146166
2010-10-28,XLV,-0.006086836,-0.011807994
2010-10-29,XLV,0.005767398,-0.045834336
2010-11-01,XLV,-0.0041620038,-0.05274627
2010-11-02,XLV,0.0,-0.018990576
2010-11-03,XLV,0.009578617,-0.036592003
2010-11-04,XLV,0.00063532405,0.090703554
2010-11-05,XLV,0.004783713,0.055475645
2010-11-08,XLV,-0.0060547646,-4.3612676e-05
2010-11-09,XLV,-0.002546961,-0.05093247
2010-11-10,XLV,-0.004152697,-0.026250025
2010-11-11,XLV,-0.0003201537,-0.022251695
2010-11-12,XLV,0.0028777,0.025390346
2010-11-15,XLV,-0.012530284,0.057987075
2010-11-16,XLV,0.00032325846,-0.05711785
2010-11-17,XLV,-0.014651084,-0.17756888
2010-11-18,XLV,0.0016385388,-0.027992437
2010-11-19,XLV,0.013981694,-0.008902512
2010-11-22,XLV,0.0008875621,-0.0032256811
2010-11-23,XLV,0.00040317705,-0.021180997
2010-11-24,XLV,-0.014617769,-0.19252717
2010-11-25,XLV,0.009282698,-0.108898915
2010-11-26,XLV,0.0,0.008486319
2010-11-29,XLV,-0.008628462,0.04465061
2010-11-30,XLV,-0.0009815149,0.0011136335
2010-12-01,XLV,-0.009207563,-0.037164308
2010-12-02,XLV,0.018979628,-0.038796157
2010-12-03,XLV,0.0077494737,-0.007181665
2010-12-06,XLV,0.0,-0.059577204
2010-12-07,XLV,-0.006453717,-0.008184852
2010-12-08,XLV,0.0006472492,-0.0020002066
2010-12-09,XLV,0.000970089,-0.029319983
2010-12-10,XLV,0.0016147266,0.049452294
2010-12-13,XLV,0.009633986,-0.036886077
2010-12-14,XLV,0.0015966792,-0.06840841
2010-12-15,XLV,0.010000877,-0.034735646
2010-12-16,XLV,-0.003005618,-0.010051658
2010-12-17,XLV,0.0069466652,0.0135706505
2010-12-20,XLV,-0.0034673007,-0.04520174
2010-12-21,XLV,-0.0003158061,-0.07572744
2010-12-22,XLV,-0.0025300456,-0.04219629
2010-12-23,XLV,0.0027669095,0.30978706
2010-12-24,XLV,-0.0005527698,-0.06624588
2010-12-27,XLV,0.0,0.012163287
2010-12-28,XLV,-0.0018975338,0.017472578
2010-12-29,XLV,0.0006329114,-0.1195043
2010-12-30,XLV,0.00031630555,-0.012126077
2010-12-31,XLV,-0.0034848761,-0.06586888
2010-01-01,XLI,-0.0125158075,-0.0013444378
2010-01-04,XLI,0.0,-0.01609097
2010-01-05,XLI,0.018892026,-0.046137888
2010-01-06,XLI,0.0035248538,-0.016450003
2010-01-07,XLI,0.002108964,-0.11148407
2010-01-08,XLI,0.010826018,-0.01069949
2010-01-11,XLI,0.01585147,-0.112320654
2010-01-12,XLI,0.01088076,-0.08512934
2010-01-13,XLI,-0.008149451,-0.06337597
2010-01-14,XLI,0.004083027,-0.041672625
2010-01-15,XLI,0.0,0.01588461
2010-01-18,XLI,-0.0129871955,-0.07213205
2010-01-19,XLI,0.0,-0.046055164
2010-01-20,XLI,0.010947766,-0.019088237
2010-01-21,XLI,-0.015429759,0.023133213
2010-01-22,XLI,-0.023423549,0.05047241
2010-01-25,XLI,-0.015327336,-0.008490464
2010-01-26,XLI,0.0064447057,0.03591672
2010-01-27,XLI,-0.004291852,-0.07342801
2010-01-28,XLI,0.0028632805,0.0158475
2010-01-29,XLI,-0.011502643,-0.08486404
2010-02-01,XLI,-0.010174506,-0.055244617
2010-02-02,XLI,0.014863424,0.030956754
2010-02-03,XLI,0.018892026,0.018082108
2010-02-04,XLI,-0.0060209143,0.024809612
2010-02-05,XLI,-0.02992832,-0.05247815
2010-02-08,XLI,-0.0044020615,0.124811426
2010-02-09,XLI,-0.011090687,-0.039306656
2010-02-10,XLI,0.019146388,0.041318346
2010-02-11,XLI,-0.0014598543,0.035122145
2010-02-12,XLI,0.014863424,0.006625459
2010-02-15,XLI,-0.007948019,0.020562323
2010-02-16,XLI,0.0,0.10111514
2010-02-17,XLI,0.02330272,-0.023046933
2010-02-18,XLI,0.008468647,0.15931368
2010-02-19,XLI,0.009094152,-0.038734317
2010-02-22,XLI,0.004862809,-0.08213812
2010-02-23,XLI,0.0006927607,0.20159495
2010-02-24,XLI,-0.012894411,-0.039010946
2010-02-25,XLI,0.010120484,0.12563422
2010-02-26,XLI,-0.0024335142,0.01868295
2010-03-01,XLI,0.0038214393,0.020028206
2010-03-02,XLI,0.013090094,-0.05160155
2010-03-03,XLI,0.0017096944,0.07502197
2010-03-04,XLI,0.001365654,0.07437754
2010-03-05,XLI,0.0047651553,0.03395576
2010-03-08,XLI,0.01516457,0.04294523
2010-03-09,XLI,-0.0046932707,0.026551418
2010-03-10,XLI,0.008032172,-0.02006984
2010-03-11,XLI,0.0019980026,0.022815138
2010-03-12,XLI,0.0036526688,0.042996887
2010-03-15,XLI,0.006607226,0.03294315
2010-03-16,XLI,0.0,0.025435533
2010-03-17,XLI,0.013409849,-0.06667643
2010-03-18,XLI,0.0016231135,0.1270776
2010-03-19,XLI,0.0067884536,0.07151849
2010-03-22,XLI,-0.007437383,-0.006516633
2010-03-23,XLI,0.0029168713,0.016576024
2010-03-24,XLI,0.011263193,0.08151816
2010-03-25,XLI,-0.0070648976,-0.060553193
2010-03-26,XLI,-0.00064474536,-0.021635367
2010-03-29,XLI,0.0025764909,0.036051527
2010-03-30,XLI,0.008965798,0.010010906
2010-03-31,XLI,0.0015926106,-0.057927486
2010-04-01,XLI,-0.005745308,0.045781374
2010-04-02,XLI,0.0063816425,-0.12437992
2010-04-05,XLI,0.0,-0.01919796
2010-04-06,XLI,0.007288893,0.025583649
2010-04-07,XLI,0.0003157064,0.08561409
2010-04-08,XLI,-0.005698021,0.031441156
2010-04-09,XLI,0.0032486855,0.06172887
2010-04-12,XLI,0.0056009297,-0.056821615
2010-04-13,XLI,0.002200221,0.010981297
2010-04-14,XLI,0.0015686278,-0.098503426
2010-04-15,XLI,0.01277077,0.077016294
2010-04-16,XLI,0.009548818,0.03442538
2010-04-19,XLI,-0.016381143,0.011407512
2010-04-20,XLI,-0.0018714915,0.059110746
2010-04-21,XLI,0.011485459,0.026126277
2010-04-22,XLI,0.006767174,0.014471475
2010-04-23,XLI,0.009154779,0.050150264
2010-04-26,XLI,0.0060569537,0.15107019
2010-04-27,XLI,0.0021112962,-0.025975818
2010-04-28,XLI,-0.024398893,0.02087801
2010-04-29,XLI,0.007075864,0.026515977
2010-04-30,XLI,0.02243198,-0.024659367
2010-05-03,XLI,-0.023965959,0.03598684
2010-05-04,XLI,0.019760486,-0.054807484
2010-05-05,XLI,-0.03211776,0.028991072
2010-05-06,XLI,-0.012826704,-0.027186481
2010-05-07,XLI,-0.033619303,-0.027571676
2010-05-10,XLI,-0.022391453,0.109810464
2010-05-11,XLI,0.055695843,-0.054748006
2010-05-12,XLI,-0.002838671,0.070888534
2010-05-13,XLI,0.021869037,-0.0018125344
2010-05-14,XLI,-0.015571788,-0.014915549
2010-05-17,XLI,-0.021253774,0.049066044
2010-05-18,XLI,-0.0025682198,0.04321934
2010-05-19,XLI,-0.012615402,0.057110976
2010-05-20,XLI,-0.012776586,-0.020537214
2010-05-21,XLI,-0.044496723,0.042422924
2010-05-24,XLI,0.014034117,0.034467157
2010-05-25,XLI,-0.015068778,-0.077368766
2010-05-26,XLI,-0.0006903694,-0.113998435
2010-05-27,XLI,0.00206968,-0.015881855
2010-05-28,XLI,0.033212133,0.1111898
2010-05-31,XLI,-0.01342302,0.016385378
2010-06-01,XLI,0.0,-0.020305896
2010-06-02,XLI,-0.02254964,0.039821338
2010-06-03,XLI,0.025585568,0.13457382
2010-06-04,XLI,0.004620498,-0.029367147
2010-06-07,XLI,-0.047985863,0.0027468463
2010-06-08,XLI,-0.026012512,0.018350309
2010-06-09,XLI,0.01041489,-0.03410141
2010-06-10,XLI,0.0,0.15406689
2010-06-11,XLI,0.03785941,0.0006032831
2010-06-14,XLI,0.0034340692,-0.11179227
2010-06-15,XLI,-0.0010289832,-0.053716537
2010-06-16,XLI,0.029752025,-0.07354808
2010-06-17,XLI,-0.0026684473,-0.1155447
2010-06-18,XLI,0.003001503,0.12105536
2010-06-21,XLI,-0.0009995003,-0.065950386
2010-06-22,XLI,0.0016652793,0.04435241
2010-06-23,XLI,-0.02450752,-0.039261274
2010-06-24,XLI,-0.003844023,-0.01724362
2010-06-25,XLI,-0.017613994,-0.09593171
2010-06-28,XLI,0.0076362747,0.021912223
2010-06-29,XLI,-0.0069396533,-0.028365783
2010-06-30,XLI,-0.039415717,0.09097198
2010-07-01,XLI,-0.006540721,0.1344151
2010-07-02,XLI,-0.0029207761,0.08019953
2010-07-05,XLI,-0.012509361,0.0370437
2010-07-06,XLI,0.0,0.046903174
2010-07-07,XLI,0.001849455,-0.037414476
2010-07-08,XLI,0.03414789,0.08038456
2010-07-09,XLI,0.012775191,0.033787537
2010-07-12,XLI,0.00982464,0.097046465
2010-07-13,XLI,-0.0052511934,-0.026565304
2010-07-14,XLI,0.017397795,0.0149144
2010-07-15,XLI,0.0020675403,0.13048539
2010-07-16,XLI,-0.00034429334,0.16362213
2010-07-19,XLI,-0.0339728,0.07591739
2010-07-20,XLI,0.005683852,0.19207492
2010-07-21,XLI,0.015466037,0.27054653
2010-07-22,XLI,-0.002444562,-0.033570386
2010-07-23,XLI,0.03030535,-0.010897207
2010-07-26,XLI,0.01981593,0.08444075
2010-07-27,XLI,0.016163968,-0.026229026
2010-07-28,XLI,-0.0068954467,-0.012299435
2010-07-29,XLI,-0.0026393945,-0.073107235
2010-07-30,XLI,-0.00330907,0.05717358
2010-08-02,XLI,0.003969572,-0.0037707724
2010-08-03,XLI,0.019614883,0.1641131
2010-08-04,XLI,-0.0051931306,-0.17691556
2010-08-05,XLI,0.008747828,0.087287664
2010-08-06,XLI,0.0006449533,0.016132772
2010-08-09,XLI,-0.0054954076,-0.031918827
2010-08-10,XLI,0.005172983,0.08128786
2010-08-11,XLI,-0.006795043,0.06785329
2010-08-12,XLI,-0.038052566,-0.051379308
2010-08-13,XLI,-0.0071078315,-0.010489806
2010-08-16,XLI,-0.0013596195,-0.006223718
2010-08-17,XLI,-0.0020429017,0.08159543
2010-08-18,XLI,0.017233066,-0.051244475
2010-08-19,XLI,0.0036783188,-0.054143395
2010-08-20,XLI,-0.021593282,-0.014333634
2010-08-23,XLI,-0.0051290933,0.049302027
2010-08-24,XLI,-0.011030791,-0.1344876
2010-08-25,XLI,-0.020662615,-0.028127046
2010-08-26,XLI,-0.0017708523,-0.036555566
2010-08-27,XLI,-0.0014189432,-0.03757293
2010-08-30,XLI,0.0200323,-0.25
2010-08-31,XLI,-0.015428076,0.08910668
2010-09-01,XLI,-0.0038944995,0.2985234
2010-09-02,XLI,0.038961448,-0.02843724
2010-09-03,XLI,0.012544664,-0.04704253
2010-09-06,XLI,0.015047935,-0.0365456
2010-09-07,XLI,0.0,-0.02807927
2010-09-08,XLI,-0.0093365135,0.055902563
2010-09-09,XLI,0.010331703,0.11782288
2010-09-10,XLI,-0.00099519,0.031130454
2010-09-13,XLI,0.008921255,-0.007914713
2010-09-14,XLI,0.009820046,-0.015629176
2010-09-15,XLI,-0.0029359017,-0.05441788
2010-09-16,XLI,0.0,0.031337887
2010-09-17,XLI,-0.001307617,0.026190042
2010-09-20,XLI,0.004162082,0.021475136
2010-09-21,XLI,0.014954003,0.051579632
2010-09-22,XLI,0.001923694,-0.036389902
2010-09-23,XLI,-0.0051380973,0.0071147014
2010-09-24,XLI,-0.014920808,-0.004676632
2010-09-27,XLI,0.027080959,0.026947798
2010-09-28,XLI,-0.0063816425,-0.021018311
2010-09-29,XLI,0.0054269885,0.07385384
2010-09-30,XLI,-0.00031842064,0.014827045
2010-10-01,XLI,-0.0038289772,0.08182566
2010-10-04,XLI,0.00095861964,0.053506065
2010-10-05,XLI,-0.010595701,-0.015375495
2010-10-06,XLI,0.026438871,0.063649334
2010-10-07,XLI,0.005955197,0.10027677
2010-10-08,XLI,-0.002189896,-0.017902298
2010-10-11,XLI,0.008265154,-0.015458097
2010-10-12,XLI,-0.002643653,0.046443477
2010-10-13,XLI,-0.000623053,0.09772347
2010-10-14,XLI,0.016381143,-0.029261159
2010-10-15,XLI,-0.005841677,0.05062939
2010-10-18,XLI,-0.0061862245,0.047484376
2010-10-19,XLI,-0.0006207325,0.17537054
2010-10-20,XLI,-0.013439802,-0.02888467
2010-10-21,XLI,0.014060535,0.066768356
2010-10-22,XLI,0.008034654,0.009005737
2010-10-25,XLI,-0.0003078344,-0.12989692
2010-10-26,XLI,0.0033809775,0.06644162
2010-10-27,XLI,-0.0046132635,0.042626143
2010-10-28,XLI,-0.0074257767,-0.071156666
2010-10-29,XLI,-0.0021762794,-0.044534955
2010-11-01,XLI,0.0015549684,0.0110899415
2010-11-02,XLI,0.0,0.09002161
2010-11-03,XLI,0.009587208,0.020725498
2010-11-04,XLI,0.0015377521,0.08217876
2010-11-05,XLI,0.02098298,0.054000206
2010-11-08,XLI,0.006000618,0.10809049
2010-11-09,XLI,-0.004196649,-0.0353066
2010-11-10,XLI,-0.009052566,0.10116963
2010-11-11,XLI,-0.0003031681,0.053455986
2010-11-12,XLI,-0.0056252526,-0.04583724
2010-11-15,XLI,-0.011809047,0.034624685
2010-11-16,XLI,0.003080717,-0.09626592
2010-11-17,XLI,-0.016280692,-0.050213926
2010-11-18,XLI,0.0007813111,-0.032955684
2010-11-19,XLI,0.020102734,0.29148602
2010-11-22,XLI,0.0030571714,0.39790708
2010-11-23,XLI,-0.0021390382,-0.012197754
2010-11-24,XLI,-0.013861303,0.011157128
2010-11-25,XLI,0.02239014,0.024847658
2010-11-26,XLI,0.0,0.011751336
2010-11-29,XLI,-0.0082229795,0.027151445
2010-11-30,XLI,-0.00030585716,-0.06818048
2010-12-01,XLI,-0.002450231,-0.043393206
2010-12-02,XLI,0.025432797,0.0072715017
2010-12-03,XLI,0.015425996,0.1736093
2010-12-06,XLI,0.0020585216,-0.034263253
2010-12-07,XLI,-0.0006612056,0.028812565
2010-12-08,XLI,0.0027154984,-0.009976336
2010-12-09,XLI,-0.0035242327,-0.021983553
2010-12-10,XLI,0.0029377225,0.014345038
2010-12-13,XLI,0.008907119,-0.025027562
2010-12-14,XLI,0.0007265858,-0.013048671
2010-12-15,XLI,0.0046376893,-0.030010916
2010-12-16,XLI,-0.0040568006,-0.024510749
2010-12-17,XLI,0.010973255,0.061807323
2010-12-20,XLI,-0.008073862,-0.03610799
2010-12-21,XLI,-0.0002895613,0.028501643
2010-12-22,XLI,0.00807619,-0.07588264
2010-12-23,XLI,0.0022955535,0.06096963
2010-12-24,XLI,-0.0020083208,0.082894236
2010-12-27,XLI,0.0,0.047985107
2010-12-28,XLI,0.0017216647,-0.16424486
2010-12-29,XLI,-0.00057355897,-0.059768178
2010-12-30,XLI,0.0008602151,0.0871688
2010-12-31,XLI,-0.0017211708,-0.07223636
2010-01-01,XLU,-0.014402553,-0.08883509
2010-01-04,XLU,0.0,-0.15758874
2010-01-05,XLU,0.0019323678,0.008368143
2010-01-06,XLU,-0.011976191,-0.021076366
2010-01-07,XLU,0.0058441726,-0.042208217
2010-01-08,XLU,-0.004542513,0.025790507
2010-01-11,XLU,-0.00097608595,-0.027734417
2010-01-12,XLU,0.010362787,0.22233626
2010-01-13,XLU,-0.004196939,-0.04886976
2010-01-14,XLU,0.01093962,-0.007350261
2010-01-15,XLU,-0.0044900654,-0.03188968
2010-01-18,XLU,-0.0064495546,-0.039419778
2010-01-19,XLU,0.0,-0.053738326
2010-01-20,XLU,0.011579416,-0.0073599624
2010-01-21,XLU,-0.010609326,0.019692626
2010-01-22,XLU,-0.014651084,-0.03653789
2010-01-25,XLU,-0.022219451,-0.040833473
2010-01-26,XLU,0.006684517,-0.056930095
2010-01-27,XLU,0.003989367,-0.031283017
2010-01-28,XLU,-0.006657814,0.0076828813
2010-01-29,XLU,-0.0077116895,-0.031526286
2010-02-01,XLU,-0.006076994,-0.02491364
2010-02-02,XLU,0.006413524,0.02396464
2010-02-03,XLU,0.008042939,-0.06982349
2010-02-04,XLU,-0.0070340266,-0.072815605
2010-02-05,XLU,-0.02656832,-0.020006385
2010-02-08,XLU,-0.0017274144,-0.0023150458
2010-02-09,XLU,-0.011476391,-0.016610648
2010-02-10,XLU,0.010092308,-0.027091786
2010-02-11,XLU,-0.004511547,-0.06783712
2010-02-12,XLU,0.00589563,-0.012729361
2010-02-15,XLU,-0.003810848,-0.33333334
2010-02-16,XLU,0.0,-0.11055339
2010-02-17,XLU,0.017206205,-0.36540052
2010-02-18,XLU,-0.00410257,0.030175086
2010-02-19,XLU,0.0054663615,0.005354173
2010-02-22,XLU,0.0138726635,-0.057124685
2010-02-23,XLU,-0.0053908485,-0.017219892
2010-02-24,XLU,-0.006779687,-0.02062399
2010-02-25,XLU,0.0010198879,-0.04864536
2010-02-26,XLU,-0.002040817,0.02590055
2010-03-01,XLU,-0.007861945,0.016745653
2010-03-02,XLU,0.014310296,0.049734436
2010-03-03,XLU,0.0030400294,-0.015321912
2010-03-04,XLU,-0.0016877641,-0.018515904
2010-03-05,XLU,0.0020249754,-0.03277338
2010-03-08,XLU,0.010063822,-0.010725797
2010-03-09,XLU,0.0,0.008683027
2010-03-10,XLU,-0.0013360055,-0.024126014
2010-03-11,XLU,0.00033416876,0.2995846
2010-03-12,XLU,0.0033355602,-0.087921165
2010-03-15,XLU,-0.006347107,-0.17895772
2010-03-16,XLU,0.0036795493,-0.056771044
2010-03-17,XLU,0.011618388,-0.019077612
2010-03-18,XLU,0.0032948959,-0.03500926
2010-03-19,XLU,-0.0046159,0.035634786
2010-03-22,XLU,-0.00996355,0.072636485
2010-03-23,XLU,-0.0066979486,0.23838136
2010-03-24,XLU,0.0040241503,0.01303878
2010-03-25,XLU,-0.010429027,-0.1294997
2010-03-26,XLU,-0.006446163,-0.061247125
2010-03-29,XLU,0.0023797394,-0.05496933
2010-03-30,XLU,0.012149998,-0.012692548
2010-03-31,XLU,-0.0026872708,-0.04586346
2010-04-01,XLU,-0.0023573004,0.0030930496
2010-04-02,XLU,0.0137286605,-0.14181845
2010-04-05,XLU,0.0,-0.03364324
2010-04-06,XLU,0.0059681875,-0.056771576
2010-04-07,XLU,0.008230499,0.021649553
2010-04-08,XLU,-0.009884759,0.00043514333
2010-04-09,XLU,-0.005978098,0.022501228
2010-04-12,XLU,0.007301725,-0.014624402
2010-04-13,XLU,0.0026420094,0.023203801
2010-04-14,XLU,-0.0052910177,-0.050512016
2010-04-15,XLU,0.0009942006,0.03312138
2010-04-16,XLU,-0.0003312904,-0.0041582244
2010-04-19,XLU,-0.011664854,0.0030020732
2010-04-20,XLU,0.0010051936,-0.017544301
2010-04-21,XLU,0.01264576,0.0012577248
2010-04-22,XLU,0.0009915717,-0.050035175
2010-04-23,XLU,0.003298156,-0.09457372
2010-04-26,XLU,0.007871474,-0.076011725
2010-04-27,XLU,-0.0036000693,0.33333334
2010-04-28,XLU,-0.017196191,-0.08322955
2010-04-29,XLU,0.010287132,-0.037748788
2010-04-30,XLU,0.0009899357,-0.018003576
2010-05-03,XLU,0.0039499723,-0.035514332
2010-05-04,XLU,0.012730709,-0.020670455
2010-05-05,XLU,-0.01734053,-0.02378901
2010-05-06,XLU,-0.0069548218,-0.01382751
2010-05-07,XLU,-0.027971495,-0.043375507
2010-05-10,XLU,-0.0054832213,-0.010450444
2010-05-11,XLU,0.030459208,0.02222045
2010-05-12,XLU,0.0019980026,-0.012447899
2010-05-13,XLU,0.008282307,-0.0023485245
2010-05-14,XLU,-0.0042982376,0.0690396
2010-05-17,XLU,-0.008318132,0.024438024
2010-05-18,XLU,0.0010018367,-0.08390949
2010-05-19,XLU,-0.009726725,0.022484193
2010-05-20,XLU,-0.010162689,0.10420548
2010-05-21,XLU,-0.030420596,0.01872133
2010-05-24,XLU,0.0045526256,0.013207973
2010-05-25,XLU,-0.009478744,-0.034866657
2010-05-26,XLU,-0.0053050523,-0.0466045
2010-05-27,XLU,-0.0003546728,-0.0018932323
2010-05-28,XLU,0.018974569,-0.04861155
2010-05-31,XLU,0.0010436599,-0.09319856
2010-06-01,XLU,0.0,-0.018058773
2010-06-02,XLU,-0.023571892,0.0044992305
2010-06-03,XLU,0.020786375,-0.023128923
2010-06-04,XLU,0.010405921,-0.1012774
2010-06-07,XLU,-0.030213779,-0.030829538
2010-06-08,XLU,0.0061162272,-0.035392404
2010-06-09,XLU,0.012994037,0.024389958
2010-06-10,XLU,-0.005598335,-0.056662414
2010-06-11,XLU,0.024264622,-0.04559401
2010-06-14,XLU,0.00068469706,-0.0074734725
2010-06-15,XLU,0.005801074,-0.10680137
2010-06-16,XLU,0.019208679,-0.09702473
2010-06-17,XLU,0.0063217646,-0.06861197
2010-06-18,XLU,0.0072703557,0.03901121
2010-06-21,XLU,-0.00959478,-0.05490886
2010-06-22,XLU,-0.007005867,0.032217868
2010-06-23,XLU,-0.025086062,-0.022559222
2010-06-24,XLU,-0.008965577,-0.059228085
2010-06-25,XLU,-0.0055574994,-0.02104062
2010-06-28,XLU,0.0045178183,-0.07628451
2010-06-29,XLU,0.006566466,-0.08658824
2010-06-30,XLU,-0.020533172,-0.036667887
2010-07-01,XLU,-0.006349228,-0.054889724
2010-07-02,XLU,-0.0046107545,0.022753691
2010-07-05,XLU,0.0010659088,-0.06051544
2010-07-06,XLU,0.0,-0.11138106
2010-07-07,XLU,0.011650617,-0.021791479
2010-07-08,XLU,0.030420596,-0.025221594
2010-07-09,XLU,0.0078006163,0.048839055
2010-07-12,XLU,0.006734032,-0.019163167
2010-07-13,XLU,0.003350087,0.0689596
2010-07-14,XLU,0.0033389013,-0.02406139
2010-07-15,XLU,0.0003332778,-0.04796977
2010-07-16,XLU,0.006642336,-0.025463484
2010-07-19,XLU,-0.017362706,0.00017976014
2010-07-20,XLU,0.015374634,0.07048349
2010-07-21,XLU,0.008915364,0.123783514
2010-07-22,XLU,-0.015570962,0.003404715
2010-07-23,XLU,0.01589964,-0.15383443
2010-07-26,XLU,0.0016417669,0.058920275
2010-07-27,XLU,0.007191924,0.012956226
2010-07-28,XLU,0.01455159,-0.1981332
2010-07-29,XLU,-0.0048270407,0.00492162
2010-07-30,XLU,-0.015604998,0.004233425
2010-08-02,XLU,-0.0049269274,0.019299502
2010-08-03,XLU,0.020531926,0.08078314
2010-08-04,XLU,-0.004850454,-0.026438227
2010-08-05,XLU,0.0042050844,-0.05476764
2010-08-06,XLU,-0.0016152483,-0.033244792
2010-08-09,XLU,0.0019379851,-0.036141865
2010-08-10,XLU,0.0035432475,0.030307064
2010-08-11,XLU,0.0057710963,0.011296468
2010-08-12,XLU,-0.020346254,0.016830433
2010-08-13,XLU,-0.0019595043,-0.007196548
2010-08-16,XLU,0.0035894965,-0.0043526455
2010-08-17,XLU,0.0,0.009546368
2010-08-18,XLU,0.00972455,0.05830665
2010-08-19,XLU,-0.0054989625,0.00901127
2010-08-20,XLU,-0.014374635,0.057277247
2010-08-23,XLU,0.002628986,-0.016744908
2010-08-24,XLU,0.006542385,0.048608594
2010-08-25,XLU,0.0017103071,-0.1024624
2010-08-26,XLU,-0.0007326306,-0.016337119
2010-08-27,XLU,-0.0045706904,0.06930085
2010-08-30,XLU,0.018801203,0.009772844
2010-08-31,XLU,-0.015208188,0.08626415
2010-09-01,XLU,0.0045543346,-0.049258444
2010-09-02,XLU,0.02151311,0.049028445
2010-09-03,XLU,0.0,0.32849696
2010-09-06,XLU,0.0044374084,-0.025151433
2010-09-07,XLU,0.0,-0.057387557
2010-09-08,XLU,-0.005072934,0.038803436
2010-09-09,XLU,-0.004779362,-0.0028390167
2010-09-10,XLU,0.009852297,-0.04752451
2010-09-13,XLU,-0.0057088644,0.03140035
2010-09-14,XLU,0.0034926215,0.01324006
2010-09-15,XLU,-0.0012686332,-0.021206543
2010-09-16,XLU,-0.0057288506,0.022600764
2010-09-17,XLU,-0.0035171898,-0.03414543
2010-09-20,XLU,-0.011922165,0.015736047
2010-09-21,XLU,0.013202575,0.0345151
2010-09-22,XLU,-0.005131506,0.027945548
2010-09-23,XLU,0.007049052,-0.016835991
2010-09-24,XLU,-0.011560823,0.03352574
2010-09-27,XLU,0.01602085,-0.002424206
2010-09-28,XLU,0.0019053674,0.092522226
2010-09-29,XLU,0.00063431653,0.023248713
2010-09-30,XLU,-0.001904158,0.038852006
2010-10-01,XLU,-0.0031816761,0.059581414
2010-10-04,XLU,0.0054028416,0.11137702
2010-10-05,XLU,-0.0019035538,0.09291817
2010-10-06,XLU,0.011053326,0.027558047
2010-10-07,XLU,-0.0047221873,-0.010961613
2010-10-08,XLU,0.0018915517,0.010898143
2010-10-11,XLU,0.0031446568,-0.040058915
2010-10-12,XLU,0.00031392247,0.01752302
2010-10-13,XLU,-0.004088699,0.09882326
2010-10-14,XLU,0.0037747764,-0.027279647
2010-10-15,XLU,-0.0015710923,-0.049085297
2010-10-18,XLU,0.002982968,0.038849354
2010-10-19,XLU,0.0001567521,0.0874583
2010-10-20,XLU,0.0018791112,0.005362917
2010-10-21,XLU,0.008102257,0.019909823
2010-10-22,XLU,-0.0043545947,0.015564099
2010-10-25,XLU,-0.0065676547,-0.12817024
2010-10-26,XLU,-0.0021988386,0.025515784
2010-10-27,XLU,-0.002518893,-0.18174876
2010-10-28,XLU,-0.004106782,-0.08047905
2010-10-29,XLU,0.0025292458,0.03364221
2010-11-01,XLU,0.0015775362,-0.03813664
2010-11-02,XLU,-0.009821083,-0.0052372506
2010-11-03,XLU,0.011710848,-0.020069648
2010-11-04,XLU,-0.0018897643,0.03919823
2010-11-05,XLU,0.01066175,0.0052046445
2010-11-08,XLU,-0.0003119638,0.32568285
2010-11-09,XLU,-0.005632055,-0.010734889
2010-11-10,XLU,-0.003457492,0.04673593
2010-11-11,XLU,-0.0044178045,-0.01976548
2010-11-12,XLU,-0.00063271116,-0.030224657
2010-11-15,XLU,-0.008261884,0.052705616
2010-11-16,XLU,0.003344751,0.033527263
2010-11-17,XLU,-0.011675462,0.037802424
2010-11-18,XLU,-0.00048274198,0.02403493
2010-11-19,XLU,0.0059375926,-0.019334799
2010-11-22,XLU,-0.0038473918,-0.012882975
2010-11-23,XLU,0.0028869307,-0.0025490562
2010-11-24,XLU,-0.01095019,0.0056721712
2010-11-25,XLU,0.0059730583,0.034077212
2010-11-26,XLU,0.0,0.01554205
2010-11-29,XLU,-0.0066209366,-0.009857977
2010-11-30,XLU,-0.001946157,-0.045679767
2010-12-01,XLU,-0.0012995453,-0.025256565
2010-12-02,XLU,0.011635555,-0.13528493
2010-12-03,XLU,0.002887857,0.049298316
2010-12-06,XLU,0.0020805001,-0.019544406
2010-12-07,XLU,-0.0027215257,-0.040935196
2010-12-08,XLU,-0.0067556957,-0.019665986
2010-12-09,XLU,-0.0035569966,-0.026671568
2010-12-10,XLU,0.004202366,-0.06698999
2010-12-13,XLU,0.0038634948,-0.024012368
2010-12-14,XLU,0.0046485616,-0.06060507
2010-12-15,XLU,0.002715006,-0.030442351
2010-12-16,XLU,-0.008649741,-0.045064744
2010-12-17,XLU,0.008888948,0.015403961
2010-12-20,XLU,-0.0066392277,0.14430231
2010-12-21,XLU,0.0012832854,-0.068012655
2010-12-22,XLU,0.0003205642,-0.042483304
2010-12-23,XLU,0.004477142,0.11033368
2010-12-24,XLU,0.0006379586,-0.01485169
2010-12-27,XLU,0.0,0.03425269
2010-12-28,XLU,0.0006375518,0.011581429
2010-12-29,XLU,0.0034992879,0.02638233
2010-12-30,XLU,-0.0034992879,-0.087503776
2010-12-31,XLU,-0.0015946423,-0.07603513
2010-01-01,XLY,-0.009361486,0.02940721
2010-01-04,XLY,0.0,0.045876916
2010-01-05,XLY,0.0076962067,-0.04970723
2010-01-06,XLY,0.0036599608,0.038681183
2010-01-07,XLY,0.0013275807,-0.0041830456
2010-01-08,XLY,0.008257685,0.052653138
2010-01-11,XLY,-0.0003290015,0.06850224
2010-01-12,XLY,-0.0019762851,0.071350716
2010-01-13,XLY,-0.012941943,-0.0364548
2010-01-14,XLY,0.01129205,0.0130454665
2010-01-15,XLY,0.0,0.0388457
2010-01-18,XLY,-0.009956936,-0.013939394
2010-01-19,XLY,0.0,-0.07489288
2010-01-20,XLY,0.0132540045,0.025395561
2010-01-21,XLY,-0.013587615,0.018435132
2010-01-22,XLY,-0.012760415,-0.05079376
2010-01-25,XLY,-0.01945122,-0.024894148
2010-01-26,XLY,0.0051555363,0.06751814
2010-01-27,XLY,0.0013703326,0.018153144
2010-01-28,XLY,0.0017102791,0.009721882
2010-01-29,XLY,-0.005826923,0.015746886
2010-02-01,XLY,-0.0062069166,0.10748328
2010-02-02,XLY,0.012717133,0.053127658
2010-02-03,XLY,0.0139056,0.0888651
2010-02-04,XLY,0.0006734007,-0.044891674
2010-02-05,XLY,-0.029373696,0.008993798
2010-02-08,XLY,-0.0027768153,0.11146042
2010-02-09,XLY,-0.006276171,0.046770655
2010-02-10,XLY,0.015272772,0.018450089
2010-02-11,XLY,-0.004142222,0.018932141
2010-02-12,XLY,0.011692017,0.02835387
2010-02-15,XLY,0.0,-0.00044496288
2010-02-16,XLY,0.0,-0.098074615
2010-02-17,XLY,0.015940646,0.11450089
2010-02-18,XLY,0.008042939,0.051500026
2010-02-19,XLY,0.0063217646,-0.014912448
2010-02-22,XLY,0.0023190337,0.03486365
2010-02-23,XLY,-0.00033096145,-0.0027345712
2010-02-24,XLY,-0.0059761135,-0.002559201
2010-02-25,XLY,0.012903404,-0.12923011
2010-02-26,XLY,0.0016423062,0.047528487
2010-03-01,XLY,0.0016396134,0.015744299
2010-03-02,XLY,0.015604998,0.08035593
2010-03-03,XLY,-0.005174656,-0.017423317
2010-03-04,XLY,0.002914038,0.095099345
2010-03-05,XLY,0.00901197,0.042236287
2010-03-08,XLY,0.018413218,-0.017197102
2010-03-09,XLY,0.0025133535,0.030454636
2010-03-10,XLY,-0.0015701056,-0.018921256
2010-03-11,XLY,0.0021974582,-0.027738366
2010-03-12,XLY,0.007186408,-0.05741183
2010-03-15,XLY,0.0027980742,0.013333878
2010-03-16,XLY,-0.001242622,-0.04569965
2010-03-17,XLY,0.007432676,-0.005630651
2010-03-18,XLY,0.0049246023,-0.02621908
2010-03-19,XLY,-0.00030707815,-0.010137901
2010-03-22,XLY,-0.0049261185,0.06959868
2010-03-23,XLY,0.010439149,0.013700152
2010-03-24,XLY,0.0039628157,0.0063935285
2010-03-25,XLY,-0.0039628157,0.017227938
2010-03-26,XLY,0.0057865246,-0.014487606
2010-03-29,XLY,0.003939996,-0.019411147
2010-03-30,XLY,0.0015112591,-0.018968811
2010-03-31,XLY,-0.0009064814,0.039068043
2010-04-01,XLY,-0.0072815856,-0.043239463
2010-04-02,XLY,0.0069792424,-0.058138445
2010-04-05,XLY,0.0,0.02853498
2010-04-06,XLY,0.012022988,-0.0830778
2010-04-07,XLY,0.0014927604,-0.049650367
2010-04-08,XLY,-0.0035863756,0.012739336
2010-04-09,XLY,0.0095352335,0.022205092
2010-04-12,XLY,0.007386649,-0.016116751
2010-04-13,XLY,0.0,-0.057911925
2010-04-14,XLY,0.005284804,0.06684692
2010-04-15,XLY,0.015400566,-0.08472408
2010-04-16,XLY,0.0043159323,0.01254106
2010-04-19,XLY,-0.013294994,-0.016360616
2010-04-20,XLY,0.0017441865,0.01799153
2010-04-21,XLY,0.01212486,0.056646235
2010-04-22,XLY,0.004580598,0.05426296
2010-04-23,XLY,0.017834868,0.045440573
2010-04-26,XLY,0.00084139674,-0.07139369
2010-04-27,XLY,0.007819084,0.013696626
2010-04-28,XLY,-0.029355763,0.008207667
2010-04-29,XLY,-0.003443332,0.032998394
2010-04-30,XLY,0.02189142,0.03156327
2010-05-03,XLY,-0.021029476,0.039046932
2010-05-04,XLY,0.019903984,0.04312169
2010-05-05,XLY,-0.02964397,0.07504994
2010-05-06,XLY,-0.014385586,0.094432905
2010-05-07,XLY,-0.03624779,0.05879373
2010-05-10,XLY,-0.018473431,0.036340825
2010-05-11,XLY,0.050889235,-0.0050653196
2010-05-12,XLY,-0.00029537734,-0.024000125
2010-05-13,XLY,0.014371856,0.06895895
2010-05-14,XLY,-0.022678044,0.09367714
2010-05-17,XLY,-0.016822265,0.03007746
2010-05-18,XLY,0.0075449278,0.013300947
2010-05-19,XLY,-0.018816944,0.052293062
2010-05-20,XLY,-0.006146301,0.14301942
2010-05-21,XLY,-0.039615367,0.0364127
2010-05-24,XLY,0.017485742,0.017226402
2010-05-25,XLY,-0.0069576497,0.14584659
2010-05-26,XLY,0.010104286,0.06358817
2010-05-27,XLY,-0.0031466356,-0.009580753
2010-05-28,XLY,0.03529778,-0.041633323
2010-05-31,XLY,-0.01532832,0.0150595745
2010-06-01,XLY,0.0,-0.021785758
2010-06-02,XLY,-0.015253214,-0.012659344
2010-06-03,XLY,0.024784416,-0.014782025
2010-06-04,XLY,0.0033603208,0.04401028
2010-06-07,XLY,-0.039501324,0.03164058
2010-06-08,XLY,-0.01921904,0.038821924
2010-06-09,XLY,0.00837364,-0.021535957
2010-06-10,XLY,0.0012820514,0.12306459
2010-06-11,XLY,0.033388928,0.028940938
2010-06-14,XLY,-0.00092980015,0.077347256
2010-06-15,XLY,0.002786811,0.06438284
2010-06-16,XLY,0.023530498,0.09493365
2010-06-17,XLY,-0.0069707814,-0.042277865
2010-06-18,XLY,-0.0061013,0.12135797
2010-06-21,XLY,-0.006446684,0.07975065
2010-06-22,XLY,-0.008039623,0.16995797
2010-06-23,XLY,-0.022606928,-0.031015446
2010-06-24,XLY,-0.00063532405,0.11454421
2010-06-25,XLY,-0.024120802,0.3002648
2010-06-28,XLY,0.0029254043,-0.07086
2010-06-29,XLY,-0.0074931122,-0.0027061747
2010-06-30,XLY,-0.036294978,0.052461933
2010-07-01,XLY,-0.012282652,-0.20832242
2010-07-02,XLY,0.0082051745,0.077276595
2010-07-05,XLY,-0.011299555,0.026707435
2010-07-06,XLY,0.0,0.10410671
2010-07-07,XLY,0.0,-0.00604386
2010-07-08,XLY,0.027845602,-0.06449019
2010-07-09,XLY,0.008669611,-0.029756539
2010-07-12,XLY,0.009582099,0.15440778
2010-07-13,XLY,0.0013144924,0.13740009
2010-07-14,XLY,0.024652563,-0.03969908
2010-07-15,XLY,-0.0064288233,0.029304205
2010-07-16,XLY,0.0032195777,-0.03682564
2010-07-19,XLY,-0.035665486,0.050121006
2010-07-20,XLY,0.009613865,-0.06504936
2010-07-21,XLY,0.014087047,0.1070354
2010-07-22,XLY,-0.018053994,0.0013574731
2010-07-23,XLY,0.029697075,-0.059935246
2010-07-26,XLY,0.01436577,0.037372578
2010-07-27,XLY,0.014787119,-0.09205451
2010-07-28,XLY,-0.012887182,0.047926266
2010-07-29,XLY,-0.006984155,0.005298278
2010-07-30,XLY,-0.0051101996,-0.014242749
2010-08-02,XLY,0.0067017963,0.11925706
2010-08-03,XLY,0.02108654,0.19298583
2010-08-04,XLY,-0.015377676,0.01954973
2010-08-05,XLY,0.01662262,-0.008138006
2010-08-06,XLY,0.0031055924,0.016234832
2010-08-09,XLY,-0.00684508,0.14032035
2010-08-10,XLY,0.009631891,-0.04773587
2010-08-11,XLY,-0.008695707,0.075921744
2010-08-12,XLY,-0.026550232,-0.12344012
2010-08-13,XLY,-0.003851096,-0.00906328
2010-08-16,XLY,-0.011317825,0.08996659
2010-08-17,XLY,-0.00032525614,-0.061695438
2010-08-18,XLY,0.016134586,0.10936437
2010-08-19,XLY,0.009240149,0.05364673
2010-08-20,XLY,-0.01953625,-0.016824985
2010-08-23,XLY,-0.0006470398,0.014389472
2010-08-24,XLY,-0.009102793,0.06529721
2010-08-25,XLY,-0.017128218,-0.1286351
2010-08-26,XLY,0.01024633,-0.023884704
2010-08-27,XLY,-0.0069295773,0.15282269
2010-08-30,XLY,0.016094944,0.15260644
2010-08-31,XLY,-0.017751945,-0.00549118
2010-09-01,XLY,0.0013258206,0.034809947
2010-09-02,XLY,0.03386843,0.050935697
2010-09-03,XLY,0.018401535,-0.04896604
2010-09-06,XLY,0.0146671375,0.3222837
2010-09-07,XLY,0.0,0.031765617
2010-09-08,XLY,-0.016240207,-0.03210222
2010-09-09,XLY,0.007215718,0.2522463
2010-09-10,XLY,0.0009373536,-0.0075950474
2010-09-13,XLY,0.008396877,0.06321547
2010-09-14,XLY,0.012005685,-0.005699108
2010-09-15,XLY,0.00091757154,-0.05553974
2010-09-16,XLY,0.0018326212,0.028914751
2010-09-17,XLY,0.0,0.042256523
2010-09-20,XLY,-0.00061050063,0.0393755
2010-09-21,XLY,0.019053956,0.022371322
2010-09-22,XLY,-0.0042029484,0.021238426
2010-09-23,XLY,-0.0066405316,0.1071112
2010-09-24,XLY,-0.005161694,0.18003038
2010-09-27,XLY,0.025546093,0.017585559
2010-09-28,XLY,-0.0065495917,0.022091428
2010-09-29,XLY,0.0077358317,-0.024016019
2010-09-30,XLY,-0.0071386383,0.044380654
2010-10-01,XLY,-0.0026901825,0.061998684
2010-10-04,XLY,0.0011965302,0.080522
2010-10-05,XLY,-0.0020948683,-0.02335084
2010-10-06,XLY,0.020753784,0.08193559
2010-10-07,XLY,-0.006771703,0.25257754
2010-10-08,XLY,0.0047155996,0.16974331
2010-10-11,XLY,0.010238498,0.11617262
2010-10-12,XLY,0.00029099375,0.041528154
2010-10-13,XLY,0.0023249066,-0.03162658
2010-10-14,XLY,0.0014503265,0.050479505
2010-10-15,XLY,-0.0011600929,0.04305073
2010-10-18,XLY,0.007228599,0.102880195
2010-10-19,XLY,0.0014394706,0.047321893
2010-10-20,XLY,-0.018290538,-0.031012885
2010-10-21,XLY,0.012809491,0.0820372
2010-10-22,XLY,0.005768692,0.019920826
2010-10-25,XLY,0.0054496047,-0.07686365
2010-10-26,XLY,0.0062731886,0.07592136
2010-10-27,XLY,0.004254722,0.04111888
2010-10-28,XLY,-0.0062464713,0.08055018
2010-10-29,XLY,0.004546754,0.041573223
2010-11-01,XLY,-0.00028356726,-0.05196762
2010-11-02,XLY,-0.0019872256,-0.04112545
2010-11-03,XLY,0.011302748,-0.04761054
2010-11-04,XLY,0.005044854,0.093040936
2010-11-05,XLY,0.015534293,0.06592487
2010-11-08,XLY,0.0049423496,0.0022788106
2010-11-09,XLY,-0.0016447372,0.07211903
2010-11-10,XLY,-0.00909473,0.051987078
2010-11-11,XLY,0.008820344,-0.02484651
2010-11-12,XLY,-0.0013730607,0.046413045
2010-11-15,XLY,-0.010497334,0.09231949
2010-11-16,XLY,-0.0019457963,0.0706103
2010-11-17,XLY,-0.013727629,-0.03956325
2010-11-18,XLY,0.008706697,0.07373098
2010-11-19,XLY,0.008631544,-0.015168342
2010-11-22,XLY,0.0047019864,0.12152431
2010-11-23,XLY,0.004679981,-0.0046424684
2010-11-24,XLY,-0.014942171,0.012416196
2010-11-25,XLY,0.020420136,-0.02012817
2010-11-26,XLY,0.0,0.02566407
2010-11-29,XLY,-0.0082282415,0.03710032
2010-11-30,XLY,-0.0022056806,-0.043177996
2010-12-01,XLY,-0.0022105563,-0.040448945
2010-12-02,XLY,0.021076461,0.024598848
2010-12-03,XLY,0.012917295,0.055463552
2010-12-06,XLY,0.0005346164,-0.013114275
2010-12-07,XLY,0.0010683761,0.028139608
2010-12-08,XLY,0.00053376035,0.08229092
2010-12-09,XLY,-0.0026716553,0.025138743
2010-12-10,XLY,0.0013367198,0.05110808
2010-12-13,XLY,0.0034671323,-0.019486444
2010-12-14,XLY,-0.004803852,-0.058935426
2010-12-15,XLY,-0.00026755853,-0.014549331
2010-12-16,XLY,-0.0032162988,0.0039734608
2010-12-17,XLY,0.0072221793,0.04315362
2010-12-20,XLY,-0.004273511,0.12434403
2010-12-21,XLY,0.0058713807,0.015352971
2010-12-22,XLY,0.004248546,0.11383815
2010-12-23,XLY,0.0013239774,-0.1248522
2010-12-24,XLY,-0.004242913,-0.03185443
2010-12-27,XLY,0.0,0.018302253
2010-12-28,XLY,-0.0029274805,0.03456283
2010-12-29,XLY,-0.0021344726,0.036912467
2010-12-30,XLY,0.0032000027,0.08510563
2010-12-31,XLY,-0.0018654236,0.02401578
2010-01-01,XLP,-0.009774514,0.052432906
2010-01-04,XLP,0.0,0.0016666743
2010-01-05,XLP,0.007527322,0.045085
2010-01-06,XLP,0.00037488286,0.054921467
2010-01-07,XLP,-0.0007499063,-0.09790349
2010-01-08,XLP,0.0,0.0102763325
2010-01-11,XLP,-0.003381555,-0.07309828
2010-01-12,XLP,0.002631086,-0.05795793
2010-01-13,XLP,0.005614838,-0.011467884
2010-01-14,XLP,0.007067167,-0.0029829168
2010-01-15,XLP,-0.0029695642,0.26561847
2010-01-18,XLP,-0.004844429,-0.043281857
2010-01-19,XLP,0.0,-0.017023558
2010-01-20,XLP,0.0059590493,-0.17621246
2010-01-21,XLP,-0.0074543767,0.46837962
2010-01-22,XLP,-0.014318255,0.0785706
2010-01-25,XLP,-0.0022796362,0.0369037
2010-01-26,XLP,0.0019000575,0.066877134
2010-01-27,XLP,-0.0011396012,-0.0152528705
2010-01-28,XLP,0.0022779054,0.030184554
2010-01-29,XLP,-0.0026580612,0.28294104
2010-02-01,XLP,-0.0038095284,0.09336436
2010-02-02,XLP,0.0076045995,0.014646665
2010-02-03,XLP,0.01429133,-0.029464068
2010-02-04,XLP,-0.0071201352,0.1512007
2010-02-05,XLP,-0.020517437,0.03985941
2010-02-08,XLP,-0.002690757,-0.00084503286
2010-02-09,XLP,-0.0011554016,0.019533452
2010-02-10,XLP,0.01187526,0.019468855
2010-02-11,XLP,-0.001143075,-0.012707364
2010-02-12,XLP,0.008012041,0.030723773
2010-02-15,XLP,-3.7820766e-05,0.028961988
2010-02-16,XLP,0.0,-0.048135985
2010-02-17,XLP,0.010160012,0.060685575
2010-02-18,XLP,0.0070882593,-0.07027381
2010-02-19,XLP,0.005930336,-0.06769276
2010-02-22,XLP,0.0022148404,0.037160188
2010-02-23,XLP,0.0,0.13076344
2010-02-24,XLP,-0.005546326,-0.2383151
2010-02-25,XLP,0.0062835175,0.013083988
2010-02-26,XLP,0.0007366483,0.0055220844
2010-03-01,XLP,-0.0047979425,0.023921225
2010-03-02,XLP,0.007004637,-0.09226409
2010-03-03,XLP,0.0036670375,0.0732995
2010-03-04,XLP,0.00036596524,0.1050764
2010-03-05,XLP,0.0032876742,0.061907947
2010-03-08,XLP,0.006180714,-0.03280137
2010-03-09,XLP,-0.003631086,0.024188383
2010-03-10,XLP,-0.0014561343,-0.09696421
2010-03-11,XLP,-0.0014582577,0.3317534
2010-03-12,XLP,0.00182249,-0.16456635
2010-03-15,XLP,0.000728067,0.031678274
2010-03-16,XLP,0.0075767552,-0.096421316
2010-03-17,XLP,0.004719964,0.1610418
2010-03-18,XLP,0.0043041673,0.08344023
2010-03-19,XLP,0.0010731533,-0.03815204
2010-03-22,XLP,-0.007176206,0.21982448
2010-03-23,XLP,0.005028746,0.014396104
2010-03-24,XLP,0.007851575,0.081925176
2010-03-25,XLP,-0.0071352427,0.022798691
2010-03-26,XLP,-0.0014331783,0.045102973
2010-03-29,XLP,0.0007168459,0.026066488
2010-03-30,XLP,0.0046470147,0.011279225
2010-03-31,XLP,0.001781579,-0.07612626
2010-04-01,XLP,-0.005712261,0.024115164
2010-04-02,XLP,0.006424005,0.11559675
2010-04-05,XLP,0.0,-0.0014767505
2010-04-06,XLP,0.0,0.022885505
2010-04-07,XLP,-0.003206844,-0.069966815
2010-04-08,XLP,-0.0064447057,0.03341441
2010-04-09,XLP,0.0017943662,0.09751906
2010-04-12,XLP,0.0053638606,-0.029145693
2010-04-13,XLP,0.0032045604,-0.1362462
2010-04-14,XLP,-0.0032045604,0.015703928
2010-04-15,XLP,0.001425517,-0.03958682
2010-04-16,XLP,-0.001782214,0.07723631
2010-04-19,XLP,-0.0042903177,0.037824694
2010-04-20,XLP,0.0039334935,0.060003806
2010-04-21,XLP,0.0028154475,-0.00525109
2010-04-22,XLP,3.5587822e-05,0.02802464
2010-04-23,XLP,0.0,0.011518248
2010-04-26,XLP,-0.002494211,-0.087003134
2010-04-27,XLP,-0.002142858,-0.0386968
2010-04-28,XLP,-0.01767404,-0.013224395
2010-04-29,XLP,0.007973946,-0.031668372
2010-04-30,XLP,0.0032438305,-0.023403602
2010-05-03,XLP,-0.005774105,0.06100631
2010-05-04,XLP,0.005774105,-0.04857831
2010-05-05,XLP,-0.010126669,0.057078093
2010-05-06,XLP,0.003628451,-0.039227683
2010-05-07,XLP,-0.025308521,-0.016202867
2010-05-10,XLP,-0.006708933,0.03153921
2010-05-11,XLP,0.02875244,0.018585835
2010-05-12,XLP,-0.00036343813,-0.025399104
2010-05-13,XLP,0.0068828384,0.092910565
2010-05-14,XLP,-0.006156094,-0.04199647
2010-05-17,XLP,-0.009489122,0.018636297
2010-05-18,XLP,0.01057825,0.039399195
2010-05-19,XLP,-0.0058224327,0.045444507
2010-05-20,XLP,-0.0025580134,0.08232789
2010-05-21,XLP,-0.030085834,-0.004523168
2010-05-24,XLP,0.0037636478,-0.02664665
2010-05-25,XLP,-0.0071630846,0.06106172
2010-05-26,XLP,-0.011798425,0.03015182
2010-05-27,XLP,-0.006529695,-0.017937172
2010-05-28,XLP,0.02021812,0.06515243
2010-05-31,XLP,-0.004921456,0.02038215
2010-06-01,XLP,0.0,-0.0052036205
2010-06-02,XLP,-0.0022796362,-0.005216339
2010-06-03,XLP,0.016971933,-0.02921043
2010-06-04,XLP,0.0014947685,0.03453402
2010-06-07,XLP,-0.026870113,0.016565688
2010-06-08,XLP,-0.0077012316,-0.028586391
2010-06-09,XLP,0.016104642,-0.02682538
2010-06-10,XLP,-0.0019036747,0.16658698
2010-06-11,XLP,0.017004,0.01577963
2010-06-14,XLP,-0.008276947,0.016494283
2010-06-15,XLP,0.005650797,-0.05986288
2010-06-16,XLP,0.010091658,-0.025510542
2010-06-17,XLP,-0.006716443,-0.16501592
2010-06-18,XLP,0.00894527,0.09812485
2010-06-21,XLP,-0.0108189825,-0.04667351
2010-06-22,XLP,-0.0026291094,-0.18798143
2010-06-23,XLP,-0.0109662665,-0.03350116
2010-06-24,XLP,0.006443077,0.016182829
2010-06-25,XLP,-0.012162826,-0.03710216
2010-06-28,XLP,-0.010378721,0.01733242
2010-06-29,XLP,0.008464845,-0.010056051
2010-06-30,XLP,-0.016222835,0.027433528
2010-07-01,XLP,-0.0070340266,0.14591554
2010-07-02,XLP,0.0019588645,0.01862438
2010-07-05,XLP,-0.0039215735,-0.08475498
2010-07-06,XLP,0.0,-0.050559245
2010-07-07,XLP,0.0058766087,-0.020936338
2010-07-08,XLP,0.018959748,-0.03445612
2010-07-09,XLP,0.014837632,0.05103239
2010-07-12,XLP,0.0,0.12312682
2010-07-13,XLP,0.0033930286,-0.025763448
2010-07-14,XLP,0.008992192,-0.14529331
2010-07-15,XLP,0.0003729256,0.053577013
2010-07-16,XLP,0.0029784087,-0.031556915
2010-07-19,XLP,-0.014227121,0.049258582
2010-07-20,XLP,0.0018835944,-0.08717462
2010-07-21,XLP,0.01197171,-0.016143754
2010-07-22,XLP,-0.010843255,-0.039978437
2010-07-23,XLP,0.011215071,0.03901121
2010-07-26,XLP,0.00925076,-0.026442211
2010-07-27,XLP,0.0051432885,0.08093257
2010-07-28,XLP,0.0036576486,0.05120452
2010-07-29,XLP,-0.005491502,0.017085033
2010-07-30,XLP,-0.012188517,-0.004512688
2010-08-02,XLP,0.0025978861,-0.033202693
2010-08-03,XLP,0.011424484,-0.099834725
2010-08-04,XLP,-0.008833329,0.019999955
2010-08-05,XLP,0.0036900411,0.044067886
2010-08-06,XLP,-0.004429686,-0.027911823
2010-08-09,XLP,0.0022172958,-0.051087316
2010-08-10,XLP,0.0051546507,0.058701985
2010-08-11,XLP,0.002201028,0.045366183
2010-08-12,XLP,-0.016627023,-0.0518918
2010-08-13,XLP,-0.0011183599,-0.020332798
2010-08-16,XLP,-0.00037306474,-0.071926124
2010-08-17,XLP,-0.00112003,-0.073686086
2010-08-18,XLP,0.009665503,0.011347326
2010-08-19,XLP,0.000739645,-0.06229723
2010-08-20,XLP,-0.011900475,-0.02843488
2010-08-23,XLP,0.0,0.016299685
2010-08-24,XLP,0.0022421535,-0.13944273
2010-08-25,XLP,-0.0048643686,-0.14753759
2010-08-26,XLP,0.0022480339,-0.06846335
2010-08-27,XLP,-0.007513183,-0.032510646
2010-08-30,XLP,0.006389798,-0.06428002
2010-08-31,XLP,-0.008654805,0.065238215
2010-09-01,XLP,0.0007555724,0.25089657
2010-09-02,XLP,0.017593566,0.33333334
2010-09-03,XLP,0.0062881657,0.30496427
2010-09-06,XLP,0.006248872,-0.032755848
2010-09-07,XLP,0.0,0.043433335
2010-09-08,XLP,-0.004038926,0.11778125
2010-09-09,XLP,0.0044052936,-0.031464413
2010-09-10,XLP,0.0032912812,-0.0460993
2010-09-13,XLP,0.00473503,0.047541294
2010-09-14,XLP,0.0010895225,0.14212707
2010-09-15,XLP,0.0018132371,-0.033917714
2010-09-16,XLP,0.006860471,0.029228702
2010-09-17,XLP,0.0010789428,-0.05721498
2010-09-20,XLP,-0.009752651,-0.049094148
2010-09-21,XLP,0.01083043,-0.3240854
2010-09-22,XLP,-0.0017969457,-0.0699953
2010-09-23,XLP,0.0017969457,0.08928824
2010-09-24,XLP,-0.006484173,-0.007824312
2010-09-27,XLP,0.013283269,0.002885804
2010-09-28,XLP,-0.005722476,0.021086572
2010-09-29,XLP,0.006435489,-0.08427614
2010-09-30,XLP,-0.0028551053,-0.08665585
2010-10-01,XLP,-0.0035803833,0.010292757
2010-10-04,XLP,0.0017917941,-0.037645087
2010-10-05,XLP,-0.002958184,-0.015665779
2010-10-06,XLP,0.009382189,0.017214239
2010-10-07,XLP,0.0042598573,-0.019608932
2010-10-08,XLP,-0.0035486198,-0.0668279
2010-10-11,XLP,0.0021306826,0.10244286
2010-10-12,XLP,0.0010636413,0.035311382
2010-10-13,XLP,0.002477439,-0.07608615
2010-10-14,XLP,0.00844778,-0.047725383
2010-10-15,XLP,0.00035044682,0.0030179755
2010-10-18,XLP,0.002449695,0.08185958
2010-10-19,XLP,0.003489187,-0.0096180495
2010-10-20,XLP,-0.012265792,-0.038535155
2010-10-21,XLP,0.008776605,0.017943837
2010-10-22,XLP,0.003489187,-0.20138852
2010-10-25,XLP,0.0034770549,-0.15248182
2010-10-26,XLP,0.002426765,0.056915868
2010-10-27,XLP,-0.0055555697,-0.020105068
2010-10-28,XLP,-0.005236528,0.021398405
2010-10-29,XLP,0.0034940636,0.006740414
2010-11-01,XLP,0.0034818978,0.05239904
2010-11-02,XLP,-0.0041797343,0.07800506
2010-11-03,XLP,0.0059161475,-0.040128734
2010-11-04,XLP,0.0031179655,-0.04217687
2010-11-05,XLP,0.01203384,0.061864346
2010-11-08,XLP,-0.0051396377,-0.20313305
2010-11-09,XLP,-0.0017190996,0.08364188
2010-11-10,XLP,-0.005175102,-0.044366978
2010-11-11,XLP,-0.0031179655,0.02802028
2010-11-12,XLP,0.0010404023,-0.10712043
2010-11-15,XLP,-0.004864499,-0.07096366
2010-11-16,XLP,0.00034825006,0.018316196
2010-11-17,XLP,-0.011204599,0.04455142
2010-11-18,XLP,0.0003520507,-0.025090577
2010-11-19,XLP,0.013286909,-0.024121799
2010-11-22,XLP,0.00069444446,-0.008335088
2010-11-23,XLP,0.0,-0.014319617
2010-11-24,XLP,-0.011871648,-0.021413114
2010-11-25,XLP,0.007697729,-0.074921355
2010-11-26,XLP,0.0,0.016950812
2010-11-29,XLP,-0.006644543,0.09066396
2010-11-30,XLP,-0.0017559268,-0.07335019
2010-12-01,XLP,-0.004579892,-0.021624811
2010-12-02,XLP,0.016112432,0.09938104
2010-12-03,XLP,0.0006946857,-0.0362738
2010-12-06,XLP,0.00034716196,-0.01531649
2010-12-07,XLP,-0.0024326683,-0.031892978
2010-12-08,XLP,0.0055517145,0.14500238
2010-12-09,XLP,0.003799003,0.15018556
2010-12-10,XLP,0.0027538743,-0.1284547
2010-12-13,XLP,0.0017173282,0.11799115
2010-12-14,XLP,0.0,0.00907991
2010-12-15,XLP,0.004792888,0.04830576
2010-12-16,XLP,0.0010240657,0.0386092
2010-12-17,XLP,0.00874703,-0.071756154
2010-12-20,XLP,-0.007042581,-0.039732713
2010-12-21,XLP,-0.0010223207,0.03913501
2010-12-22,XLP,-0.0023894873,0.12211221
2010-12-23,XLP,0.004348018,-0.04873667
2010-12-24,XLP,0.00042526048,0.1536787
2010-12-27,XLP,0.0,-0.10814728
2010-12-28,XLP,-0.0047732787,0.0922186
2010-12-29,XLP,0.002730377,0.036316786
2010-12-30,XLP,0.00034077355,0.014069416
2010-12-31,XLP,-0.0017050302,0.029547574
2010-01-01,XLE,-0.008036382,-0.103510246
2010-01-04,XLE,0.0,-0.14749631
2010-01-05,XLE,0.031085217,-0.10141931
2010-01-06,XLE,0.008128749,-0.041543283
2010-01-07,XLE,0.011903904,-0.14548661
2010-01-08,XLE,-0.0015011261,0.056687422
2010-01-11,XLE,0.006488668,-0.024747197
2010-01-12,XLE,-0.0013275807,-0.035403963
2010-01-13,XLE,-0.014552402,-0.026849536
2010-01-14,XLE,0.0036999707,-0.021919988
2010-01-15,XLE,0.0028497211,-0.05412055
2010-01-18,XLE,-0.008067271,-0.044753466
2010-01-19,XLE,0.0,-0.081948414
2010-01-20,XLE,0.009071119,-0.024202995
2010-01-21,XLE,-0.015674038,0.03552497
2010-01-22,XLE,-0.020594515,-0.04851566
2010-01-25,XLE,-0.024042573,-0.04936724
2010-01-26,XLE,0.006550435,-0.057219055
2010-01-27,XLE,-0.006372831,-0.058321353
2010-01-28,XLE,-0.0039145956,0.022142481
2010-01-29,XLE,-0.010574522,-0.074007705
2010-02-01,XLE,-0.018182319,-0.06171567
2010-02-02,XLE,0.032493833,-0.08549575
2010-02-03,XLE,0.0130582405,0.027177723
2010-02-04,XLE,-0.008627574,-0.058383446
2010-02-05,XLE,-0.04189094,-0.060866315
2010-02-08,XLE,0.00018438278,0.10372148
2010-02-09,XLE,-0.00926104,-0.034218904
2010-02-10,XLE,0.020809148,-0.24483272
2010-02-11,XLE,-0.004200536,0.013692546
2010-02-12,XLE,0.016877271,0.025526742
2010-02-15,XLE,0.00035984168,0.020547392
2010-02-16,XLE,0.0,-0.054860014
2010-02-17,XLE,0.023292013,-0.010630305
2010-02-18,XLE,-0.0014069647,0.02642897
2010-02-19,XLE,0.0056160204,-0.06123543
2010-02-22,XLE,0.0038427995,-0.01614007
2010-02-23,XLE,-0.013868387,0.14458552
2010-02-24,XLE,-0.016756184,-0.042041063
2010-02-25,XLE,0.00627186,-0.040256683
2010-02-26,XLE,0.0005357621,0.059860468
2010-03-01,XLE,0.0023183248,0.019875262
2010-03-02,XLE,0.009219923,-0.09582523
2010-03-03,XLE,0.008260879,-0.06270723
2010-03-04,XLE,0.004366438,-0.022107655
2010-03-05,XLE,-0.005242018,-0.00742124
2010-03-08,XLE,0.018572086,-0.017903218
2010-03-09,XLE,-0.0015489204,0.04286584
2010-03-10,XLE,0.0,-0.09536559
2010-03-11,XLE,0.008745662,-0.039204612
2010-03-12,XLE,-0.0017088179,0.0452461
2010-03-15,XLE,0.00051295204,0.033035163
2010-03-16,XLE,-0.010309369,-0.06445775
2010-03-17,XLE,0.008940913,-0.03989169
2010-03-18,XLE,0.010895579,0.052665003
2010-03-19,XLE,-0.015012223,-0.08739351
2010-03-22,XLE,-0.01559013,0.00075094245
2010-03-23,XLE,-0.00262215,0.020463001
2010-03-24,XLE,0.003843471,-0.044660766
2010-03-25,XLE,-0.00577076,-0.062354933
2010-03-26,XLE,-0.016979538,-0.036257245
2010-03-29,XLE,0.00035669698,-0.06191475
2010-03-30,XLE,0.019250043,-0.06498924
2010-03-31,XLE,0.0015730144,-0.06891561
2010-04-01,XLE,0.0045304135,-0.01226486
2010-04-02,XLE,0.017577568,-0.007508089
2010-04-05,XLE,0.0,-0.030595649
2010-04-06,XLE,0.017609665,-0.056598537
2010-04-07,XLE,0.0,-0.038668565
2010-04-08,XLE,-0.00995201,-0.016918482
2010-04-09,XLE,0.0035536038,0.005415911
2010-04-12,XLE,0.010585666,-0.02828124
2010-04-13,XLE,0.0023372297,-0.1755347
2010-04-14,XLE,-0.0035078963,-0.104323976
2010-04-15,XLE,0.009492951,-0.038294874
2010-04-16,XLE,-0.00016576875,-0.092542626
2010-04-19,XLE,-0.017054418,0.016292416
2010-04-20,XLE,0.0013481634,0.07250987
2010-04-21,XLE,0.019346835,0.04201546
2010-04-22,XLE,-0.0009915717,-0.122750744
2010-04-23,XLE,0.0024770882,-0.044033274
2010-04-26,XLE,0.023795126,0.046086807
2010-04-27,XLE,-0.0033879196,-0.045447666
2010-04-28,XLE,-0.031185852,0.027759489
2010-04-29,XLE,0.010118689,-0.0315026
2010-04-30,XLE,0.0011546393,0.17335768
2010-05-03,XLE,-0.012441066,-0.02052391
2010-05-04,XLE,0.011286427,0.07871844
2010-05-05,XLE,-0.027101023,-0.018368635
2010-05-06,XLE,-0.015896412,0.1754248
2010-05-07,XLE,-0.03480086,0.02147913
2010-05-10,XLE,-0.019180218,0.07211615
2010-05-11,XLE,0.04184711,-0.07053238
2010-05-12,XLE,-0.0066491934,-0.0102200955
2010-05-13,XLE,0.013774082,-0.064569876
2010-05-14,XLE,-0.006427539,-0.057994653
2010-05-17,XLE,-0.020067563,0.03800119
2010-05-18,XLE,-0.010366491,-0.08112714
2010-05-19,XLE,-0.0077554723,-0.07275235
2010-05-20,XLE,-0.011472401,-0.01232925
2010-05-21,XLE,-0.045717966,-0.016539479
2010-05-24,XLE,0.017295878,0.07245084
2010-05-25,XLE,-0.023064017,-0.010761439
2010-05-26,XLE,0.002311249,0.09986671
2010-05-27,XLE,-0.0021184408,-0.027913047
2010-05-28,XLE,0.041538917,0.02401562
2010-05-31,XLE,-0.019044638,0.019307114
2010-06-01,XLE,0.0,-0.042404488
2010-06-02,XLE,-0.048667647,-0.013525972
2010-06-03,XLE,0.04242767,-0.04922238
2010-06-04,XLE,0.013377496,0.049996193
2010-06-07,XLE,-0.035820175,0.0067725717
2010-06-08,XLE,-0.008767713,0.06993249
2010-06-09,XLE,0.01649722,-0.047639273
2010-06-10,XLE,-0.010449012,0.10167877
2010-06-11,XLE,0.04896614,-0.05162051
2010-06-14,XLE,0.006093639,-0.07848911
2010-06-15,XLE,-0.00516797,0.0133911
2010-06-16,XLE,0.028818335,0.04527676
2010-06-17,XLE,-0.0007194245,-0.16964352
2010-06-18,XLE,-0.0010801081,0.0879636
2010-06-21,XLE,0.001619725,-0.035432152
2010-06-22,XLE,-0.002160217,-0.05219922
2010-06-23,XLE,-0.029629087,-0.039891046
2010-06-24,XLE,-0.007640026,0.13230267
2010-06-25,XLE,-0.021172814,-0.027023867
2010-06-28,XLE,0.0028617783,-0.04998187
2010-06-29,XLE,-0.013618701,0.054225113
2010-06-30,XLE,-0.03358195,0.043436944
2010-07-01,XLE,-0.007819588,0.09671991
2010-07-02,XLE,-0.003629768,0.055894524
2010-07-05,XLE,-0.0024271857,-0.26933026
2010-07-06,XLE,0.0,0.10705903
2010-07-07,XLE,0.0096735945,-0.030402841
2010-07-08,XLE,0.034690116,-0.017100427
2010-07-09,XLE,0.0140427435,-0.10712956
2010-07-12,XLE,0.005144338,0.19477224
2010-07-13,XLE,-0.0026641309,-0.027546864
2010-07-14,XLE,0.01193309,0.13526128
2010-07-15,XLE,-0.0011303694,0.017396593
2010-07-16,XLE,-0.0011316485,0.0513427
2010-07-19,XLE,-0.024065332,0.04223886
2010-07-20,XLE,0.0063590156,0.04473876
2010-07-21,XLE,0.022600904,0.084256314
2010-07-22,XLE,-0.016472965,-0.047180913
2010-07-23,XLE,0.021904198,-0.033250436
2010-07-26,XLE,0.004472613,-0.037894376
2010-07-27,XLE,0.008701341,-0.009941656
2010-07-28,XLE,-0.0048041483,0.045685794
2010-07-29,XLE,-0.0022251075,-0.039593037
2010-07-30,XLE,0.001483955,-0.041647177
2010-08-02,XLE,-0.0020410065,0.07142422
2010-08-03,XLE,0.034322463,-0.011673082
2010-08-04,XLE,-0.00035900198,0.018877814
2010-08-05,XLE,0.007690282,0.25057536
2010-08-06,XLE,0.0032017103,-0.018019026
2010-08-09,XLE,-0.011969772,0.06294441
2010-08-10,XLE,0.0041251965,-0.020157242
2010-08-11,XLE,-0.008267481,0.0281086
2010-08-12,XLE,-0.030230386,-0.18854249
2010-08-13,XLE,-0.005970167,-0.025475523
2010-08-16,XLE,-0.0016855515,-0.012778395
2010-08-17,XLE,-0.000187459,-0.07088188
2010-08-18,XLE,0.016547741,-0.05197682
2010-08-19,XLE,-0.009635057,0.0016606802
2010-08-20,XLE,-0.016330725,-0.025150165
2010-08-23,XLE,-0.012377574,0.03738676
2010-08-24,XLE,0.00038314177,0.04173823
2010-08-25,XLE,-0.015635874,0.088034004
2010-08-26,XLE,-0.0031176955,-0.06537567
2010-08-27,XLE,-0.009017901,-0.024206866
2010-08-30,XLE,0.025662372,-0.051051505
2010-08-31,XLE,-0.014694774,-0.041540075
2010-09-01,XLE,-0.0027306434,-0.0050630774
2010-09-02,XLE,0.036625702,-0.011042908
2010-09-03,XLE,0.0082505625,-0.05341183
2010-09-06,XLE,0.012065112,0.08109311
2010-09-07,XLE,0.0,-0.030609759
2010-09-08,XLE,-0.0150574455,-0.0068034283
2010-09-09,XLE,0.008578941,-0.0062784413
2010-09-10,XLE,0.0020406276,-0.039586097
2010-09-13,XLE,0.010324576,0.016816793
2010-09-14,XLE,0.008038041,-0.011386828
2010-09-15,XLE,-0.0034630492,0.05749042
2010-09-16,XLE,-0.0020104183,0.15625939
2010-09-17,XLE,-0.00458422,-0.016539413
2010-09-20,XLE,-0.009603028,0.015943052
2010-09-21,XLE,0.016745262,0.0055333637
2010-09-22,XLE,0.00072966074,-0.06561648
2010-09-23,XLE,-0.007320677,0.052196864
2010-09-24,XLE,-0.006264992,-0.015334622
2010-09-27,XLE,0.02139608,-0.048103034
2010-09-28,XLE,-0.0038067661,-0.021850843
2010-09-29,XLE,0.007058214,-0.029490132
2010-09-30,XLE,0.010584008,-0.028872875
2010-10-01,XLE,0.00035682425,-0.08161603
2010-10-04,XLE,0.01328982,-0.035790477
2010-10-05,XLE,-0.012576554,0.060240086
2010-10-06,XLE,0.023256863,0.04095953
2010-10-07,XLE,0.00884271,0.15932497
2010-10-08,XLE,-0.0050186138,-0.057648905
2010-10-11,XLE,0.0124139525,0.024316877
2010-10-12,XLE,0.0027378525,0.030360166
2010-10-13,XLE,-0.0015391196,-0.07053727
2010-10-14,XLE,0.012078058,-0.0359458
2010-10-15,XLE,-0.0015229718,0.038369827
2010-10-18,XLE,0.002705904,-0.07141007
2010-10-19,XLE,0.0026986017,-0.04921102
2010-10-20,XLE,-0.02007553,-0.046984985
2010-10-21,XLE,0.012806458,-0.10555749
2010-10-22,XLE,-0.0005091218,-0.104916096
2010-10-25,XLE,0.0065984502,-0.15614514
2010-10-26,XLE,0.0026945116,0.06015248
2010-10-27,XLE,0.0020161297,0.03496408
2010-10-28,XLE,-0.004204867,-0.015932264
2010-10-29,XLE,-0.0021935385,-0.04063306
2010-11-01,XLE,0.0006754475,0.026972283
2010-11-02,XLE,0.0011809365,-0.014329271
2010-11-03,XLE,0.010941441,-0.11611875
2010-11-04,XLE,0.0021240716,-0.110294394
2010-11-05,XLE,0.03129095,0.049553722
2010-11-08,XLE,0.0049875416,0.059061985
2010-11-09,XLE,0.0030446302,0.022064451
2010-11-10,XLE,-0.0019218456,-0.023007976
2010-11-11,XLE,0.012782653,0.03136633
2010-11-12,XLE,0.0109789595,0.027719198
2010-11-15,XLE,-0.014824431,-0.055756427
2010-11-16,XLE,-0.005097176,0.011005991
2010-11-17,XLE,-0.01886088,-0.053840794
2010-11-18,XLE,0.0040600947,0.03608347
2010-11-19,XLE,0.021802723,0.124320656
2010-11-22,XLE,0.0083695715,0.07818432
2010-11-23,XLE,-0.0031185548,-0.017698942
2010-11-24,XLE,-0.019754672,0.020499377
2010-11-25,XLE,0.017867798,0.006520482
2010-11-26,XLE,0.0,0.009246165
2010-11-29,XLE,-0.012124252,0.054144677
2010-11-30,XLE,0.006696454,-0.083492644
2010-12-01,XLE,-0.003502073,-0.030065166
2010-12-02,XLE,0.029228982,0.031554468
2010-12-03,XLE,0.014758146,-0.034410745
2010-12-06,XLE,0.0044156904,-0.033112597
2010-12-07,XLE,0.0033368755,0.016929174
2010-12-08,XLE,-0.0037927679,0.08617329
2010-12-09,XLE,-0.0047230986,0.07407667
2010-12-10,XLE,0.002288156,0.019773962
2010-12-13,XLE,0.004105533,0.01830706
2010-12-14,XLE,0.008461822,0.16165332
2010-12-15,XLE,-0.0046753725,-0.0012992988
2010-12-16,XLE,-0.0054570395,0.023875386
2010-12-17,XLE,0.0056081996,-0.014854683
2010-12-20,XLE,-0.0040893657,-0.02597566
2010-12-21,XLE,0.006504826,-0.025836756
2010-12-22,XLE,0.010051844,-0.011770223
2010-12-23,XLE,0.0034274678,0.065437354
2010-12-24,XLE,0.0028225526,-0.009835505
2010-12-27,XLE,0.0,-0.045639142
2010-12-28,XLE,-0.0035666556,-0.04737217
2010-12-29,XLE,0.0037149906,-0.07215455
2010-12-30,XLE,0.00988865,0.0013824872
2010-12-31,XLE,0.0008807987,0.04557156
2010-01-01,VIX,0.08265991,-0.023459535
2010-01-04,VIX,0.0,0.006695599
2010-01-05,VIX,-0.0786599,-0.006277899
2010-01-06,VIX,-0.035037857,-0.0018193685
2010-01-07,VIX,-0.009867647,-0.00037392366
2010-01-08,VIX,-0.0052328743,0.003602116
2010-01-11,VIX,-0.050023872,-0.004361878
2010-01-12,VIX,-0.032514077,-0.09434739
2010-01-13,VIX,0.03911113,0.0049626487
2010-01-14,VIX,-0.022161571,-0.00312665
2010-01-15,VIX,-0.012401512,-0.015389242
2010-01-18,VIX,0.01575722,0.020495927
2010-01-19,VIX,0.0,-0.2611787
2010-01-20,VIX,-0.018597323,-0.00040297458
2010-01-21,VIX,0.06069154,0.00021441118
2010-01-22,VIX,0.17578705,-0.076790236
2010-01-25,VIX,0.20401245,-0.008602871
2010-01-26,VIX,-0.07211014,-0.0027457236
2010-01-27,VIX,-0.034430943,-0.33333334
2010-01-28,VIX,-0.05914913,-0.0011060532
2010-01-29,VIX,0.025177348,-0.0015849855
2010-02-01,VIX,0.036819052,0.20604128
2010-02-02,VIX,-0.08605179,-0.003846763
2010-02-03,VIX,-0.05038506,0.002964129
2010-02-04,VIX,0.005571045,-0.23816353
2010-02-05,VIX,0.18847542,-0.003123599
2010-02-08,VIX,0.0011496457,-0.0075036907
2010-02-09,VIX,0.015203638,-0.0018498164
2010-02-10,VIX,-0.019425482,-0.0062053385
2010-02-11,VIX,-0.023347365,0.0011115345
2010-02-12,VIX,-0.0583634,0.0019761373
2010-02-15,VIX,-0.052700136,0.03807587
2010-02-16,VIX,0.0,0.08668678
2010-02-17,VIX,-0.02134363,0.009330077
2010-02-18,VIX,-0.024108514,0.0065468284
2010-02-19,VIX,-0.051487166,-0.0009857778
2010-02-22,VIX,-0.030014554,-0.00281656
2010-02-23,VIX,-0.0040040095,0.002891412
2010-02-24,VIX,0.06926031,0.00078093493
2010-02-25,VIX,-0.052846108,0.25
2010-02-26,VIX,-0.008422146,0.001019062
2010-03-01,VIX,-0.03030535,-0.00020248978
2010-03-02,VIX,-0.012384059,-0.00021705391
2010-03-03,VIX,-0.010438508,-0.0012073141
2010-03-04,VIX,-0.012140555,-0.113520816
2010-03-05,VIX,-0.0058588716,-0.33333334
2010-03-08,VIX,-0.0719735,0.007005989
2010-03-09,VIX,0.021017531,-0.33333334
2010-03-10,VIX,0.0072809057,-0.00061168044
2010-03-11,VIX,0.03562997,0.026361685
2010-03-12,VIX,-0.027847826,-0.004082383
2010-03-15,VIX,-0.026937656,-0.051583763
2010-03-16,VIX,0.023609865,-0.005540607
2010-03-17,VIX,-0.01737225,0.017036686
2010-03-18,VIX,-0.045094345,-0.012863661
2010-03-19,VIX,-0.017298374,0.0016006783
2010-03-22,VIX,0.02084029,-0.0017911228
2010-03-23,VIX,-0.005910183,0.02535457
2010-03-24,VIX,-0.031308997,0.121450365
2010-03-25,VIX,0.07082605,-0.0074720313
2010-03-26,VIX,0.047296714,-0.0035213064
2010-03-29,VIX,-0.034839023,-0.004071339
2010-03-30,VIX,-0.010181083,-0.00047772832
2010-03-31,VIX,-0.026499247,-0.5
2010-04-01,VIX,0.026499247,-0.0021766569
2010-04-02,VIX,-0.0068454347,-0.008996526
2010-04-05,VIX,0.0,-0.19417806
2010-04-06,VIX,-0.026096001,-0.0012850772
2010-04-07,VIX,-0.04752774,0.33333334
2010-04-08,VIX,0.023745408,0.33333334
2010-04-09,VIX,-0.008459265,-0.000673659
2010-04-12,VIX,-0.020846862,0.33333334
2010-04-13,VIX,-0.035312623,-0.008645192
2010-04-14,VIX,0.039023202,-0.5
2010-04-15,VIX,-0.038381558,-0.007224163
2010-04-16,VIX,0.019060297,0.17798163
2010-04-19,VIX,0.1444844,0.0008676712
2010-04-20,VIX,-0.057158414,-0.0017435012
2010-04-21,VIX,-0.097446255,0.0010358897
2010-04-22,VIX,0.036821634,-0.0027123268
2010-04-23,VIX,0.009149195,0.33333334
2010-04-26,VIX,0.0090662455,-0.0028135383
2010-04-27,VIX,0.049878336,-0.2518226
2010-04-28,VIX,0.26671392,-0.23510276
2010-04-29,VIX,-0.07887431,0.0011736337
2010-04-30,VIX,-0.1338025,-0.00014302092
2010-05-03,VIX,0.17879039,-0.0026119591
2010-05-04,VIX,-0.08812517,0.0012237615
2010-05-05,VIX,0.1661774,-0.33333334
2010-05-06,VIX,0.043904487,-0.0007213616
2010-05-07,VIX,0.27515918,0.0061353156
2010-05-10,VIX,0.22192329,-0.078788094
2010-05-11,VIX,-0.3505885,0.0033091488
2010-05-12,VIX,-0.018195044,-0.00029471185
2010-05-13,VIX,-0.10410581,-0.00663887
2010-05-14,VIX,0.044451762,-0.027223544
2010-05-17,VIX,0.1577851,-0.00035871335
2010-05-18,VIX,-0.012886777,0.0022380904
2010-05-19,VIX,0.08422431,-0.0006839802
2010-05-20,VIX,0.05141251,0.006828324
2010-05-21,VIX,0.25961635,0.0010853218
2010-05-24,VIX,-0.13268939,0.003976137
2010-05-25,VIX,-0.045404382,0.0028921226
2010-05-26,VIX,-0.1018293,-0.013798112
2010-05-27,VIX,0.011776669,-0.00024531301
2010-05-28,VIX,-0.16544591,-0.0026411784
2010-05-31,VIX,0.07744759,0.00052131014
2010-06-01,VIX,0.0,0.0020182973
2010-06-02,VIX,0.10273781,-0.23838277
2010-06-03,VIX,-0.16381077,-0.1070812
2010-06-04,VIX,-0.023814643,0.33333334
2010-06-07,VIX,0.18593575,0.0009646479
2010-06-08,VIX,0.030259075,0.0013796051
2010-06-09,VIX,-0.081730396,-0.111666724
2010-06-10,VIX,0.0008898117,0.009252735
2010-06-11,VIX,-0.09836851,0.19135682
2010-06-14,VIX,-0.059991032,0.11049405
2010-06-15,VIX,-0.007320932,0.1788476
2010-06-16,VIX,-0.09962317,0.31080577
2010-06-17,VIX,0.0019308752,0.09140669
2010-06-18,VIX,-0.034141045,0.0047675446
2010-06-21,VIX,-0.044905502,0.06446099
2010-06-22,VIX,0.038095944,-0.25542232
2010-06-23,VIX,0.08362274,-0.011008199
2010-06-24,VIX,-0.0051890407,0.0030600156
2010-06-25,VIX,0.09999498,0.009659559
2010-06-28,VIX,-0.041536774,0.028639415
2010-06-29,VIX,0.016339665,0.0027292748
2010-06-30,VIX,0.16288093,0.0012908019
2010-07-01,VIX,0.01194131,-0.0021445155
2010-07-02,VIX,-0.04986196,-0.005164463
2010-07-05,VIX,-0.08706671,0.0040403167
2010-07-06,VIX,0.0,0.0014138846
2010-07-07,VIX,-0.015727278,0.0009260616
2010-07-08,VIX,-0.099568814,0.001819993
2010-07-09,VIX,-0.04301329,-0.0098244
2010-07-12,VIX,-0.028804516,0.007250429
2010-07-13,VIX,-0.02226362,-0.13715944
2010-07-14,VIX,0.005307218,-0.0020334683
2010-07-15,VIX,0.013347013,0.029863818
2010-07-16,VIX,0.009994087,0.011009677
2010-07-19,VIX,0.043205786,0.0022566319
2010-07-20,VIX,-0.010723963,0.007067932
2010-07-21,VIX,-0.081809126,-0.057603095
2010-07-22,VIX,0.06902073,0.00073480624
2010-07-23,VIX,-0.04018842,-0.092864595
2010-07-26,VIX,-0.048242204,-0.33333334
2010-07-27,VIX,-0.032037374,0.0022363293
2010-07-28,VIX,0.020035513,0.03850469
2010-07-29,VIX,0.044695467,0.001959312
2010-07-30,VIX,-0.0049607377,0.00093069725
2010-08-02,VIX,-0.026455458,-0.0011297943
2010-08-03,VIX,-0.06550352,0.011325156
2010-08-04,VIX,0.027779564,-0.0033434741
2010-08-05,VIX,-0.018733822,-0.0030573509
2010-08-06,VIX,-0.004965029,-0.099111885
2010-08-09,VIX,-0.016423726,0.0009833947
2010-08-10,VIX,0.018232046,-0.016458303
2010-08-11,VIX,0.010334848,0.0070061036
2010-08-12,VIX,0.12663463,0.043293625
2010-08-13,VIX,0.01330223,-0.00056125806
2010-08-16,VIX,0.019627338,0.0059929867
2010-08-17,VIX,-0.0053496496,0.146067
2010-08-18,VIX,-0.07022516,-0.112534046
2010-08-19,VIX,0.0106297,-0.17290393
2010-08-20,VIX,0.07253816,0.00079756306
2010-08-23,VIX,-0.036591798,0.050507203
2010-08-24,VIX,0.0066471407,0.02726502
2010-08-25,VIX,0.06779704,0.035945676
2010-08-26,VIX,-0.028066834,-0.00029386982
2010-08-27,VIX,0.024783958,0.0001196215
2010-08-30,VIX,-0.11281731,-0.014587183
2010-08-31,VIX,0.106954336,0.0017170811
2010-09-01,VIX,-0.043566786,0.007231239
2010-09-02,VIX,-0.086557806,-0.002720803
2010-09-03,VIX,-0.02973881,-0.0012688907
2010-09-06,VIX,-0.0845447,0.0016031142
2010-09-07,VIX,0.0,0.0009856077
2010-09-08,VIX,0.110509135,0.00028539973
2010-09-09,VIX,-0.023380449,-0.0010850265
2010-09-10,VIX,-0.019106096,-0.00746641
2010-09-13,VIX,-0.036611233,-0.005137105
2010-09-14,VIX,-0.036115035,-0.0024270713
2010-09-15,VIX,0.016366977,0.0004900476
2010-09-16,VIX,0.024737863,0.0040848665
2010-09-17,VIX,-0.017344113,0.0024429916
2010-09-20,VIX,0.013263401,0.0012320952
2010-09-21,VIX,-0.02344396,-0.011391757
2010-09-22,VIX,0.038773388,0.0013861244
2010-09-23,VIX,0.007133334,-0.0017793823
2010-09-24,VIX,0.058662787,-3.9994262e-05
2010-09-27,VIX,-0.09484946,-0.007470764
2010-09-28,VIX,0.037518524,0.003875872
2010-09-29,VIX,0.0026583977,-0.0039677573
2010-09-30,VIX,0.028355226,0.0007017466
2010-10-01,VIX,0.019169915,-0.0010043225
2010-10-04,VIX,-0.051959738,-0.0045765685
2010-10-05,VIX,0.044760894,-0.0040369537
2010-10-06,VIX,-0.078202784,0.002067948
2010-10-07,VIX,-0.012485711,-0.00047685512
2010-10-08,VIX,0.0032520355,0.018255122
2010-10-11,VIX,-0.04022307,-0.0007455568
2010-10-12,VIX,-0.08828518,0.00035047776
2010-10-13,VIX,-0.0015835316,-0.114167355
2010-10-14,VIX,0.0073684542,-0.0013969196
2010-10-15,VIX,0.04159778,0.00027360508
2010-10-18,VIX,-0.04369752,-0.19260314
2010-10-19,VIX,0.0031479564,-0.007900464
2010-10-20,VIX,0.07758169,-0.000287443
2010-10-21,VIX,-0.04156957,0.0026056191
2010-10-22,VIX,-0.026627278,0.00082048075
2010-10-25,VIX,-0.02575701,0.00013364901
2010-10-26,VIX,0.055411533,-0.00034763876
2010-10-27,VIX,0.018468207,0.002811234
2010-10-28,VIX,0.023944462,-0.0059763053
2010-10-29,VIX,0.008175087,-0.0048535867
2010-11-01,VIX,0.015209419,-0.0034638098
2010-11-02,VIX,0.02928399,0.0012765372
2010-11-03,VIX,-0.01198171,-0.008104733
2010-11-04,VIX,-0.097816795,0.00012421813
2010-11-05,VIX,-0.054635435,-0.00079612347
2010-11-08,VIX,-0.014138354,0.0076504825
2010-11-09,VIX,0.0016415872,0.00017571253
2010-11-10,VIX,0.042286202,-0.0009833251
2010-11-11,VIX,-0.032492872,-0.001218967
2010-11-12,VIX,0.009162015,-0.0031899726
2010-11-15,VIX,0.10046659,-0.0031755916
2010-11-16,VIX,-0.020093791,-0.0055035544
2010-11-17,VIX,0.111381955,-0.0030067032
2010-11-18,VIX,-0.036991138,0.003626899
2010-11-19,VIX,-0.14887966,0.009783789
2010-11-22,VIX,-0.038602237,0.011187682
2010-11-23,VIX,0.018127384,0.0027927114
2010-11-24,VIX,0.11602743,0.0027463797
2010-11-25,VIX,-0.053259663,0.001711601
2010-11-26,VIX,0.0,-0.0029978226
2010-11-29,VIX,0.12750612,-0.0009827182
2010-11-30,VIX,-0.03154547,0.0005772388
2010-12-01,VIX,0.08925379,-0.00029337007
2010-12-02,VIX,-0.09718109,0.0032304134
2010-12-03,VIX,-0.096762545,0.013250556
2010-12-06,VIX,-0.07383031,-0.0010166883
2010-12-07,VIX,0.000555093,0.0040006344
2010-12-08,VIX,-0.0016662042,0.0011493742
2010-12-09,VIX,-0.013994071,2.1539965e-05
2010-12-10,VIX,-0.028009834,0.00020975071
2010-12-13,VIX,0.020654779,-0.00058305444
2010-12-14,VIX,-0.0034129727,0.015599851
2010-12-15,VIX,0.0034129727,0.0002856312
2010-12-16,VIX,0.018565934,0.0015583066
2010-12-17,VIX,-0.031137528,0.0014626711
2010-12-20,VIX,-0.07645513,-0.0013693629
2010-12-21,VIX,0.018450707,-0.0041341046
2010-12-22,VIX,0.0048632314,-0.0041416525
2010-12-23,VIX,-0.065145135,4.135744e-05
2010-12-24,VIX,0.06393154,-0.0049310764
2010-12-27,VIX,0.0,0.0020214221
2010-12-28,VIX,0.070327744,-0.008769874
2010-12-29,VIX,-0.008525201,0.0006296506
2010-12-30,VIX,-0.013793322,-0.11615627
2010-12-31,VIX,0.013793322,0.0009829644
2010-01-01,AGG,-0.0012590191,0.16843902
2010-01-04,AGG,0.0,0.0809867
2010-01-05,AGG,0.0011622277,-0.21938667
2010-01-06,AGG,0.004539097,0.5
2010-01-07,AGG,-0.00057831325,0.020882173
2010-01-08,AGG,-0.0011576308,-0.17872818
2010-01-11,AGG,0.00057898293,0.21540551
2010-01-12,AGG,-0.00077205175,-0.25728145
2010-01-13,AGG,0.0063516716,0.36586654
2010-01-14,AGG,-0.004229962,-0.36599812
2010-01-15,AGG,0.0025977788,-0.056946002
2010-01-18,AGG,0.001876781,-0.26377308
2010-01-19,AGG,0.0,-0.35894996
2010-01-20,AGG,-0.001588555,-0.14574756
2010-01-21,AGG,0.0025903021,-0.23795718
2010-01-22,AGG,0.00028739762,0.4269683
2010-01-25,AGG,0.00057454756,-0.4026838
2010-01-26,AGG,-9.5735006e-05,0.055741213
2010-01-27,AGG,0.0012438408,-0.269761
2010-01-28,AGG,-0.00076525734,0.23454297
2010-01-29,AGG,-0.0008616151,-0.44604778
2010-02-01,AGG,0.0022959926,-0.4393568
2010-02-02,AGG,-0.0045012766,-0.06092259
2010-02-03,AGG,0.0011511897,-0.241148
2010-02-04,AGG,-0.0018233295,-0.34425125
2010-02-05,AGG,0.0023984278,-0.06469502
2010-02-08,AGG,0.00038321517,-0.24447472
2010-02-09,AGG,0.0019138762,-0.014000647
2010-02-10,AGG,-0.0018180953,0.014566342
2010-02-11,AGG,-0.0023012762,0.3390534
2010-02-12,AGG,-0.0016525118,0.21356575
2010-02-15,AGG,0.00021152016,0.18595792
2010-02-16,AGG,0.0,0.019416189
2010-02-17,AGG,0.0024964006,-0.16570958
2010-02-18,AGG,-0.0030733794,0.3388842
2010-02-19,AGG,-0.00038483742,0.021206079
2010-02-22,AGG,0.00076952676,0.27759284
2010-02-23,AGG,-0.0017322687,-0.18566467
2010-02-24,AGG,0.003557525,-0.2133366
2010-02-25,AGG,0.0010552066,0.25
2010-02-26,AGG,0.0020113986,-0.10110607
2010-03-01,AGG,0.00019135093,-0.081104375
2010-03-02,AGG,-0.0016276513,-0.36099663
2010-03-03,AGG,0.00038321517,-0.3721567
2010-03-04,AGG,0.0,-0.19467042
2010-03-05,AGG,0.0018182694,0.32757425
2010-03-08,AGG,-0.0019140594,0.34036586
2010-03-09,AGG,0.0006703376,-0.2819858
2010-03-10,AGG,0.0011481057,0.0248852
2010-03-11,AGG,-0.00066956814,-0.23747078
2010-03-12,AGG,0.0,-0.29678577
2010-03-15,AGG,4.7841168e-05,0.33333334
2010-03-16,AGG,0.0012908471,0.24497902
2010-03-17,AGG,0.0018139295,-0.19414361
2010-03-18,AGG,0.00076277653,-0.15930498
2010-03-19,AGG,-0.0008581645,-0.16337948
2010-03-22,AGG,-0.00076343166,-0.2912473
2010-03-23,AGG,0.00076343166,0.1870662
2010-03-24,AGG,0.00019076688,-0.48218545
2010-03-25,AGG,-0.005067659,-0.123831205
2010-03-26,AGG,-0.0025915452,-0.22334096
2010-03-29,AGG,0.0016324966,-0.3268991
2010-03-30,AGG,-0.0011520738,0.22449987
2010-03-31,AGG,0.0003841721,0.21741349
2010-04-01,AGG,0.00057598157,-0.27307266
2010-04-02,AGG,-0.0034608764,-0.14906667
2010-04-05,AGG,0.0,0.13464299
2010-04-06,AGG,-0.00619209,0.19965929
2010-04-07,AGG,0.0012685872,-0.33333334
2010-04-08,AGG,0.0042491616,-0.2819153
2010-04-09,AGG,-0.0009641343,-0.003118075
2010-04-12,AGG,0.0010604966,0.33333334
2010-04-13,AGG,0.0023099144,-0.32495514
2010-04-14,AGG,0.001632967,0.14716986
2010-04-15,AGG,-0.0011524057,0.05994245
2010-04-16,AGG,0.0018240297,0.28242272
2010-04-19,AGG,0.0015334487,0.26960054
2010-04-20,AGG,-0.0018212323,-0.081790164
2010-04-21,AGG,0.0016296797,-0.32249868
2010-04-22,AGG,0.0017226533,-0.105050884
2010-04-23,AGG,-0.002010051,-0.24532363
2010-04-26,AGG,-0.001246345,-0.06588975
2010-04-27,AGG,-9.593707e-05,-0.2518226
2010-04-28,AGG,0.0031610737,-0.3824486
2010-04-29,AGG,-0.0015313938,0.25473103
2010-04-30,AGG,0.00038306837,-0.29382452
2010-05-03,AGG,0.004299438,0.20297547
2010-05-04,AGG,-0.004874096,-0.25321978
2010-05-05,AGG,0.0040156855,-0.044850223
2010-05-06,AGG,-0.0007636503,-0.13023952
2010-05-07,AGG,0.0014313662,-0.1275152
2010-05-10,AGG,-0.0043960316,-0.22260647
2010-05-11,AGG,-9.578085e-05,0.33222246
2010-05-12,AGG,0.003728672,-0.022332482
2010-05-13,AGG,-0.0010502698,-0.24719517
2010-05-14,AGG,0.0014319128,-0.2059505
2010-05-17,AGG,0.0036183624,0.29426235
2010-05-18,AGG,-0.00076067325,-0.5
2010-05-19,AGG,0.0034184821,-0.102307476
2010-05-20,AGG,0.0004738663,-0.28271857
2010-05-21,AGG,-0.00085312105,-0.33333334
2010-05-24,AGG,0.004258346,0.004812645
2010-05-25,AGG,-0.0005667328,-0.047010504
2010-05-26,AGG,0.0012275154,-0.10293579
2010-05-27,AGG,-0.0011330376,-0.19275235
2010-05-28,AGG,-0.0023646264,-0.119456664
2010-05-31,AGG,0.0010411245,0.06283471
2010-06-01,AGG,0.0,0.1805379
2010-06-02,AGG,-0.0014199842,0.105230905
2010-06-03,AGG,-0.0010426047,-0.2402956
2010-06-04,AGG,-0.0004742708,0.33333334
2010-06-07,AGG,0.0025583943,0.34875652
2010-06-08,AGG,0.0029293667,-0.1275521
2010-06-09,AGG,-0.0011329306,0.13232134
2010-06-10,AGG,0.00056662573,-0.25163937
2010-06-11,AGG,-0.0030257208,-0.029228644
2010-06-14,AGG,0.00056802045,-0.33333334
2010-06-15,AGG,0.0014186412,0.33613667
2010-06-16,AGG,0.0,0.024199009
2010-06-17,AGG,0.0014921288,0.108415745
2010-06-18,AGG,0.0023752532,-0.14664668
2010-06-21,AGG,-0.001601734,0.24154487
2010-06-22,AGG,0.0021664398,-0.16235635
2010-06-23,AGG,0.0010344667,0.30113098
2010-06-24,AGG,0.0025346177,-0.06265334
2010-06-25,AGG,-0.00084415893,0.26076093
2010-06-28,AGG,0.001406536,0.24284014
2010-06-29,AGG,0.0018723091,-0.107049786
2010-06-30,AGG,0.002988422,0.4928364
2010-07-01,AGG,9.324444e-05,0.0001296817
2010-07-02,AGG,-0.003455848,-0.04588204
2010-07-05,AGG,-0.0014044289,0.35386002
2010-07-06,AGG,0.0,-0.23456322
2010-07-07,AGG,0.003087144,-0.23046297
2010-07-08,AGG,-0.0013085337,-0.2655186
2010-07-09,AGG,-0.00018707324,0.26283458
2010-07-12,AGG,-0.0014978471,-0.23212554
2010-07-13,AGG,0.0011235956,-0.17827865
2010-07-14,AGG,-0.002529868,-0.109509334
2010-07-15,AGG,0.0033717367,0.16834554
2010-07-16,AGG,0.0014015419,-0.25811854
2010-07-19,AGG,0.0030764951,0.5
2010-07-20,AGG,-0.00093127217,-0.17220189
2010-07-21,AGG,-0.0007456427,-0.3420333
2010-07-22,AGG,0.0043727104,0.22304082
2010-07-23,AGG,-0.0009287639,0.31560272
2010-07-26,AGG,-0.0017670314,-0.33333334
2010-07-27,AGG,-0.00018618506,0.18497244
2010-07-28,AGG,-0.00037247417,0.016321313
2010-07-29,AGG,0.001860985,-0.047557954
2010-07-30,AGG,0.0009291954,-0.02687203
2010-08-02,AGG,0.001670379,0.44262353
2010-08-03,AGG,-0.004088085,-0.043231353
2010-08-04,AGG,0.0006514961,-0.47218418
2010-08-05,AGG,-0.0017693351,-0.23593314
2010-08-06,AGG,0.0012109359,0.6354601
2010-08-09,AGG,0.0019530348,-0.25357226
2010-08-10,AGG,0.0,0.028919877
2010-08-11,AGG,0.0016709992,0.20836937
2010-08-12,AGG,0.00092712784,0.20100579
2010-08-13,AGG,-0.0015766291,0.5
2010-08-16,AGG,0.002317713,-0.1564027
2010-08-17,AGG,0.0033280978,0.42696652
2010-08-18,AGG,-0.0012005358,0.33333334
2010-08-19,AGG,-0.0011094676,-0.41354802
2010-08-20,AGG,0.0032325126,-0.23275384
2010-08-23,AGG,-0.0013840833,-0.113044254
2010-08-24,AGG,0.0010151817,-0.082982324
2010-08-25,AGG,0.003958578,0.0106059415
2010-08-26,AGG,-0.0022995917,-0.3073515
2010-08-27,AGG,0.0012884227,-0.35681206
2010-08-30,AGG,-0.005533538,0.15388498
2010-08-31,AGG,0.006728446,-0.3982079
2010-09-01,AGG,0.0007346189,-0.2693079
2010-09-02,AGG,-0.0048769363,-0.28048986
2010-09-03,AGG,-0.0012922283,-0.3456659
2010-09-06,AGG,-0.0023117121,-0.3185899
2010-09-07,AGG,0.0,0.39650065
2010-09-08,AGG,0.0028657287,-0.19101754
2010-09-09,AGG,-0.0007387571,-0.30160177
2010-09-10,AGG,-0.00481527,-0.04586795
2010-09-13,AGG,-0.0021372493,-0.25071737
2010-09-14,AGG,0.0022300696,-0.34506744
2010-09-15,AGG,0.0036132897,0.2726668
2010-09-16,AGG,-0.0018513381,0.18340012
2010-09-17,AGG,-0.0016691398,0.2182363
2010-09-20,AGG,0.0012984605,-0.5
2010-09-21,AGG,0.00037067928,0.034861796
2010-09-22,AGG,0.004252965,0.26406467
2010-09-23,AGG,0.00027674,-0.44486678
2010-09-24,AGG,0.0011061948,-0.21603261
2010-09-27,AGG,-0.0036920847,0.22080931
2010-09-28,AGG,0.0034156507,0.40339893
2010-09-29,AGG,0.0023932264,-0.29493773
2010-09-30,AGG,-0.00073576753,-0.33456954
2010-10-01,AGG,-0.00036808688,-0.25381556
2010-10-04,AGG,-0.0035959654,-0.09547169
2010-10-05,AGG,0.0016612833,-0.2709651
2010-10-06,AGG,0.0,-0.3108053
2010-10-07,AGG,0.0010138717,-0.086028956
2010-10-08,AGG,0.0004605112,0.13739507
2010-10-11,AGG,0.0020237335,-0.32092395
2010-10-12,AGG,-0.0005515213,0.1852958
2010-10-13,AGG,-0.0010119131,0.26872772
2010-10-14,AGG,-9.2042894e-05,0.5
2010-10-15,AGG,-0.00368868,0.2181212
2010-10-18,AGG,-0.0020345887,0.48488936
2010-10-19,AGG,0.0035116938,-0.17110975
2010-10-20,AGG,0.0008299138,-0.26964515
2010-10-21,AGG,0.0011975497,-0.14834112
2010-10-22,AGG,-0.0015663153,0.25858012
2010-10-25,AGG,0.0004609357,0.2330633
2010-10-26,AGG,9.216165e-05,-0.060035933
2010-10-27,AGG,-0.0023065933,0.25
2010-10-28,AGG,-0.0019416584,0.06677512
2010-10-29,AGG,0.002495726,0.051316272
2010-11-01,AGG,0.0021210872,-0.2613104
2010-11-02,AGG,-0.002952304,-0.21759473
2010-11-03,AGG,0.0017539816,-0.1885209
2010-11-04,AGG,-0.00018448483,0.24652489
2010-11-05,AGG,0.0047855787,-0.30574325
2010-11-08,AGG,-0.0027581153,-0.093095526
2010-11-09,AGG,-0.00046042635,-0.25268254
2010-11-10,AGG,-0.004893597,-0.20172793
2010-11-11,AGG,-0.00083337195,-0.33333334
2010-11-12,AGG,-9.263977e-05,0.0781399
2010-11-15,AGG,-0.003991651,0.44529
2010-11-16,AGG,-0.005502975,0.33333334
2010-11-17,AGG,0.0024287729,0.12367431
2010-11-18,AGG,0.0002798638,0.18363936
2010-11-19,AGG,-0.0002798638,-0.22336242
2010-11-22,AGG,0.0011189856,-0.33431867
2010-11-23,AGG,0.0024201819,-0.1583025
2010-11-24,AGG,0.0010221624,0.24139051
2010-11-25,AGG,-0.004841272,0.0780874
2010-11-26,AGG,0.0,0.19616383
2010-11-29,AGG,0.0020510915,-0.36210233
2010-11-30,AGG,0.0006517388,-0.5
2010-12-01,AGG,-0.0006517388,-0.272376
2010-12-02,AGG,-0.010391893,-0.0982723
2010-12-03,AGG,-0.00197824,-0.18666697
2010-12-06,AGG,0.00197824,-0.6395937
2010-12-07,AGG,0.0036635238,0.24266033
2010-12-08,AGG,-0.007812907,-0.07773476
2010-12-09,AGG,-0.004831156,0.5
2010-12-10,AGG,0.0018025715,0.40281558
2010-12-13,AGG,-0.0018975338,-0.20561345
2010-12-14,AGG,0.00066454645,0.21124807
2010-12-15,AGG,-0.0055959644,-0.18172961
2010-12-16,AGG,-0.0017384498,0.45595765
2010-12-17,AGG,0.0019102202,0.20993544
2010-12-20,AGG,0.0054241936,-0.086107
2010-12-21,AGG,0.0006641051,0.26533437
2010-12-22,AGG,0.0018950166,0.0208267
2010-12-23,AGG,-0.0011602715,0.17347416
2010-12-24,AGG,-0.0018734813,0.19194385
2010-12-27,AGG,0.0,0.2311454
2010-12-28,AGG,0.0028444126,0.14199844
2010-12-29,AGG,-0.009130746,0.0036828003
2010-12-30,AGG,0.007045635,0.10834293
2010-12-31,AGG,-0.0007593015,0.4163356
2010-01-01,DBC,-0.0028391825,0.02123111
2010-01-04,DBC,0.0,0.01545951
2010-01-05,DBC,0.024870917,-0.06264059
2010-01-06,DBC,0.0011878838,0.038841352
2010-01-07,DBC,0.017650979,-0.0058078626
2010-01-08,DBC,-0.012519726,-0.004845742
2010-01-11,DBC,-0.00078771176,0.02769779
2010-01-12,DBC,-0.0031570666,-0.01893484
2010-01-13,DBC,-0.021574948,0.009188608
2010-01-14,DBC,0.0008074284,0.017642148
2010-01-15,DBC,-0.005259976,0.009548053
2010-01-18,DBC,-0.011424033,-0.0063257515
2010-01-19,DBC,0.0,-0.06209089
2010-01-20,DBC,0.0065439907,0.19889519
2010-01-21,DBC,-0.018930607,-0.0024936325
2010-01-22,DBC,-0.01254197,0.057449687
2010-01-25,DBC,-0.010573158,0.012746859
2010-01-26,DBC,0.004665968,-0.2143249
2010-01-27,DBC,-0.011063943,0.008282235
2010-01-28,DBC,-0.0146554345,0.01634694
2010-01-29,DBC,-0.0034797774,0.0061361175
2010-02-01,DBC,-0.011393637,-0.06598952
2010-02-02,DBC,0.023950633,-0.022708349
2010-02-03,DBC,0.021286458,0.020353071
2010-02-04,DBC,-0.012290894,0.019074954
2010-02-05,DBC,-0.03382803,-0.01348101
2010-02-08,DBC,-0.012874762,-0.0066485745
2010-02-09,DBC,0.00044672773,-0.028051239
2010-02-10,DBC,0.017707413,0.0032407243
2010-02-11,DBC,0.003941323,-0.063022345
2010-02-12,DBC,0.011731614,-0.021766292
2010-02-15,DBC,-0.0056313775,-0.016091364
2010-02-16,DBC,0.0,0.098486006
2010-02-17,DBC,0.029955171,-0.031482175
2010-02-18,DBC,-0.005071862,-0.022330096
2010-02-19,DBC,0.008858948,-0.17275059
2010-02-22,DBC,0.0058626635,0.013147608
2010-02-23,DBC,-0.00544276,0.060203843
2010-02-24,DBC,-0.016508311,0.004313913
2010-02-25,DBC,0.008076558,0.026538836
2010-02-26,DBC,-0.017079834,-0.0060771215
2010-03-01,DBC,0.017503114,-0.024678519
2010-03-02,DBC,-0.010208511,0.026787998
2010-03-03,DBC,0.010631612,-0.02702102
2010-03-04,DBC,0.009682247,0.07964137
2010-03-05,DBC,-0.008836581,-0.03897903
2010-03-08,DBC,0.011764841,-0.013702488
2010-03-09,DBC,-0.0012539186,-0.02696889
2010-03-10,DBC,-0.0109336665,0.071703635
2010-03-11,DBC,0.0029554593,-0.08616245
2010-03-12,DBC,-0.0025327157,-0.15520872
2010-03-15,DBC,-0.0059347353,-0.018107556
2010-03-16,DBC,-0.011976191,-0.17099753
2010-03-17,DBC,0.013250888,0.08212595
2010-03-18,DBC,0.008877674,-0.0061474685
2010-03-19,DBC,-0.0021065944,0.047851916
2010-03-22,DBC,-0.012306542,-0.041730657
2010-03-23,DBC,0.0,-0.07668261
2010-03-24,DBC,-0.0042789965,-0.13813551
2010-03-25,DBC,-0.011211847,0.03278149
2010-03-26,DBC,-0.005653418,-0.090293646
2010-03-29,DBC,0.0017429198,-0.024227127
2010-03-30,DBC,0.022385782,-0.08326415
2010-03-31,DBC,0.0021263033,-0.07476539
2010-04-01,DBC,-0.0008499788,-0.07339156
2010-04-02,DBC,0.019369027,0.05329578
2010-04-05,DBC,0.0,0.018054793
2010-04-06,DBC,0.015722293,-0.1345049
2010-04-07,DBC,-0.00082135526,-0.06658772
2010-04-08,DBC,-0.0037044701,-0.0881192
2010-04-09,DBC,-0.0016508464,-0.014736431
2010-04-12,DBC,0.0020631326,-0.015544722
2010-04-13,DBC,-0.0008247423,-0.09841715
2010-04-14,DBC,0.0037059956,-0.0027064616
2010-04-15,DBC,0.011442708,-0.08343843
2010-04-16,DBC,0.0036503791,-0.06856622
2010-04-19,DBC,-0.018386627,-0.29584914
2010-04-20,DBC,-0.012865917,-0.02503184
2010-04-21,DBC,0.00790518,-0.013196452
2010-04-22,DBC,0.0049607377,-0.046953786
2010-04-23,DBC,0.0024711709,-0.04828071
2010-04-26,DBC,0.006560089,0.031459354
2010-04-27,DBC,-0.004916028,-0.008145657
2010-04-28,DBC,-0.0153117,-0.15536892
2010-04-29,DBC,0.0033305609,-0.055453163
2010-04-30,DBC,0.007865907,0.14195895
2010-05-03,DBC,0.0078045167,0.051197924
2010-05-04,DBC,0.004897969,-0.05648287
2010-05-05,DBC,-0.027240645,-0.045744967
2010-05-06,DBC,-0.022853302,0.112573765
2010-05-07,DBC,-0.019892614,-0.022704596
2010-05-10,DBC,-0.0052495855,-0.026661433
2010-05-11,DBC,0.019131018,0.0193078
2010-05-12,DBC,-0.0017241384,0.10063658
2010-05-13,DBC,0.008163311,0.23082525
2010-05-14,DBC,-0.00859481,0.27144012
2010-05-17,DBC,-0.02579378,-0.010233568
2010-05-18,DBC,-0.028753104,0.3138595
2010-05-19,DBC,-0.0013683012,-0.07002159
2010-05-20,DBC,-0.00917017,-0.042423204
2010-05-21,DBC,-0.02094561,-0.054486174
2010-05-24,DBC,0.010294897,-0.0952681
2010-05-25,DBC,-0.0009315324,0.31146547
2010-05-26,DBC,-0.007953258,0.04370863
2010-05-27,DBC,0.010745256,-0.028190585
2010-05-28,DBC,0.028854761,-0.13326466
2010-05-31,DBC,-0.00861488,0.0054276357
2010-06-01,DBC,0.0,-0.022984743
2010-06-02,DBC,-0.0188468,-0.057041064
2010-06-03,DBC,0.011992764,-0.0280141
2010-06-04,DBC,0.0054869824,-0.05095936
2010-06-07,DBC,-0.031498667,-0.49666244
2010-06-08,DBC,0.0018805836,0.35636622
2010-06-09,DBC,0.007953258,0.016440768
2010-06-10,DBC,0.0046490086,0.041112375
2010-06-11,DBC,0.016559716,0.0033248337
2010-06-14,DBC,0.0013676775,-0.23558778
2010-06-15,DBC,0.002729756,-0.073552765
2010-06-16,DBC,0.016670808,-0.42709708
2010-06-17,DBC,0.0022316456,0.17347227
2010-06-18,DBC,0.00044573212,-0.0023326126
2010-06-21,DBC,-0.0017841219,-0.33333334
2010-06-22,DBC,-0.0040259506,-0.1023707
2010-06-23,DBC,-0.0022436625,0.076376654
2010-06-24,DBC,-0.016761435,0.070467025
2010-06-25,DBC,0.0022815433,-0.002247017
2010-06-28,DBC,0.01806734,-0.002601836
2010-06-29,DBC,-0.010801185,0.012196929
2010-06-30,DBC,-0.027989898,0.109590515
2010-07-01,DBC,0.0037157498,0.06414378
2010-07-02,DBC,-0.015417264,0.22760245
2010-07-05,DBC,-0.0018850147,-0.12738599
2010-07-06,DBC,0.0,-0.024339333
2010-07-07,DBC,0.0028261913,0.033427823
2010-07-08,DBC,0.022326509,-0.035598002
2010-07-09,DBC,0.009157573,-0.3331266
2010-07-12,DBC,0.0018214941,-0.091490485
2010-07-13,DBC,-0.011439155,-0.1995319
2010-07-14,DBC,0.015978428,0.08885315
2010-07-15,DBC,-0.0018132371,0.3034645
2010-07-16,DBC,0.0094830245,-0.049826708
2010-07-19,DBC,-0.0126641225,-0.0128370635
2010-07-20,DBC,-0.00091074686,-0.17049833
2010-07-21,DBC,0.008167014,-0.02023459
2010-07-22,DBC,-0.0027149338,-0.012798013
2010-07-23,DBC,0.019740434,0.030187178
2010-07-26,DBC,-0.0031145744,-0.07869394
2010-07-27,DBC,-0.000891663,0.026169397
2010-07-28,DBC,-0.010762435,0.0028145513
2010-07-29,DBC,0.0040494995,0.20152871
2010-07-30,DBC,0.0142668495,-0.031652834
2010-08-02,DBC,0.013192804,-0.31393316
2010-08-03,DBC,0.019039951,0.06708017
2010-08-04,DBC,0.0034231956,0.002081858
2010-08-05,DBC,0.008507069,-0.06487837
2010-08-06,DBC,-0.00466993,-0.017129656
2010-08-09,DBC,-0.0089763375,-0.019960085
2010-08-10,DBC,0.0034290648,0.33333334
2010-08-11,DBC,-0.010755105,-0.12994617
2010-08-12,DBC,-0.022748137,0.012004409
2010-08-13,DBC,-0.0075505576,0.020627143
2010-08-16,DBC,-0.0008920607,-0.054880735
2010-08-17,DBC,-0.0031284941,-0.0754496
2010-08-18,DBC,0.014222462,-0.295822
2010-08-19,DBC,-0.0039796648,0.030301612
2010-08-20,DBC,-0.010242797,-0.15689306
2010-08-23,DBC,-0.0062865047,0.14341006
2010-08-24,DBC,-0.006779687,-0.0965668
2010-08-25,DBC,-0.011402632,-0.10943125
2010-08-26,DBC,0.005033184,-0.011486893
2010-08-27,DBC,0.011345708,-0.013494568
2010-08-30,DBC,0.017002646,0.18165788
2010-08-31,DBC,-0.0017761994,0.070094936
2010-09-01,DBC,-0.01342302,0.17932975
2010-09-02,DBC,0.019625964,-0.121155836
2010-09-03,DBC,0.0070422827,-0.023149319
2010-09-06,DBC,0.005249356,0.12375209
2010-09-07,DBC,0.0,-0.009296219
2010-09-08,DBC,0.005221944,0.07744613
2010-09-09,DBC,0.0021677876,-0.01571532
2010-09-10,DBC,-0.005646052,-0.03491701
2010-09-13,DBC,0.010398707,-0.090835676
2010-09-14,DBC,0.00730087,0.11979469
2010-09-15,DBC,0.0029908163,0.09914733
2010-09-16,DBC,-0.0017079423,0.035553068
2010-09-17,DBC,-0.0051413993,0.023417061
2010-09-20,DBC,0.003430535,-0.04658934
2010-09-21,DBC,0.008100662,0.025010712
2010-09-22,DBC,-0.01067246,0.0151642645
2010-09-23,DBC,0.005990604,0.056005992
2010-09-24,DBC,0.0008528785,0.11361254
2010-09-27,DBC,0.01522872,0.030196508
2010-09-28,DBC,-0.0067397053,-0.0488466
2010-09-29,DBC,0.0,-0.00255598
2010-09-30,DBC,0.01301719,-0.036056623
2010-10-01,DBC,0.005823644,-0.24421276
2010-10-04,DBC,0.002071681,0.08832835
2010-10-05,DBC,-0.0033167526,0.26507482
2010-10-06,DBC,0.020144567,-0.016413078
2010-10-07,DBC,0.0004069176,-0.016188098
2010-10-08,DBC,-0.010222947,0.19593827
2010-10-11,DBC,0.032750048,0.010710865
2010-10-12,DBC,-0.004784698,-0.0044773538
2010-10-13,DBC,0.004784698,-0.14982142
2010-10-14,DBC,0.004761914,0.05578036
2010-10-15,DBC,-0.0015847863,0.24344511
2010-10-18,DBC,-0.0111643905,0.104429364
2010-10-19,DBC,0.00997415,0.16846454
2010-10-20,DBC,-0.029816875,0.012975326
2010-10-21,DBC,0.02344489,0.25960147
2010-10-22,DBC,-0.012462473,0.13710274
2010-10-25,DBC,0.008258684,0.0060464577
2010-10-26,DBC,0.0054016337,0.0187201
2010-10-27,DBC,0.005174141,-0.00017937178
2010-10-28,DBC,-0.0031809171,0.040199026
2010-10-29,DBC,0.0051638647,-0.32847974
2010-11-01,DBC,-0.002380009,0.04821113
2010-11-02,DBC,0.0063341465,-0.016765151
2010-11-03,DBC,0.009035614,0.25
2010-11-04,DBC,0.0046820217,-0.1033338
2010-11-05,DBC,0.023467127,-0.20550528
2010-11-08,DBC,0.0041737873,-0.028395837
2010-11-09,DBC,0.0026470048,0.044186607
2010-11-10,DBC,-0.006820792,-0.20165536
2010-11-11,DBC,0.010590114,0.037712365
2010-11-12,DBC,-0.008311343,0.15551469
2010-11-15,DBC,-0.04262559,0.1017341
2010-11-16,DBC,0.0015822788,0.057843816
2010-11-17,DBC,-0.030092541,0.10576178
2010-11-18,DBC,-0.0077694114,0.0351114
2010-11-19,DBC,0.026733061,0.07169058
2010-11-22,DBC,-0.014493007,-0.029186701
2010-11-23,DBC,0.0032388691,0.04862836
2010-11-24,DBC,-0.0026307816,0.09864583
2010-11-25,DBC,0.018669618,-0.24726988
2010-11-26,DBC,0.0,-0.18960527
2010-11-29,DBC,0.004761914,-0.0028155427
2010-11-30,DBC,0.0019774577,0.0037436155
2010-12-01,DBC,-0.009527663,-0.021622602
2010-12-02,DBC,0.0290901,0.015169892
2010-12-03,DBC,0.008487705,-0.08368167
2010-12-06,DBC,0.01259799,0.009014517
2010-12-07,DBC,-0.0011387361,0.24266033
2010-12-08,DBC,-0.006859783,-0.16561618
2010-12-09,DBC,0.0076190843,0.06375074
2010-12-10,DBC,-0.0026600813,-0.01856421
2010-12-13,DBC,-0.0015232295,0.025267465
2010-12-14,DBC,0.009859769,-0.09153815
2010-12-15,DBC,-0.0026450043,0.03692919
2010-12-16,DBC,-0.002652019,0.018749094
2010-12-17,DBC,-0.003420106,0.012337028
2010-12-20,DBC,0.0075844126,-0.026258826
2010-12-21,DBC,0.0090260105,0.19443941
2010-12-22,DBC,0.0063444884,-0.46812996
2010-12-23,DBC,0.0051022884,-0.17504229
2010-12-24,DBC,0.0037866589,0.06849768
2010-12-27,DBC,0.0,0.07558186
2010-12-28,DBC,-0.0018453595,-0.12773117
2010-12-29,DBC,0.010655989,0.2650852
2010-12-30,DBC,0.0003654303,0.06505503
2010-12-31,DBC,-0.012130272,0.0055326554
2010-01-01,HYG,0.0015950784,0.016954554
2010-01-04,HYG,0.0,-0.044192243
2010-01-05,HYG,0.0078245,0.027795495
2010-01-06,HYG,0.0047329366,-0.010049293
2010-01-07,HYG,0.002582385,-0.022821099
2010-01-08,HYG,0.0040286537,-0.0029531536
2010-01-11,HYG,0.001562326,0.0062377974
2010-01-12,HYG,-0.0008924588,0.020525277
2010-01-13,HYG,-0.0051471526,0.0084556
2010-01-14,HYG,0.0022411484,-0.0065472946
2010-01-15,HYG,0.0011186935,-0.04608886
2010-01-18,HYG,-0.004033167,0.10036367
2010-01-19,HYG,0.0,0.034595482
2010-01-20,HYG,0.0004264919,-0.016912466
2010-01-21,HYG,-0.0014373304,0.006293406
2010-01-22,HYG,-0.015743006,-0.011268198
2010-01-25,HYG,-0.0095200585,-0.029199416
2010-01-26,HYG,0.0014970924,-0.040141817
2010-01-27,HYG,0.0012650223,0.060592394
2010-01-28,HYG,0.00034472853,0.0062521887
2010-01-29,HYG,-0.00425998,-0.04413257
2010-02-01,HYG,-0.0050896583,-0.09429969
2010-02-02,HYG,-0.002903434,-0.073031075
2010-02-03,HYG,0.003019396,0.27633938
2010-02-04,HYG,0.0050890697,-0.02628733
2010-02-05,HYG,-0.014291767,-0.01590312
2010-02-08,HYG,-0.0058685616,-0.0037827245
2010-02-09,HYG,-0.0043650162,-0.013638357
2010-02-10,HYG,0.0020079142,-0.049854554
2010-02-11,HYG,-0.013542616,-0.036004826
2010-02-12,HYG,0.0040344293,-0.0051309587
2010-02-15,HYG,-0.0005719461,0.011396669
2010-02-16,HYG,0.0,-0.02924304
2010-02-17,HYG,0.009844117,-0.016438672
2010-02-18,HYG,0.0076421513,-0.20070924
2010-02-19,HYG,0.00944228,-0.059941713
2010-02-22,HYG,0.006706778,-0.025139747
2010-02-23,HYG,0.0012669164,-0.013048725
2010-02-24,HYG,-0.0072778002,-0.01150261
2010-02-25,HYG,0.003818786,-0.03037432
2010-02-26,HYG,0.00011549344,0.015944466
2010-03-01,HYG,0.0066758995,-0.001091244
2010-03-02,HYG,-0.0066758995,-0.053371437
2010-03-03,HYG,0.0064464365,-0.008923464
2010-03-04,HYG,0.0010321693,-0.020788938
2010-03-05,HYG,0.0008020625,-0.02023594
2010-03-08,HYG,0.005938124,-0.011512696
2010-03-09,HYG,0.0002276867,0.014567904
2010-03-10,HYG,0.0043162266,-0.034915477
2010-03-11,HYG,0.0003399626,0.019934837
2010-03-12,HYG,-0.0009068239,-0.050389986
2010-03-15,HYG,0.00022678309,0.01592876
2010-03-16,HYG,-0.0011344301,0.0020139562
2010-03-17,HYG,0.003354187,0.0574765
2010-03-18,HYG,4.5249893e-05,0.5
2010-03-19,HYG,0.0014695079,-0.020391462
2010-03-22,HYG,-0.0049824584,0.090311326
2010-03-23,HYG,0.004756521,0.0069530606
2010-03-24,HYG,-0.00011298797,-0.008304253
2010-03-25,HYG,-0.0005651314,-0.07260576
2010-03-26,HYG,0.0023714087,0.19389494
2010-03-29,HYG,-0.00033842857,0.010405411
2010-03-30,HYG,0.0012403452,0.0027747138
2010-03-31,HYG,-0.0010147134,0.017090084
2010-04-01,HYG,-0.003163487,0.01669622
2010-04-02,HYG,-0.009893752,-0.005570359
2010-04-05,HYG,0.0,-0.020313757
2010-04-06,HYG,-0.00045724737,0.01653311
2010-04-07,HYG,0.0064961193,0.018550979
2010-04-08,HYG,0.0014756799,-0.034544535
2010-04-09,HYG,0.0017000061,-0.20002264
2010-04-12,HYG,0.0014710046,-0.008632929
2010-04-13,HYG,0.00022611645,0.034577634
2010-04-14,HYG,0.002709417,-0.069934435
2010-04-15,HYG,0.0027020958,0.023471251
2010-04-16,HYG,0.0026948142,0.032639325
2010-04-19,HYG,-0.008106327,0.062100463
2010-04-20,HYG,-0.0019236215,0.12572865
2010-04-21,HYG,0.010702519,-0.0062078233
2010-04-22,HYG,0.00011205109,-0.022317592
2010-04-23,HYG,-0.0029174169,-0.033379585
2010-04-26,HYG,0.0064964388,0.1863683
2010-04-27,HYG,0.0,0.0021945313
2010-04-28,HYG,-0.012696086,0.08656845
2010-04-29,HYG,0.000678196,-0.015785448
2010-04-30,HYG,0.0068690097,-0.04714043
2010-05-03,HYG,0.0032491207,0.036451936
2010-05-04,HYG,-0.0072972537,-0.08121945
2010-05-05,HYG,-0.010306451,-0.052157458
2010-05-06,HYG,-0.0137553755,-0.011896676
2010-05-07,HYG,-0.025175763,-0.0299908
2010-05-10,HYG,-7.102021e-05,-0.009693367
2010-05-11,HYG,0.018529907,-0.07384913
2010-05-12,HYG,-0.0011626557,-0.03764455
2010-05-13,HYG,0.012140983,-0.044665586
2010-05-14,HYG,-0.0062255217,0.06189322
2010-05-17,HYG,-0.0057991347,0.006259488
2010-05-18,HYG,-0.0012803354,-0.050865427
2010-05-19,HYG,-0.0020986367,-0.035875145
2010-05-20,HYG,-0.0058527617,0.047699694
2010-05-21,HYG,-0.03027284,0.03834158
2010-05-24,HYG,0.01988804,0.012131338
2010-05-25,HYG,0.0015409237,0.0009069257
2010-05-26,HYG,-0.0011851151,-0.100657135
2010-05-27,HYG,-0.0120490575,-0.18133268
2010-05-28,HYG,0.013707825,-0.025282016
2010-05-31,HYG,0.0016560212,-0.0805738
2010-06-01,HYG,0.0,0.0066615115
2010-06-02,HYG,-0.012367859,0.04819813
2010-06-03,HYG,0.0051321946,0.032157123
2010-06-04,HYG,0.0003570791,-0.009634743
2010-06-07,HYG,-0.0056089414,-0.20491841
2010-06-08,HYG,-0.006965322,0.058695138
2010-06-09,HYG,0.0015654167,-0.011673873
2010-06-10,HYG,0.0022114862,-0.018723955
2010-06-11,HYG,0.0101055605,-0.04933136
2010-06-14,HYG,0.0013978815,-0.011782977
2010-06-15,HYG,0.0013319284,0.042154502
2010-06-16,HYG,0.009672168,-0.063674405
2010-06-17,HYG,0.00082135526,0.279387
2010-06-18,HYG,0.007478418,-0.0052134925
2010-06-21,HYG,0.004298084,0.0030937912
2010-06-22,HYG,0.0035869288,0.15922223
2010-06-23,HYG,-0.0071867704,-0.01677158
2010-06-24,HYG,-0.0006982428,-0.028583609
2010-06-25,HYG,-0.006892148,-0.3797806
2010-06-28,HYG,0.004561145,0.033330712
2010-06-29,HYG,0.0022145822,0.06413486
2010-06-30,HYG,-0.010063272,-0.03619937
2010-07-01,HYG,-0.001530042,-0.032847792
2010-07-02,HYG,-0.002594647,-0.0060351095
2010-07-05,HYG,0.00023615539,-0.06028574
2010-07-06,HYG,0.0,0.110946625
2010-07-07,HYG,0.007879149,0.17139928
2010-07-08,HYG,0.011992925,-0.4689628
2010-07-09,HYG,0.004618946,0.036180157
2010-07-12,HYG,-0.0023068062,-0.054715905
2010-07-13,HYG,-0.00080864097,0.18317488
2010-07-14,HYG,0.0077131563,0.1092189
2010-07-15,HYG,-0.0009178523,-0.0372925
2010-07-16,HYG,0.0014910825,-0.0051861927
2010-07-19,HYG,-0.0060930233,0.01906865
2010-07-20,HYG,0.003338517,0.03282374
2010-07-21,HYG,0.008012864,-0.009414863
2010-07-22,HYG,-0.00045615237,-0.0098962765
2010-07-23,HYG,0.008857655,-0.061379515
2010-07-26,HYG,0.004512134,0.0006031186
2010-07-27,HYG,0.00045009566,0.12366034
2010-07-28,HYG,-0.0013508952,-0.06435676
2010-07-29,HYG,-0.0021426566,0.3891686
2010-07-30,HYG,0.003043456,0.01585452
2010-08-02,HYG,-0.0025919888,0.09656292
2010-08-03,HYG,-0.001581028,0.0504491
2010-08-04,HYG,0.0,0.11882645
2010-08-05,HYG,-0.0005652592,0.13123138
2010-08-06,HYG,-0.00045243753,-0.04588533
2010-08-09,HYG,-0.00022629554,0.039187476
2010-08-10,HYG,-0.0018122103,-0.022869427
2010-08-11,HYG,-0.00034015535,-0.09544746
2010-08-12,HYG,-0.013127293,0.005973067
2010-08-13,HYG,-0.0034530421,-0.27923158
2010-08-16,HYG,0.0043718433,-0.3301815
2010-08-17,HYG,0.0012619746,0.09033114
2010-08-18,HYG,0.0037763964,-0.041013326
2010-08-19,HYG,0.0017118406,0.072299615
2010-08-20,HYG,-0.0020545607,0.13884278
2010-08-23,HYG,0.0023965775,0.12261267
2010-08-24,HYG,0.0,-0.002281173
2010-08-25,HYG,-0.005257155,0.040322125
2010-08-26,HYG,-0.0013300924,0.027472347
2010-08-27,HYG,-0.001423782,0.036845572
2010-08-30,HYG,-0.00011490951,0.014538716
2010-08-31,HYG,0.0017910864,0.24814264
2010-09-01,HYG,-0.0002982917,0.022025028
2010-09-02,HYG,0.003550774,0.33333334
2010-09-03,HYG,0.001599452,0.027064553
2010-09-06,HYG,0.0029636405,-0.014936645
2010-09-07,HYG,0.0,-0.011182679
2010-09-08,HYG,-0.0014807225,-0.037725594
2010-09-09,HYG,0.0002279462,0.053499185
2010-09-10,HYG,0.0039806706,0.3085536
2010-09-13,HYG,0.0026072678,0.096886314
2010-09-14,HYG,0.005137916,-0.037981786
2010-09-15,HYG,-0.00016896173,0.105214655
2010-09-16,HYG,-0.0009016117,-0.004780381
2010-09-17,HYG,0.0016898556,-0.026347764
2010-09-20,HYG,0.0017993707,-0.02214505
2010-09-21,HYG,0.0015717978,0.029528722
2010-09-22,HYG,-0.0016841637,0.015746875
2010-09-23,HYG,-0.004053603,-0.030965023
2010-09-24,HYG,-0.0025984312,-0.024551397
2010-09-27,HYG,0.0039514587,-0.10685274
2010-09-28,HYG,0.0016887141,-0.1296603
2010-09-29,HYG,0.0014612491,-0.33077735
2010-09-30,HYG,0.002355978,0.03203897
2010-10-01,HYG,0.0050299107,-0.04162107
2010-10-04,HYG,-0.0052540503,0.5
2010-10-05,HYG,-0.0034806076,-0.08334273
2010-10-06,HYG,0.0035926837,-0.010280499
2010-10-07,HYG,-0.0008969616,0.24329029
2010-10-08,HYG,0.0020170335,0.03271946
2010-10-11,HYG,0.0033527077,0.102797985
2010-10-12,HYG,0.0021175824,-0.21093126
2010-10-13,HYG,-0.0008910671,0.06506623
2010-10-14,HYG,0.0033374154,0.046734918
2010-10-15,HYG,-0.0047870954,-0.09262488
2010-10-18,HYG,0.0025633895,-0.04757102
2010-10-19,HYG,-0.0013366007,-0.014459456
2010-10-20,HYG,-0.00011146408,-0.0033372347
2010-10-21,HYG,0.0031163075,-0.030819913
2010-10-22,HYG,-0.0015569398,-0.5
2010-10-25,HYG,0.004552781,0.029142484
2010-10-26,HYG,0.0038701878,-0.003126502
2010-10-27,HYG,0.0015438909,-0.0011043296
2010-10-28,HYG,-0.001102536,0.018438853
2010-10-29,HYG,0.0005514199,0.098617256
2010-11-01,HYG,0.00044091712,0.0067519224
2010-11-02,HYG,-0.008521993,-0.037715685
2010-11-03,HYG,0.004878599,-0.25
2010-11-04,HYG,0.003312724,0.08002119
2010-11-05,HYG,0.012924605,0.4564008
2010-11-08,HYG,-0.0010888503,0.04674071
2010-11-09,HYG,-0.0029458315,-0.021095091
2010-11-10,HYG,-0.002844952,0.33333334
2010-11-11,HYG,-0.008252233,0.08153378
2010-11-12,HYG,-0.0039853924,-0.21080579
2010-11-15,HYG,-0.003667282,-0.07475787
2010-11-16,HYG,-0.0018944676,0.05335645
2010-11-17,HYG,-0.0111043705,-0.5
2010-11-18,HYG,0.0050627324,-0.051561452
2010-11-19,HYG,0.012601227,-0.012797351
2010-11-22,HYG,-0.0003325021,0.12078845
2010-11-23,HYG,-0.0070082047,-0.0068945745
2010-11-24,HYG,-0.013825882,-0.19792897
2010-11-25,HYG,0.0059809466,0.069793604
2010-11-26,HYG,0.0,-0.13869444
2010-11-29,HYG,-0.003606857,0.012113241
2010-11-30,HYG,0.0025937427,0.00199292
2010-12-01,HYG,0.002249973,0.054849513
2010-12-02,HYG,0.002581226,0.33639753
2010-12-03,HYG,0.0005602555,-0.24645303
2010-12-06,HYG,0.0016788857,-0.0076989667
2010-12-07,HYG,-0.00058169453,-0.08055101
2010-12-08,HYG,0.005156319,0.19715115
2010-12-09,HYG,-0.0032335424,-0.0032483176
2010-12-10,HYG,-0.0021242113,-0.034919687
2010-12-13,HYG,0.0004475775,-0.026487479
2010-12-14,HYG,-0.0050468342,-0.051667295
2010-12-15,HYG,0.0049349586,-0.014831509
2010-12-16,HYG,-0.003923552,-0.34105116
2010-12-17,HYG,0.0036997632,0.01304984
2010-12-20,HYG,0.0014537325,0.13253312
2010-12-21,HYG,0.0017863129,-0.33333334
2010-12-22,HYG,0.0021171104,0.058229264
2010-12-23,HYG,0.0027788603,-0.062715754
2010-12-24,HYG,0.0009985024,-0.060768344
2010-12-27,HYG,0.0,-0.081741475
2010-12-28,HYG,0.00077592424,0.071980976
2010-12-29,HYG,-0.005778436,0.24630097
2010-12-30,HYG,0.0033377868,-0.080418356
2010-12-31,HYG,0.0011101244,0.003686772
2010-01-01,LQD,-0.0014391943,0.2242218
2010-01-04,LQD,0.0,0.22932178
2010-01-05,LQD,0.00526695,-0.28061333
2010-01-06,LQD,0.0047641825,-0.13658026
2010-01-07,LQD,-0.0029511184,0.27079558
2010-01-08,LQD,0.0012386262,-0.35745636
2010-01-11,LQD,0.0021876644,-0.6181871
2010-01-12,LQD,0.0010445849,0.18722071
2010-01-13,LQD,0.0018964543,0.055759672
2010-01-14,LQD,-0.004176957,-0.3714184
2010-01-15,LQD,0.0036083981,-0.27638733
2010-01-18,LQD,-0.0003792188,-0.007549762
2010-01-19,LQD,0.0,0.43971404
2010-01-20,LQD,0.0008530402,-0.22257575
2010-01-21,LQD,-0.0006634128,0.24275804
2010-01-22,LQD,0.0026510146,-0.16900702
2010-01-25,LQD,-0.0015140048,-0.097316206
2010-01-26,LQD,-9.4701456e-05,0.27759212
2010-01-27,LQD,-0.0026552884,0.33333334
2010-01-28,LQD,-0.0036149202,-0.27071828
2010-01-29,LQD,-0.0014305472,0.16272044
2010-02-01,LQD,0.006373993,0.38922107
2010-02-02,LQD,-0.0087627955,-0.4390774
2010-02-03,LQD,0.0031520156,0.20710862
2010-02-04,LQD,-0.0010495683,0.3848011
2010-02-05,LQD,-9.546995e-05,0.4110035
2010-02-08,LQD,-0.0030598608,-0.031676352
2010-02-09,LQD,0.00095721264,-0.18698268
2010-02-10,LQD,-0.0022988515,0.2027936
2010-02-11,LQD,-0.0077978736,0.18623546
2010-02-12,LQD,0.0022975423,0.21356575
2010-02-15,LQD,0.0011756885,0.03306357
2010-02-16,LQD,0.0,0.20255455
2010-02-17,LQD,0.0039409865,-0.06023697
2010-02-18,LQD,-0.0033536602,0.16111578
2010-02-19,LQD,-0.0006836422,0.18136407
2010-02-22,LQD,0.003557525,0.2685201
2010-02-23,LQD,0.00057570526,-0.15837064
2010-02-24,LQD,0.0023952108,0.31826732
2010-02-25,LQD,0.0042969747,-0.22586687
2010-02-26,LQD,-0.0010486678,-0.23965359
2010-03-01,LQD,0.0065598944,-0.25281134
2010-03-02,LQD,-0.0029418764,0.3312575
2010-03-03,LQD,0.0020886743,-0.1387238
2010-03-04,LQD,0.0020843209,0.49963686
2010-03-05,LQD,0.00047310404,-0.33333334
2010-03-08,LQD,-0.0012305364,0.15963414
2010-03-09,LQD,0.0016088586,0.33333334
2010-03-10,LQD,-0.00094607385,0.0045340676
2010-03-11,LQD,0.00094607385,0.17115015
2010-03-12,LQD,-0.00037832215,-0.036547553
2010-03-15,LQD,0.0020790028,-0.017619696
2010-03-16,LQD,-0.00018882175,0.28469244
2010-03-17,LQD,0.0046159,-0.15124944
2010-03-18,LQD,0.0036587124,-0.17669514
2010-03-19,LQD,-0.0019684124,-0.21392085
2010-03-22,LQD,-0.00075089175,-0.08896584
2010-03-23,LQD,0.0015949715,-0.3776498
2010-03-24,LQD,-0.0006564449,0.3702537
2010-03-25,LQD,-0.007438479,-0.3761688
2010-03-26,LQD,-0.0035978074,-0.2048747
2010-03-29,LQD,0.0030305923,-0.08643025
2010-03-30,LQD,-0.0008514262,0.29243737
2010-03-31,LQD,0.000567698,0.29643425
2010-04-01,LQD,0.0004728356,0.20169884
2010-04-02,LQD,-0.0022716527,-0.18426667
2010-04-05,LQD,0.0,0.365357
2010-04-06,LQD,-0.009234203,0.2376599
2010-04-07,LQD,0.0023881178,0.28681815
2010-04-08,LQD,0.0050440268,0.33333334
2010-04-09,LQD,-0.0019004187,-0.33788598
2010-04-12,LQD,0.00066555745,-0.28625163
2010-04-13,LQD,0.0028473823,-0.17504488
2010-04-14,LQD,0.0035950842,0.0857939
2010-04-15,LQD,-0.0008503,0.19641262
2010-04-16,LQD,0.0016998777,-0.5
2010-04-19,LQD,0.0023561576,0.018031806
2010-04-20,LQD,-0.0025448904,-0.34067225
2010-04-21,LQD,0.002168278,-0.24561156
2010-04-22,LQD,0.0034782644,-0.2350396
2010-04-23,LQD,-0.0022547925,-0.0880097
2010-04-26,LQD,-0.00018812905,-0.31322947
2010-04-27,LQD,0.0004702563,0.33303934
2010-04-28,LQD,0.00065798755,0.47160503
2010-04-29,LQD,0.0016899826,-0.21953368
2010-04-30,LQD,0.002557702,-0.19365972
2010-05-03,LQD,0.0040806285,0.29702452
2010-05-04,LQD,-0.0039215735,-0.0312799
2010-05-05,LQD,0.0012154646,-0.2884831
2010-05-06,LQD,-0.004307526,-0.28990212
2010-05-07,LQD,-0.016654436,-0.0957334
2010-05-10,LQD,0.0032390235,0.5
2010-05-11,LQD,0.006257724,-0.23090576
2010-05-12,LQD,0.0010391574,-0.24509417
2010-05-13,LQD,-0.0003777505,-0.26490813
2010-05-14,LQD,0.002923841,0.24809125
2010-05-17,LQD,-0.000282579,-0.24916944
2010-05-18,LQD,0.0016942775,0.1714565
2010-05-19,LQD,0.003192491,-0.22396012
2010-05-20,LQD,0.0005623243,-0.24948245
2010-05-21,LQD,-0.002251197,0.27868846
2010-05-24,LQD,-0.0016917298,0.24885178
2010-05-25,LQD,0.0026303444,-0.16926302
2010-05-26,LQD,-0.0047961725,-0.16762434
2010-05-27,LQD,0.0006596617,-0.055424206
2010-05-28,LQD,-0.0051948167,-0.19218844
2010-05-31,LQD,-0.0013266372,0.30556333
2010-06-01,LQD,0.0,-0.2715885
2010-06-02,LQD,-0.005038273,0.3739891
2010-06-03,LQD,0.003519958,0.37164629
2010-06-04,LQD,-0.003234094,-0.27789387
2010-06-07,LQD,0.006079046,0.24733056
2010-06-08,LQD,0.0042051612,-0.29904544
2010-06-09,LQD,-4.7150905e-05,0.36767864
2010-06-10,LQD,0.000377145,-0.256832
2010-06-11,LQD,-0.004156439,-0.47077134
2010-06-14,LQD,0.0036849855,0.2911533
2010-06-15,LQD,-0.0018880399,-0.4980967
2010-06-16,LQD,-0.0012291402,0.07823614
2010-06-17,LQD,0.00104014,0.0062822853
2010-06-18,LQD,0.0065938444,-0.2627706
2010-06-21,LQD,-9.3892304e-05,0.06925017
2010-06-22,LQD,0.002532003,-0.055362564
2010-06-23,LQD,0.0048584603,-0.2501616
2010-06-24,LQD,0.0041854684,-0.2789292
2010-06-25,LQD,-0.0039990754,0.049163435
2010-06-28,LQD,0.0016759781,-0.45125964
2010-06-29,LQD,0.0054738736,-0.42829335
2010-06-30,LQD,-0.00046272733,-0.20612162
2010-07-01,LQD,0.003972475,0.3219843
2010-07-02,LQD,-0.0029547575,-0.32644838
2010-07-05,LQD,-0.002870771,0.007822939
2010-07-06,LQD,0.0,-0.29631037
2010-07-07,LQD,0.004164552,-0.09881471
2010-07-08,LQD,0.00064626324,0.2144108
2010-07-09,LQD,-0.0024950344,0.10711855
2010-07-12,LQD,-0.0012035366,-0.20544736
2010-07-13,LQD,0.0012035366,-0.053781215
2010-07-14,LQD,0.0005549903,-0.02312079
2010-07-15,LQD,0.0044288686,0.16498779
2010-07-16,LQD,0.0017476893,0.5
2010-07-19,LQD,0.0017446403,-0.26440144
2010-07-20,LQD,-0.00018350307,-0.31630313
2010-07-21,LQD,0.0011005137,-0.04006968
2010-07-22,LQD,0.004846167,0.32141888
2010-07-23,LQD,-0.0012778388,0.19696996
2010-07-26,LQD,0.0012778388,0.2734139
2010-07-27,LQD,0.0009117433,-0.5
2010-07-28,LQD,-0.0033776106,0.19827853
2010-07-29,LQD,0.0035598595,-0.45244205
2010-07-30,LQD,0.0003643983,-0.23408352
2010-08-02,LQD,0.004634476,-0.2296507
2010-08-03,LQD,-0.0060928664,-0.1288613
2010-08-04,LQD,0.0024598017,0.12790395
2010-08-05,LQD,-0.003098517,-0.14454491
2010-08-06,LQD,0.0018238196,-0.5710021
2010-08-09,LQD,0.005723386,0.5
2010-08-10,LQD,0.0032558588,0.25863886
2010-08-11,LQD,-0.001264908,-0.21905719
2010-08-12,LQD,-9.041183e-05,0.21533911
2010-08-13,LQD,-0.0035324523,-0.14188384
2010-08-16,LQD,0.0038940506,-0.021756772
2010-08-17,LQD,0.0109664025,-0.32472417
2010-08-18,LQD,-0.0016104503,-0.26578617
2010-08-19,LQD,0.00089501485,0.30118504
2010-08-20,LQD,0.0010729615,-0.117356926
2010-08-23,LQD,0.0017857148,-0.38695574
2010-08-24,LQD,0.002138657,0.15683241
2010-08-25,LQD,0.0023117287,0.18874092
2010-08-26,LQD,0.0018632719,-0.05785994
2010-08-27,LQD,0.0008860536,-0.12406432
2010-08-30,LQD,-0.009074795,-0.25
2010-08-31,LQD,0.006503074,-0.0044802707
2010-09-01,LQD,0.003368499,-0.06819014
2010-09-02,LQD,-0.011302572,-0.14894193
2010-09-03,LQD,-0.0012538064,0.098087125
2010-09-06,LQD,-0.0075560315,-0.097545594
2010-09-07,LQD,0.0,0.20699874
2010-09-08,LQD,0.0073767877,-0.17166422
2010-09-09,LQD,-0.001973803,-0.030385554
2010-09-10,LQD,-0.005222414,-0.62479776
2010-09-13,LQD,0.00072195655,-0.24784788
2010-09-14,LQD,0.0013522652,-0.2391153
2010-09-15,LQD,0.0046737455,0.0380649
2010-09-16,LQD,-0.0016153642,0.35061762
2010-09-17,LQD,-0.0031484757,0.34538978
2010-09-20,LQD,0.0032382866,0.20056653
2010-09-21,LQD,0.0012565071,0.1754507
2010-09-22,LQD,0.0075950865,-0.38550168
2010-09-23,LQD,-0.00062330265,-0.11026646
2010-09-24,LQD,0.00071231415,-0.2035462
2010-09-27,LQD,-0.0022276687,0.23265485
2010-09-28,LQD,0.005160613,0.09660106
2010-09-29,LQD,0.0017733645,-0.038395613
2010-09-30,LQD,-0.0009749613,-0.23382683
2010-10-01,LQD,0.0028336155,0.25760898
2010-10-04,LQD,-0.00870343,-0.16623774
2010-10-05,LQD,0.0016042785,-0.10609077
2010-10-06,LQD,0.002046173,-0.26671734
2010-10-07,LQD,0.006466781,-0.10269909
2010-10-08,LQD,-0.00026493575,-0.046324417
2010-10-11,LQD,-0.0009720321,-0.32458904
2010-10-12,LQD,0.0008837046,0.14803752
2010-10-13,LQD,-0.0015027627,0.23127227
2010-10-14,LQD,-0.00053092645,-0.2458919
2010-10-15,LQD,-0.008087136,0.2928225
2010-10-18,LQD,-0.0063554794,-0.35499075
2010-10-19,LQD,0.006890716,0.33333334
2010-10-20,LQD,8.9178226e-05,0.41326794
2010-10-21,LQD,0.0017818965,-0.18459256
2010-10-22,LQD,-0.0026740367,0.15862179
2010-10-25,LQD,0.0012487737,0.013607413
2010-10-26,LQD,0.0035593559,-0.23389716
2010-10-27,LQD,-0.005343796,-0.25
2010-10-28,LQD,-0.0025931073,0.13127111
2010-10-29,LQD,0.004020914,0.15581508
2010-11-01,LQD,0.0019599115,0.256719
2010-11-02,LQD,-0.0041917562,0.33333334
2010-11-03,LQD,0.0046366556,0.25
2010-11-04,LQD,-0.003296951,0.026557336
2010-11-05,LQD,0.009416433,-0.06962208
2010-11-08,LQD,-0.0031881004,-0.016109373
2010-11-09,LQD,0.00053205644,0.33333334
2010-11-10,LQD,-0.0074746744,0.29186863
2010-11-11,LQD,-0.0021459237,0.21798247
2010-11-12,LQD,-0.0043956116,0.17907624
2010-11-15,LQD,-0.0070371996,0.1974679
2010-11-16,LQD,-0.011015633,-0.2506453
2010-11-17,LQD,0.005295365,0.06319785
2010-11-18,LQD,0.0,0.040096313
2010-11-19,LQD,0.00072819955,-0.09776478
2010-11-22,LQD,0.0034517248,-0.05056036
2010-11-23,LQD,0.005516133,-0.06964754
2010-11-24,LQD,0.0005409304,0.20551315
2010-11-25,LQD,-0.0082357135,0.1312269
2010-11-26,LQD,0.0,0.16366155
2010-11-29,LQD,0.001271456,-0.30640504
2010-11-30,LQD,0.0009978683,0.14979808
2010-12-01,LQD,-0.0015425801,-0.042846985
2010-12-02,LQD,-0.0061028562,-0.4017277
2010-12-03,LQD,-0.0021951897,-0.09412891
2010-12-06,LQD,-0.0028426042,-0.04060945
2010-12-07,LQD,0.00695464,-0.32952228
2010-12-08,LQD,-0.009345006,-0.15554965
2010-12-09,LQD,-0.0064641465,-0.20090789
2010-12-10,LQD,0.0024058493,0.19436884
2010-12-13,LQD,-0.0046317824,0.33333334
2010-12-14,LQD,0.0037071405,-0.020723036
2010-12-15,LQD,-0.0061241724,-0.09458828
2010-12-16,LQD,-0.006255564,0.3022927
2010-12-17,LQD,0.0048584603,0.1677682
2010-12-20,LQD,0.009092659,-0.14081594
2010-12-21,LQD,-0.0006467409,0.15134738
2010-12-22,LQD,0.0021234371,0.4791733
2010-12-23,LQD,-0.00083037326,-0.27900344
2010-12-24,LQD,0.0004614036,0.30805615
2010-12-27,LQD,0.0,0.12647195
2010-12-28,LQD,0.0019355736,0.25492236
2010-12-29,LQD,-0.011949565,0.17507535
2010-12-30,LQD,0.0075198794,0.39165705
2010-12-31,LQD,0.00046234223,0.3583773
2010-01-01,UUP,0.0017346058,0.24819629
2010-01-04,UUP,0.0,-0.05687614
2010-01-05,UUP,-0.00695655,0.33452868
2010-01-06,UUP,-0.00043639538,-0.06425122
2010-01-07,UUP,-0.0026223792,-0.061975516
2010-01-08,UUP,0.0065430985,-0.0866077
2010-01-11,UUP,-0.0069808313,0.19912736
2010-01-12,UUP,-0.005267791,0.3329912
2010-01-13,UUP,0.0,-0.48196328
2010-01-14,UUP,-0.00088066934,0.6500182
2010-01-15,UUP,-0.0026466711,0.20314457
2010-01-18,UUP,0.005725627,-0.035307225
2010-01-19,UUP,0.0,0.011262604
2010-01-20,UUP,0.0030695046,0.2365763
2010-01-21,UUP,0.012184659,-0.49316967
2010-01-22,UUP,0.0,-0.3202036
2010-01-25,UUP,-0.0017316021,0.351403
2010-01-26,UUP,-0.0013006722,-0.32211253
2010-01-27,UUP,0.0043290113,0.33333334
2010-01-28,UUP,0.0034497662,-0.45856348
2010-01-29,UUP,0.0017204306,0.29542443
2010-02-01,UUP,0.0077055176,0.00832925
2010-02-02,UUP,-0.004273511,0.32082626
2010-02-03,UUP,-0.0034320068,-0.40235087
2010-02-04,UUP,0.005571045,-0.045157876
2010-02-05,UUP,0.006389798,0.177993
2010-02-08,UUP,0.0042372947,-0.19161132
2010-02-09,UUP,-0.0004229224,-0.39705002
2010-02-10,UUP,-0.0063653938,0.20342322
2010-02-11,UUP,0.00297556,-0.26289472
2010-02-12,UUP,-0.00042453833,0.35930276
2010-02-15,UUP,0.0033912708,0.34293553
2010-02-16,UUP,0.0,0.24740097
2010-02-17,UUP,-0.008499838,-0.024077684
2010-02-18,UUP,0.009345862,-0.03743322
2010-02-19,UUP,0.0,0.39228952
2010-02-22,UUP,0.0029554593,-0.6065531
2010-02-23,UUP,-0.0016877641,-0.18149336
2010-02-24,UUP,0.0054748505,-0.28505465
2010-02-25,UUP,-0.002102166,-0.25
2010-02-26,UUP,-0.0021065944,0.6115879
2010-03-01,UUP,-0.0029567075,0.4835912
2010-03-02,UUP,0.0033783815,0.26591882
2010-03-03,UUP,-0.0029554593,0.55460465
2010-03-04,UUP,-0.005937252,-0.107797496
2010-03-05,UUP,0.0055143298,0.33333334
2010-03-08,UUP,-0.00042310133,-0.24911727
2010-03-09,UUP,-0.00042328043,0.33333334
2010-03-10,UUP,0.0016920478,0.37354174
2010-03-11,UUP,-0.0016920478,-0.39840916
2010-03-12,UUP,-0.002119094,0.38849083
2010-03-15,UUP,-0.0063843587,0.33333334
2010-03-16,UUP,0.0055354624,-0.3828207
2010-03-17,UUP,-0.0072448645,0.024603598
2010-03-18,UUP,0.00042762456,-0.1715891
2010-03-19,UUP,0.00681724,0.20248923
2010-03-22,UUP,0.0067710797,-0.15390351
2010-03-23,UUP,-0.002533785,0.36213169
2010-03-24,UUP,0.0033769554,0.13804223
2010-03-25,UUP,0.013394926,0.1405661
2010-03-26,UUP,0.003320883,-0.16788697
2010-03-29,UUP,-0.0070701065,0.38850075
2010-03-30,UUP,-0.005020931,-0.6167162
2010-03-31,UUP,0.0037680597,0.23877247
2010-04-01,UUP,-0.005447321,0.39490348
2010-04-02,UUP,-0.005899722,0.36716485
2010-04-05,UUP,0.0,-0.2843339
2010-04-06,UUP,0.0050590327,0.18766819
2010-04-07,UUP,0.002939326,-0.33333334
2010-04-08,UUP,0.0020942416,-0.33333334
2010-04-09,UUP,-0.0008371704,0.07001741
2010-04-12,UUP,-0.0075662406,-0.33333334
2010-04-13,UUP,-0.0042283363,0.3405417
2010-04-14,UUP,0.0,0.21068864
2010-04-15,UUP,-0.005097717,0.4858727
2010-04-16,UUP,0.003825722,0.2554484
2010-04-19,UUP,0.003388398,0.27660847
2010-04-20,UUP,0.0016899032,0.4501665
2010-04-21,UUP,0.0016870523,0.5968694
2010-04-22,UUP,0.002104821,0.42467162
2010-04-23,UUP,0.0046150703,-0.33333334
2010-04-26,UUP,-0.002095119,0.10295459
2010-04-27,UUP,-0.0004195511,-0.2445322
2010-04-28,UUP,0.012096081,0.04053732
2010-04-29,UUP,-0.00041467967,0.49053794
2010-04-30,UUP,-0.004572862,0.36936677
2010-05-03,UUP,-0.001668057,-0.33170366
2010-05-04,UUP,0.0062409188,0.3316973
2010-05-05,UUP,0.011136432,0.33333334
2010-05-06,UUP,0.00938974,-0.18245438
2010-05-07,UUP,0.0081705125,0.23740841
2010-05-10,UUP,-0.004520133,-0.46060595
2010-05-11,UUP,-0.002432105,-0.30728272
2010-05-12,UUP,0.0044543506,0.16273159
2010-05-13,UUP,0.0028242907,0.45779997
2010-05-14,UUP,0.0056247637,-0.35492495
2010-05-17,UUP,0.009172547,-0.40641606
2010-05-18,UUP,0.0,0.106523395
2010-05-19,UUP,0.010661502,0.47933248
2010-05-20,UUP,-0.009471263,-0.016216356
2010-05-21,UUP,-0.00516797,0.16393463
2010-05-24,UUP,-0.0043938556,0.1875055
2010-05-25,UUP,0.009958258,-0.35117942
2010-05-26,UUP,0.002770633,0.38566142
2010-05-27,UUP,0.0066968934,-0.26329106
2010-05-28,UUP,-0.010657295,0.4384689
2010-05-31,UUP,0.0055401805,0.20454858
2010-06-01,UUP,0.0,0.4326676
2010-06-02,UUP,0.00039455516,-0.40382737
2010-06-03,UUP,-0.00039455516,0.03268975
2010-06-04,UUP,0.005117114,-0.33333334
2010-06-07,UUP,0.011709736,-0.05517461
2010-06-08,UUP,0.0023255826,-0.040176556
2010-06-09,UUP,-0.00310198,-0.33532053
2010-06-10,UUP,-0.0038910555,0.03903016
2010-06-11,UUP,-0.010582109,0.35138017
2010-06-14,UUP,0.0031471308,-0.032522194
2010-06-15,UUP,-0.00907483,0.13564979
2010-06-16,UUP,-0.008358258,-0.07290292
2010-06-17,UUP,0.0031923412,0.0029829189
2010-06-18,UUP,-0.0059940238,-0.26548564
2010-06-21,UUP,-0.00040088195,-0.021092514
2010-06-22,UUP,0.0036021653,0.047407877
2010-06-23,UUP,0.0015968067,0.0030017537
2010-06-24,UUP,-0.003996808,-0.09641379
2010-06-25,UUP,0.0,-0.057262663
2010-06-28,UUP,-0.0056225047,-0.042333633
2010-06-29,UUP,0.005221944,-0.18891904
2010-06-30,UUP,0.0047961725,-0.35651073
2010-07-01,UUP,-0.0007977663,-0.3685992
2010-07-02,UUP,-0.018526506,0.020174284
2010-07-05,UUP,-0.0012202564,-0.12349576
2010-07-06,UUP,0.0,0.22264554
2010-07-07,UUP,-0.0032613156,0.4346383
2010-07-08,UUP,-0.0032719865,0.4626833
2010-07-09,UUP,-0.0012297604,-0.0020428812
2010-07-12,UUP,0.0024580103,-0.016835876
2010-07-13,UUP,0.0028600632,0.042738415
2010-07-14,UUP,-0.008604847,-0.1958227
2010-07-15,UUP,-0.002059733,-0.3921139
2010-07-16,UUP,-0.011613569,-0.116823606
2010-07-19,UUP,0.0016673618,-0.0069168494
2010-07-20,UUP,0.0008326395,-0.015518269
2010-07-21,UUP,0.0016632021,-0.20112863
2010-07-22,UUP,0.006625283,-0.45828593
2010-07-23,UUP,-0.008288485,0.16508077
2010-07-26,UUP,-0.0016659729,0.33333334
2010-07-27,UUP,-0.00543366,-0.053072527
2010-07-28,UUP,0.0016750423,-0.5
2010-07-29,UUP,-0.0004184976,-0.049353827
2010-07-30,UUP,-0.006719891,0.22618517
2010-08-02,UUP,0.00042131872,-0.020581044
2010-08-03,UUP,-0.009310266,-0.2386862
2010-08-04,UUP,-0.004260765,0.24454992
2010-08-05,UUP,0.0055354624,0.10933232
2010-08-06,UUP,-0.0034028105,0.01991224
2010-08-09,UUP,-0.0051260255,0.021882838
2010-08-10,UUP,0.0051260255,-0.21266869
2010-08-11,UUP,0.002128113,0.37489188
2010-08-12,UUP,0.017281778,-0.053563476
2010-08-13,UUP,0.0033375083,-0.20155673
2010-08-16,UUP,0.004156282,0.06096752
2010-08-17,UUP,-0.0062409188,-0.06631717
2010-08-18,UUP,-0.0033444848,-0.0033501356
2010-08-19,UUP,0.0012554929,-0.05017641
2010-08-20,UUP,0.0020889917,0.2804157
2010-08-23,UUP,0.0070701065,0.005385812
2010-08-24,UUP,0.0020699655,0.18906166
2010-08-25,UUP,-0.0016556295,0.09295592
2010-08-26,UUP,0.0016556295,-0.009713512
2010-08-27,UUP,-0.006222795,0.16045181
2010-08-30,UUP,0.0016632021,0.2733685
2010-08-31,UUP,0.002903964,0.25557208
2010-09-01,UUP,-0.0008288438,-0.2057666
2010-09-02,UUP,-0.00790847,0.064105734
2010-09-03,UUP,-0.00083612045,-0.26236957
2010-09-06,UUP,-0.005031457,-0.22479858
2010-09-07,UUP,0.0,-0.15769996
2010-09-08,UUP,0.010453786,0.5825354
2010-09-09,UUP,-0.0033333364,-0.2507357
2010-09-10,UUP,0.0,0.026022244
2010-09-13,UUP,0.0008343764,0.3706687
2010-09-14,UUP,-0.010901576,0.023866653
2010-09-15,UUP,-0.008467451,-0.010469282
2010-09-16,UUP,0.004242688,-0.2019749
2010-09-17,UUP,-0.003392709,0.027395418
2010-09-20,UUP,0.0025456103,0.114213094
2010-09-21,UUP,-0.0012719951,0.15865387
2010-09-22,UUP,-0.011092264,-0.023046574
2010-09-23,UUP,-0.007319731,0.031191483
2010-09-24,UUP,0.0030204984,-0.16347544
2010-09-27,UUP,-0.0103942035,0.097215064
2010-09-28,UUP,0.0013051992,-0.14464982
2010-09-29,UUP,-0.0052310494,0.039466094
2010-09-30,UUP,-0.0017497818,0.28319958
2010-10-01,UUP,0.0,0.48226094
2010-10-04,UUP,-0.008353533,-0.015716773
2010-10-05,UUP,0.0044052936,-0.011427762
2010-10-06,UUP,-0.008386719,0.611731
2010-10-07,UUP,-0.0048878123,-0.15034316
2010-10-08,UUP,0.0013354109,-0.39910203
2010-10-11,UUP,-0.0035650663,-0.023090268
2010-10-12,UUP,0.004009807,-0.36720625
2010-10-13,UUP,-0.0031173483,-0.034566168
2010-10-14,UUP,-0.0026797694,-0.011836474
2010-10-15,UUP,-0.0067310105,-0.34650365
2010-10-18,UUP,0.0058361557,-0.011956962
2010-10-19,UUP,-0.0008956561,-0.32571098
2010-10-20,UUP,0.016881786,0.0003045302
2010-10-21,UUP,-0.0137504935,0.2211956
2010-10-22,UUP,0.0035666556,0.036966473
2010-10-25,UUP,0.0,0.18779208
2010-10-26,UUP,-0.0044603106,0.4650008
2010-10-27,UUP,0.006683028,0.25
2010-10-28,UUP,0.0057560485,0.33680817
2010-10-29,UUP,-0.0106525645,0.37741742
2010-11-01,UUP,-0.0017865123,0.48656204
2010-11-02,UUP,0.0017865123,-0.3472158
2010-11-03,UUP,-0.0073900237,0.023683358
2010-11-04,UUP,-0.004731337,-0.35911542
2010-11-05,UUP,-0.007708041,0.0013704593
2010-11-08,UUP,0.009513096,-0.3906009
2010-11-09,UUP,0.005619887,-0.24195239
2010-11-10,UUP,0.008704441,-0.3948162
2010-11-11,UUP,-0.0008892842,0.3460526
2010-11-12,UUP,0.007092228,0.012691787
2010-11-15,UUP,-0.001325967,-0.2212454
2010-11-16,UUP,0.007929557,-0.24806412
2010-11-17,UUP,0.0056880484,0.06617873
2010-11-18,UUP,-0.00087298127,-0.63836527
2010-11-19,UUP,-0.0070114224,-0.18806218
2010-11-22,UUP,-0.0030830237,-0.003453303
2010-11-23,UUP,0.0028631228,-0.2745735
2010-11-24,UUP,0.013326248,-0.046529103
2010-11-25,UUP,0.0013012363,0.3527119
2010-11-26,UUP,0.0,0.020552963
2010-11-29,UUP,0.006050148,0.41210902
2010-11-30,UUP,0.0060137636,0.2629329
2010-12-01,UUP,0.006403437,-0.369554
2010-12-02,UUP,-0.00854706,0.22782388
2010-12-03,UUP,-0.006026708,-0.007407884
2010-12-06,UUP,-0.012163486,-0.0035804224
2010-12-07,UUP,0.0047961725,-0.10157822
2010-12-08,UUP,0.0043402845,-0.005377743
2010-12-09,UUP,0.00043299416,0.014945596
2010-12-10,UUP,0.00086542626,0.024584036
2010-12-13,UUP,0.0,-0.38315967
2010-12-14,UUP,-0.010872036,-0.024862539
2010-12-15,UUP,0.0017474884,0.4449204
2010-12-16,UUP,0.0104212845,-0.0052744267
2010-12-17,UUP,-0.0025951571,0.25780997
2010-12-20,UUP,0.004321528,-0.0012171392
2010-12-21,UUP,0.0021537808,0.015185934
2010-12-22,UUP,0.0021491519,-0.026628498
2010-12-23,UUP,-0.0008591066,-0.010209105
2010-12-24,UUP,-0.0030126986,0.048321176
2010-12-27,UUP,0.0,-0.45151773
2010-12-28,UUP,-0.0021574982,0.012711362
2010-12-29,UUP,0.00043187218,-0.06748241
2010-12-30,UUP,-0.006932437,0.09775097
2010-12-31,UUP,-0.003484324,0.0029906759
