date,ticker,returns,weights
2021-01-01,SPY,0.0,0.09377749
2021-01-04,SPY,-0.013614,-0.19725281
2021-01-05,SPY,0.006887,0.074323855
2021-01-06,SPY,0.005979,-0.17372903
2021-01-07,SPY,0.014857,-0.061663292
2021-01-08,SPY,0.005698,-0.075727865
2021-01-11,SPY,-0.006741,0.13918693
2021-01-12,SPY,0.000211,-0.18495262
2021-01-13,SPY,0.002693,-0.23281059
2021-01-14,SPY,-0.003502,0.120326035
2021-01-15,SPY,-0.007293,-0.29103038
2021-01-18,SPY,0.0,0.08839611
2021-01-19,SPY,0.007852,-0.10133204
2021-01-20,SPY,0.013839,-0.104141876
2021-01-21,SPY,0.000912,-0.13785037
2021-01-22,SPY,-0.003539,0.048482854
2021-01-25,SPY,0.003944,0.19462533
2021-01-26,SPY,-0.001561,0.037867445
2021-01-27,SPY,-0.02444,0.008465677
2021-01-28,SPY,0.0086,-0.15904249
2021-01-29,SPY,-0.02002,0.08364251
2021-02-01,SPY,0.016646,0.03672739
2021-02-02,SPY,0.01414,0.14562148
2021-02-03,SPY,0.000786,-0.0872901
2021-02-04,SPY,0.011366,0.097475104
2021-02-05,SPY,0.003936,-0.10698988
2021-02-08,SPY,0.007222,-6.49769e-06
2021-02-09,SPY,-0.000666,0.0063129105
2021-02-10,SPY,-0.000436,-0.03647519
2021-02-11,SPY,0.001615,0.0016962147
2021-02-12,SPY,0.00494,-9.600015e-06
2021-02-15,SPY,0.0,0.001118212
2021-02-16,SPY,-0.000866,-7.618452e-06
2021-02-17,SPY,0.000229,1.705445e-06
2021-02-18,SPY,-0.004256,-0.009519902
2021-02-19,SPY,-0.001766,-0.09039892
2021-02-22,SPY,-0.007692,-0.016592953
2021-02-23,SPY,0.001214,-0.0022459412
2021-02-24,SPY,0.011019,-0.0656744
2021-02-25,SPY,-0.024096,0.04717599
2021-02-26,SPY,-0.005153,9.731042e-06
2021-03-01,SPY,0.02424,-0.15290488
2021-03-02,SPY,-0.007803,0.034617916
2021-03-03,SPY,-0.013246,4.958056e-06
2021-03-04,SPY,-0.012375,-0.22436213
2021-03-05,SPY,0.018397,0.15305734
2021-03-08,SPY,-0.004979,-0.12638518
2021-03-09,SPY,0.014278,0.08049153
2021-03-10,SPY,0.006225,-0.027820855
2021-03-11,SPY,0.010139,-0.0620812
2021-03-12,SPY,0.001347,0.16895522
2021-03-15,SPY,0.005964,0.12564604
2021-03-16,SPY,-0.001261,0.14863487
2021-03-17,SPY,0.00341,0.095669456
2021-03-18,SPY,-0.01455,0.3547186
2021-03-19,SPY,-0.001845,-0.24934629
2021-03-22,SPY,0.007985,-0.08300431
2021-03-23,SPY,-0.007871,0.12959766
2021-03-24,SPY,-0.005083,0.06877908
2021-03-25,SPY,0.005626,0.28324983
2021-03-26,SPY,0.016115,0.20922913
2021-03-29,SPY,-0.000505,0.116386324
2021-03-30,SPY,-0.002653,-0.23969293
2021-03-31,SPY,0.004053,-0.15327266
2021-04-01,SPY,0.010799,0.15095738
2021-04-02,SPY,0.0,-0.12013103
2021-04-05,SPY,0.014353,0.2142696
2021-04-06,SPY,-0.000591,-0.13663329
2021-04-07,SPY,0.001157,0.20451249
2021-04-08,SPY,0.004747,-0.030054761
2021-04-09,SPY,0.00727,0.054650992
2021-04-12,SPY,0.000365,0.24472588
2021-04-13,SPY,0.002964,0.21175794
2021-04-14,SPY,-0.003415,-0.18556288
2021-04-15,SPY,0.010742,-0.097669445
2021-04-16,SPY,0.003342,0.11128604
2021-04-19,SPY,-0.004913,-0.0042482927
2021-04-20,SPY,-0.007322,0.06706301
2021-04-21,SPY,0.009462,-0.1262982
2021-04-22,SPY,-0.009133,0.25076878
2021-04-23,SPY,0.010842,-0.12689914
2021-04-26,SPY,0.002088,-0.009761875
2021-04-27,SPY,-0.000216,0.034967512
2021-04-28,SPY,-0.000287,0.14944243
2021-04-29,SPY,0.006373,0.0033962177
2021-04-30,SPY,-0.006571,0.075759485
2021-05-03,SPY,0.002157,-0.022336783
2021-05-04,SPY,-0.006169,-0.07440997
2021-05-05,SPY,0.000313,0.02017137
2021-05-06,SPY,0.007986,-0.10305853
2021-05-07,SPY,0.007278,0.07228614
2021-05-10,SPY,-0.009902,-0.16540827
2021-05-11,SPY,-0.008925,0.058471747
2021-05-12,SPY,-0.021245,-0.1269047
2021-05-13,SPY,0.012013,0.081527054
2021-05-14,SPY,0.015355,-0.06752039
2021-05-17,SPY,-0.002545,-0.151957
2021-05-18,SPY,-0.008616,0.0472088
2021-05-19,SPY,-0.002622,0.14495003
2021-05-20,SPY,0.010758,0.104869395
2021-05-21,SPY,-0.000819,0.12454326
2021-05-24,SPY,0.010194,-0.028761
2021-05-25,SPY,-0.002219,-0.09660111
2021-05-26,SPY,0.001985,0.055746373
2021-05-27,SPY,0.000525,0.08785875
2021-05-28,SPY,0.001789,0.17604369
2021-05-31,SPY,0.0,0.12910868
2021-06-01,SPY,-0.000881,-0.10409592
2021-06-02,SPY,0.001573,-0.067989394
2021-06-03,SPY,-0.003711,-0.03148812
2021-06-04,SPY,0.009146,0.2279128
2021-06-07,SPY,-0.00097,0.024821043
2021-06-08,SPY,0.000213,-0.03430013
2021-06-09,SPY,-0.001492,0.2451835
2021-06-10,SPY,0.004648,-0.0288419
2021-06-11,SPY,0.001652,0.11554192
2021-06-14,SPY,0.002239,-0.15561175
2021-06-15,SPY,-0.001834,0.22161286
2021-06-16,SPY,-0.005583,0.078333214
2021-06-17,SPY,-0.000332,0.059281718
2021-06-18,SPY,-0.013447,0.14729498
2021-06-21,SPY,0.014316,-0.020210454
2021-06-22,SPY,0.005346,0.20024483
2021-06-23,SPY,-0.001205,0.046651833
2021-06-24,SPY,0.005916,0.10592077
2021-06-25,SPY,0.003552,-0.12330752
2021-06-28,SPY,0.002016,0.10635792
2021-06-29,SPY,0.000538,0.25786746
2021-06-30,SPY,0.000842,-0.11498958
2021-07-01,SPY,0.005537,-0.07045962
2021-07-02,SPY,0.007644,-0.22850512
2021-07-05,SPY,0.0,0.16834362
2021-07-06,SPY,-0.001821,0.08221822
2021-07-07,SPY,0.003534,0.06209001
2021-07-08,SPY,-0.008148,-0.17755279
2021-07-09,SPY,0.010675,-0.07463756
2021-07-12,SPY,0.003582,-0.065240994
2021-07-13,SPY,-0.003409,0.1208153
2021-07-14,SPY,0.001492,-0.15215407
2021-07-15,SPY,-0.003416,0.107278734
2021-07-16,SPY,-0.007844,0.23696971
2021-07-19,SPY,-0.014768,-0.073415466
2021-07-20,SPY,0.01433,0.1251705
2021-07-21,SPY,0.008096,0.10743409
2021-07-22,SPY,0.002094,0.1281102
2021-07-23,SPY,0.010288,-0.09774911
2021-07-26,SPY,0.002455,-0.15115173
2021-07-27,SPY,-0.004558,-0.017173322
2021-07-28,SPY,-0.00041,-0.06130633
2021-07-29,SPY,0.004147,0.030343022
2021-07-30,SPY,-0.004856,0.07975157
2021-08-02,SPY,-0.002098,-0.07490626
2021-08-03,SPY,0.008135,-0.12311434
2021-08-04,SPY,-0.004919,-0.115873724
2021-08-05,SPY,0.006333,0.10222278
2021-08-06,SPY,0.001652,0.1535685
2021-08-09,SPY,-0.000814,-0.11065244
2021-08-10,SPY,0.001244,0.1959
2021-08-11,SPY,0.002485,0.087568164
2021-08-12,SPY,0.002997,0.14195389
2021-08-13,SPY,0.00182,-0.12798215
2021-08-16,SPY,0.002355,0.27760434
2021-08-17,SPY,-0.006555,-0.10830369
2021-08-18,SPY,-0.010945,0.1775397
2021-08-19,SPY,0.001548,0.25229904
2021-08-20,SPY,0.007957,0.055566244
2021-08-23,SPY,0.008797,0.15609042
2021-08-24,SPY,0.001587,-0.101866394
2021-08-25,SPY,0.002098,0.057659984
2021-08-26,SPY,-0.005903,0.113754645
2021-08-27,SPY,0.008941,0.19148356
2021-08-30,SPY,0.004398,0.22023459
2021-08-31,SPY,-0.001482,0.12970814
2021-09-01,SPY,0.000531,-0.14410983
2021-09-02,SPY,0.003077,0.23695798
2021-09-03,SPY,-0.000243,0.082660206
2021-09-06,SPY,0.0,0.13844281
2021-09-07,SPY,-0.003576,-0.016243687
2021-09-08,SPY,-0.001218,0.10330323
2021-09-09,SPY,-0.00428,-0.09213561
2021-09-10,SPY,-0.007885,-0.035057507
2021-09-13,SPY,0.002559,-0.027341846
2021-09-14,SPY,-0.005397,-0.07457998
2021-09-15,SPY,0.008353,-0.048759807
2021-09-16,SPY,-0.001585,-0.20836073
2021-09-17,SPY,-0.00971,0.15930788
2021-09-20,SPY,-0.016674,0.0891057
2021-09-21,SPY,-0.000945,0.03968539
2021-09-22,SPY,0.009755,-0.1695123
2021-09-23,SPY,0.01215,0.049463727
2021-09-24,SPY,0.001647,0.20407255
2021-09-27,SPY,-0.002861,-0.20702109
2021-09-28,SPY,-0.020152,-0.09878595
2021-09-29,SPY,0.001683,0.1617719
2021-09-30,SPY,-0.012222,0.08930681
2021-10-01,SPY,0.011884,0.07197209
2021-10-04,SPY,-0.012896,0.2327097
2021-10-05,SPY,0.010405,0.1210522
2021-10-06,SPY,0.004156,0.13333437
2021-10-07,SPY,0.008646,0.09499042
2021-10-08,SPY,-0.001824,-0.09851594
2021-10-11,SPY,-0.00724,-0.12680155
2021-10-12,SPY,-0.002462,0.070143975
2021-10-13,SPY,0.003598,-0.23855121
2021-10-14,SPY,0.016821,-0.10192904
2021-10-15,SPY,0.007616,0.09314445
2021-10-18,SPY,0.002961,0.06524502
2021-10-19,SPY,0.007715,0.17114255
2021-10-20,SPY,0.003928,0.08433628
2021-10-21,SPY,0.002608,0.10650771
2021-10-22,SPY,-0.001036,0.064170256
2021-10-25,SPY,0.005363,0.25853205
2021-10-26,SPY,0.0009,-0.17031936
2021-10-27,SPY,-0.00443,-0.15546681
2021-10-28,SPY,0.009649,0.054727215
2021-10-29,SPY,0.002029,-0.16502668
2021-11-01,SPY,0.00172,-0.10980556
2021-11-02,SPY,0.004043,0.20946574
2021-11-03,SPY,0.006105,0.065892845
2021-11-04,SPY,0.004713,-0.07582166
2021-11-05,SPY,0.00347,0.07983511
2021-11-08,SPY,0.000854,0.17291027
2021-11-09,SPY,-0.003305,-0.17034201
2021-11-10,SPY,-0.008045,0.08320679
2021-11-11,SPY,0.000324,-0.0400741
2021-11-12,SPY,0.007547,-0.07711883
2021-11-15,SPY,0.000342,-0.017177407
2021-11-16,SPY,0.003958,0.093032435
2021-11-17,SPY,-0.002429,0.055269152
2021-11-18,SPY,0.003396,0.056501854
2021-11-19,SPY,-0.001788,-0.09181628
2021-11-22,SPY,-0.002815,0.041860003
2021-11-23,SPY,0.001326,0.16313419
2021-11-24,SPY,0.00267,0.13794965
2021-11-25,SPY,0.0,-0.08207087
2021-11-26,SPY,-0.022303,0.014544932
2021-11-29,SPY,0.012267,-0.06695711
2021-11-30,SPY,-0.019458,-0.03886933
2021-12-01,SPY,-0.011107,-0.18779838
2021-12-02,SPY,0.015316,0.103410296
2021-12-03,SPY,-0.008701,0.011656544
2021-12-06,SPY,0.011843,0.011483297
2021-12-07,SPY,0.020685,0.08314682
2021-12-08,SPY,0.002648,0.04522826
2021-12-09,SPY,-0.006752,0.13906913
2021-12-10,SPY,0.009413,0.0073173605
2021-12-13,SPY,-0.008858,0.062780865
2021-12-14,SPY,-0.00688,0.010681945
2021-12-15,SPY,0.015625,0.05010605
2021-12-16,SPY,-0.008819,-0.091715336
2021-12-17,SPY,-0.010598,0.090012595
2021-12-20,SPY,-0.010633,-0.16255154
2021-12-21,SPY,0.017759,0.2321611
2021-12-22,SPY,0.009999,-0.21402049
2021-12-23,SPY,0.006222,-0.12982926
2021-12-24,SPY,0.0,-0.06861705
2021-12-27,SPY,0.014152,-0.13693285
2021-12-28,SPY,-0.000817,-0.15509069
2021-12-29,SPY,0.001279,0.040946227
2021-12-30,SPY,-0.002765,0.020755747
2021-12-31,SPY,-0.00252,0.13084531
2021-01-01,IWM,0.0,-0.013088029
2021-01-04,IWM,-0.013057,-0.038889576
2021-01-05,IWM,0.015452,0.039460253
2021-01-06,IWM,0.040918,0.052675407
2021-01-07,IWM,0.017797,0.00069380173
2021-01-08,IWM,-0.002162,-0.05675233
2021-01-11,IWM,-0.000867,0.049629338
2021-01-12,IWM,0.017924,0.0070434036
2021-01-13,IWM,-0.007148,-0.004841287
2021-01-14,IWM,0.019976,0.01395463
2021-01-15,IWM,-0.014911,-0.016146947
2021-01-18,IWM,0.0,0.042985983
2021-01-19,IWM,0.012811,0.037197717
2021-01-20,IWM,0.004404,0.015854394
2021-01-21,IWM,-0.008676,0.038594864
2021-01-22,IWM,0.011622,0.027905071
2021-01-25,IWM,-0.000977,0.042190444
2021-01-26,IWM,-0.006937,0.07549904
2021-01-27,IWM,-0.018331,0.061983343
2021-01-28,IWM,-0.0032,0.0099820215
2021-01-29,IWM,-0.01514,0.028202405
2021-02-01,IWM,0.024567,0.040281203
2021-02-02,IWM,0.014244,-0.030682845
2021-02-03,IWM,0.002996,-0.050456367
2021-02-04,IWM,0.020397,0.010043198
2021-02-05,IWM,0.01386,0.009828582
2021-02-08,IWM,0.025536,-1.0098692e-06
2021-02-09,IWM,0.004707,0.09530446
2021-02-10,IWM,-0.006568,0.06825269
2021-02-11,IWM,-0.001146,-0.00072622445
2021-02-12,IWM,0.002824,0.023329852
2021-02-15,IWM,0.0,0.0019959593
2021-02-16,IWM,-0.006292,4.103174e-05
2021-02-17,IWM,-0.007838,2.763062e-05
2021-02-18,IWM,-0.015487,0.041355867
2021-02-19,IWM,0.020853,0.018383734
2021-02-22,IWM,-0.006483,0.0288167
2021-02-23,IWM,-0.008805,0.07336308
2021-02-24,IWM,0.023629,0.020733086
2021-02-25,IWM,-0.03696,0.017730765
2021-02-26,IWM,-0.001372,-0.00084937667
2021-03-01,IWM,0.035546,0.0143987695
2021-03-02,IWM,-0.019242,0.046206903
2021-03-03,IWM,-0.010824,0.012610141
2021-03-04,IWM,-0.02795,0.035159573
2021-03-05,IWM,0.021202,0.08433244
2021-03-08,IWM,0.004731,0.037528563
2021-03-09,IWM,0.021029,0.013350315
2021-03-10,IWM,0.017373,0.01041669
2021-03-11,IWM,0.022005,0.0649359
2021-03-12,IWM,0.0059,0.059501663
2021-03-15,IWM,0.003553,0.026915168
2021-03-16,IWM,-0.016722,0.03518426
2021-03-17,IWM,0.007852,0.022540683
2021-03-18,IWM,-0.030433,0.020668002
2021-03-19,IWM,0.007547,0.032505475
2021-03-22,IWM,-0.007535,0.03890473
2021-03-23,IWM,-0.036274,0.028813891
2021-03-24,IWM,-0.023127,0.036588382
2021-03-25,IWM,0.023666,0.017696148
2021-03-26,IWM,0.018231,0.01426948
2021-03-29,IWM,-0.028149,0.021072077
2021-03-30,IWM,0.016838,0.027577328
2021-03-31,IWM,0.01344,-0.0055782604
2021-04-01,IWM,0.012673,0.061334956
2021-04-02,IWM,0.0,0.02310284
2021-04-05,IWM,0.005497,0.030199429
2021-04-06,IWM,-0.002934,-0.007343641
2021-04-07,IWM,-0.016138,0.010481873
2021-04-08,IWM,0.008473,0.0038123964
2021-04-09,IWM,0.000135,-0.0011665507
2021-04-12,IWM,-0.003909,0.006571375
2021-04-13,IWM,-0.002616,0.012751808
2021-04-14,IWM,0.009858,-0.02184573
2021-04-15,IWM,0.004343,0.005744484
2021-04-16,IWM,0.001605,-0.027589982
2021-04-19,IWM,-0.012998,0.11628798
2021-04-20,IWM,-0.020475,0.016163947
2021-04-21,IWM,0.024449,0.0019271851
2021-04-22,IWM,-0.004135,0.012515535
2021-04-23,IWM,0.018864,0.032418128
2021-04-26,IWM,0.010409,0.06828461
2021-04-27,IWM,0.00149,-0.027268494
2021-04-28,IWM,0.001707,-0.019175602
2021-04-29,IWM,-0.003714,0.020384442
2021-04-30,IWM,-0.013597,-0.027461724
2021-05-03,IWM,0.004891,0.029070305
2021-05-04,IWM,-0.011947,0.024422048
2021-05-05,IWM,-0.003986,-0.01409277
2021-05-06,IWM,0.000854,-0.026959773
2021-05-07,IWM,0.012579,-0.029171795
2021-05-10,IWM,-0.025423,-0.010775198
2021-05-11,IWM,-0.003187,-0.05272545
2021-05-12,IWM,-0.032472,0.048034757
2021-05-13,IWM,0.018409,0.05513168
2021-05-14,IWM,0.024426,-0.0269753
2021-05-17,IWM,0.001357,0.022403292
2021-05-18,IWM,-0.007591,-0.05138762
2021-05-19,IWM,-0.007694,0.05523393
2021-05-20,IWM,0.006653,-0.028106255
2021-05-21,IWM,0.002598,0.007329166
2021-05-24,IWM,0.006501,0.035801157
2021-05-25,IWM,-0.009666,-0.01024033
2021-05-26,IWM,0.018654,0.024007535
2021-05-27,IWM,0.010298,-0.027197476
2021-05-28,IWM,-0.000665,-0.015542098
2021-05-31,IWM,0.0,-0.044431888
2021-06-01,IWM,0.011353,-0.03083187
2021-06-02,IWM,0.001184,-0.025526421
2021-06-03,IWM,-0.008365,0.027329154
2021-06-04,IWM,0.004328,-0.015731327
2021-06-07,IWM,0.013413,-0.017531512
2021-06-08,IWM,0.010588,0.0029528986
2021-06-09,IWM,-0.006656,-0.0052121165
2021-06-10,IWM,-0.007404,-0.010997533
2021-06-11,IWM,0.010555,-0.020012056
2021-06-14,IWM,-0.002935,-0.02484236
2021-06-15,IWM,-0.002857,0.019353205
2021-06-16,IWM,-0.002127,0.02858604
2021-06-17,IWM,-0.011224,-0.042165615
2021-06-18,IWM,-0.022702,-0.006523033
2021-06-21,IWM,0.021384,-0.022272186
2021-06-22,IWM,0.00454,0.019087436
2021-06-23,IWM,0.003291,-0.009258965
2021-06-24,IWM,0.014126,-0.029518781
2021-06-25,IWM,0.001682,-0.019253293
2021-06-28,IWM,-0.007921,0.021194771
2021-06-29,IWM,-0.004774,0.045298062
2021-06-30,IWM,0.000131,-0.021686064
2021-07-01,IWM,0.008807,0.022918899
2021-07-02,IWM,-0.009508,-0.007469474
2021-07-05,IWM,0.0,-0.016818086
2021-07-06,IWM,-0.014529,-0.0012938534
2021-07-07,IWM,-0.009298,-0.026201421
2021-07-08,IWM,-0.009206,0.0051206313
2021-07-09,IWM,0.02111,0.019400856
2021-07-12,IWM,0.000839,-0.031431537
2021-07-13,IWM,-0.018846,0.010545153
2021-07-14,IWM,-0.01543,-0.020798946
2021-07-15,IWM,-0.005665,-0.0043712645
2021-07-16,IWM,-0.012315,-0.01692783
2021-07-19,IWM,-0.01498,0.02500589
2021-07-20,IWM,0.03103,0.023467405
2021-07-21,IWM,0.017224,-0.02054344
2021-07-22,IWM,-0.015897,-0.0071204994
2021-07-23,IWM,0.004668,0.024861982
2021-07-26,IWM,0.002915,-0.02259063
2021-07-27,IWM,-0.011672,-0.054876346
2021-07-28,IWM,0.014705,0.006441749
2021-07-29,IWM,0.007699,-0.042579185
2021-07-30,IWM,-0.006606,-0.007904531
2021-08-02,IWM,-0.004976,0.010888975
2021-08-03,IWM,0.004137,0.012788792
2021-08-04,IWM,-0.012451,0.010870359
2021-08-05,IWM,0.017973,-0.026235618
2021-08-06,IWM,0.006125,-0.008088128
2021-08-09,IWM,-0.005506,-0.021734681
2021-08-10,IWM,0.001981,0.007346247
2021-08-11,IWM,0.004897,0.012644661
2021-08-12,IWM,-0.002369,-0.011521937
2021-08-13,IWM,-0.009097,-0.032948248
2021-08-16,IWM,-0.009316,0.026804317
2021-08-17,IWM,-0.012188,0.014887142
2021-08-18,IWM,-0.008734,-0.013119113
2021-08-19,IWM,-0.011981,0.009177153
2021-08-20,IWM,0.016892,0.015354971
2021-08-23,IWM,0.019024,-0.00736113
2021-08-24,IWM,0.009835,-0.0051258705
2021-08-25,IWM,0.003517,0.012327203
2021-08-26,IWM,-0.010604,0.005327775
2021-08-27,IWM,0.028202,0.009719982
2021-08-30,IWM,-0.004108,-0.0073759034
2021-08-31,IWM,0.001951,0.01401853
2021-09-01,IWM,0.006728,-0.008688718
2021-09-02,IWM,0.006947,0.01984685
2021-09-03,IWM,-0.004628,-0.037435908
2021-09-06,IWM,0.0,-0.013148141
2021-09-07,IWM,-0.006887,-0.030436963
2021-09-08,IWM,-0.01091,0.012429063
2021-09-09,IWM,-0.000491,-0.005628362
2021-09-10,IWM,-0.009785,0.036428887
2021-09-13,IWM,0.005685,0.0123687545
2021-09-14,IWM,-0.012742,0.009082304
2021-09-15,IWM,0.009044,-0.0034950152
2021-09-16,IWM,0.000721,0.029162206
2021-09-17,IWM,0.001305,0.012605061
2021-09-20,IWM,-0.023777,-0.0041218954
2021-09-21,IWM,0.001519,0.019123336
2021-09-22,IWM,0.015539,0.0065284283
2021-09-23,IWM,0.0177,-0.013210426
2021-09-24,IWM,-0.004809,0.010703958
2021-09-27,IWM,0.015198,0.018813027
2021-09-28,IWM,-0.022743,0.007996564
2021-09-29,IWM,-0.002124,-0.008553063
2021-09-30,IWM,-0.009374,0.0473412
2021-10-01,IWM,0.016137,0.03005684
2021-10-04,IWM,-0.009088,0.01877976
2021-10-05,IWM,0.003451,-0.011602493
2021-10-06,IWM,-0.005203,0.032328583
2021-10-07,IWM,0.015418,-0.014360212
2021-10-08,IWM,-0.007525,0.006825932
2021-10-11,IWM,-0.005732,0.016373025
2021-10-12,IWM,0.005492,-0.0212081
2021-10-13,IWM,0.00474,-0.00963207
2021-10-14,IWM,0.014827,0.014216229
2021-10-15,IWM,-0.003143,0.037819363
2021-10-18,IWM,-0.000577,0.008718114
2021-10-19,IWM,0.003733,-0.0032597333
2021-10-20,IWM,0.006641,-0.023671784
2021-10-21,IWM,0.002551,-0.017046936
2021-10-22,IWM,-0.002369,-0.0055535887
2021-10-25,IWM,0.009498,0.0035914825
2021-10-26,IWM,-0.007536,0.0030157836
2021-10-27,IWM,-0.01839,-0.007571141
2021-10-28,IWM,0.019942,0.02296911
2021-10-29,IWM,-0.000263,-0.011700364
2021-11-01,IWM,0.025915,0.021826146
2021-11-02,IWM,0.002094,0.012721441
2021-11-03,IWM,0.017872,-0.012481929
2021-11-04,IWM,-0.000377,-0.0034588485
2021-11-05,IWM,0.013666,0.01884148
2021-11-08,IWM,0.003102,0.021697506
2021-11-09,IWM,-0.005813,-0.028935902
2021-11-10,IWM,-0.015758,-0.019234052
2021-11-11,IWM,0.008047,0.017318051
2021-11-12,IWM,0.001003,-0.013900704
2021-11-15,IWM,-0.003967,-0.03905531
2021-11-16,IWM,0.001844,0.018076966
2021-11-17,IWM,-0.013097,-0.015138177
2021-11-18,IWM,-0.00424,-0.024224116
2021-11-19,IWM,-0.009112,-0.04785946
2021-11-22,IWM,-0.004254,-0.014959596
2021-11-23,IWM,-0.001726,-0.007195127
2021-11-24,IWM,0.001081,-0.024968619
2021-11-25,IWM,0.0,-0.026081953
2021-11-26,IWM,-0.037698,-0.050883234
2021-11-29,IWM,-0.000628,-0.018972626
2021-11-30,IWM,-0.020385,-0.0345512
2021-12-01,IWM,-0.022505,0.0023278028
2021-12-02,IWM,0.0279,-0.030108443
2021-12-03,IWM,-0.020528,-0.028363008
2021-12-06,IWM,0.020074,-0.0125337
2021-12-07,IWM,0.023194,0.022196524
2021-12-08,IWM,0.006827,-0.008708994
2021-12-09,IWM,-0.022648,-0.020681618
2021-12-10,IWM,-0.002766,0.008521416
2021-12-13,IWM,-0.014572,-0.035155557
2021-12-14,IWM,-0.00861,-0.0038644418
2021-12-15,IWM,0.015875,-0.017067103
2021-12-16,IWM,-0.020222,-0.037277486
2021-12-17,IWM,0.009194,-0.0065776953
2021-12-20,IWM,-0.014037,-0.028477607
2021-12-21,IWM,0.028569,0.00916725
2021-12-22,IWM,0.009625,-0.0022092261
2021-12-23,IWM,0.00799,-0.011112066
2021-12-24,IWM,0.0,-0.043413658
2021-12-27,IWM,0.009368,0.009793525
2021-12-28,IWM,-0.006113,0.012385977
2021-12-29,IWM,0.001077,-0.006117765
2021-12-30,IWM,-0.000269,-0.025836632
2021-12-31,IWM,-0.002153,0.002757006
2021-01-01,EEM,0.0,-0.0813667
2021-01-04,EEM,0.006387,-0.045501202
2021-01-05,EEM,0.024038,-0.020162571
2021-01-06,EEM,-0.008451,0.021029526
2021-01-07,EEM,0.00947,0.024887534
2021-01-08,EEM,0.026454,-0.031824805
2021-01-11,EEM,-0.013526,0.025697699
2021-01-12,EEM,0.00982,-0.020204032
2021-01-13,EEM,0.002202,0.016555643
2021-01-14,EEM,0.009337,-0.031512737
2021-01-15,EEM,-0.014148,0.008120503
2021-01-18,EEM,0.0,-0.012803463
2021-01-19,EEM,0.016559,-0.017609907
2021-01-20,EEM,0.017557,-0.0011820669
2021-01-21,EEM,0.001779,0.0056163324
2021-01-22,EEM,-0.0087,0.012767039
2021-01-25,EEM,0.007523,0.021086039
2021-01-26,EEM,-0.007289,0.0245482
2021-01-27,EEM,-0.027758,-0.011688677
2021-01-28,EEM,0.006999,-0.0033708317
2021-01-29,EEM,-0.024876,0.01327561
2021-02-01,EEM,0.027012,0.012052958
2021-02-02,EEM,0.012968,-0.029880414
2021-02-03,EEM,0.005049,-0.004024786
2021-02-04,EEM,0.000359,-0.0047529526
2021-02-05,EEM,0.008608,-0.01320584
2021-02-08,EEM,0.001778,0.0055960556
2021-02-09,EEM,0.01065,-0.0005795165
2021-02-10,EEM,0.003512,0.009836802
2021-02-11,EEM,0.010676,0.0020343494
2021-02-12,EEM,0.000866,3.057485e-05
2021-02-15,EEM,0.0,0.007981727
2021-02-16,EEM,0.002422,0.005059661
2021-02-17,EEM,0.000345,4.5253506e-05
2021-02-18,EEM,-0.013803,0.02359576
2021-02-19,EEM,0.006473,-0.026262414
2021-02-22,EEM,-0.029376,-0.004641662
2021-02-23,EEM,0.004477,0.00796664
2021-02-24,EEM,-0.006418,-0.007605003
2021-02-25,EEM,-0.022788,0.004553723
2021-02-26,EEM,-0.013404,-0.00044501724
2021-03-01,EEM,0.026801,-0.0066795577
2021-03-02,EEM,-0.009788,0.034170445
2021-03-03,EEM,-0.002014,2.9134919e-05
2021-03-04,EEM,-0.023294,-0.018552415
2021-03-05,EEM,0.010892,0.043585625
2021-03-08,EEM,-0.026937,0.019446796
2021-03-09,EEM,0.021955,-0.005669501
2021-03-10,EEM,-0.004483,0.0053811697
2021-03-11,EEM,0.031526,0.03713654
2021-03-12,EEM,-0.017828,0.030087678
2021-03-15,EEM,0.002408,0.017663749
2021-03-16,EEM,0.00425,-0.010532
2021-03-17,EEM,0.001288,-0.0016941774
2021-03-18,EEM,-0.018376,0.0072584236
2021-03-19,EEM,0.012355,0.027175838
2021-03-22,EEM,-0.002959,0.036348727
2021-03-23,EEM,-0.019102,0.018702935
2021-03-24,EEM,-0.022878,0.039684765
2021-03-25,EEM,0.004644,-0.013310873
2021-03-26,EEM,0.026002,0.01493492
2021-03-29,EEM,-0.006946,0.05153793
2021-03-30,EEM,0.003214,0.021656282
2021-03-31,EEM,0.005088,-0.015637716
2021-04-01,EEM,0.009749,0.034180515
2021-04-02,EEM,0.0,0.024983494
2021-04-05,EEM,0.003899,0.013794236
2021-04-06,EEM,0.005548,0.018935667
2021-04-07,EEM,-0.014714,0.0019787494
2021-04-08,EEM,0.008214,-0.0016707896
2021-04-09,EEM,-0.008517,0.011235758
2021-04-12,EEM,-0.005976,0.031171255
2021-04-13,EEM,0.004133,0.016353464
2021-04-14,EEM,0.005051,0.006553543
2021-04-15,EEM,0.009121,-0.012661832
2021-04-16,EEM,0.002583,-0.00038646196
2021-04-19,EEM,-0.00368,0.030539595
2021-04-20,EEM,-0.008126,-0.06547092
2021-04-21,EEM,0.006144,0.026660472
2021-04-22,EEM,-0.003516,0.007512191
2021-04-23,EEM,0.014485,-0.0062580565
2021-04-26,EEM,0.001281,0.05552338
2021-04-27,EEM,-0.000548,-0.01776096
2021-04-28,EEM,0.0075,0.028265411
2021-04-29,EEM,-0.00236,-0.052632995
2021-04-30,EEM,-0.017652,-0.032223303
2021-05-03,EEM,0.0,0.051462747
2021-05-04,EEM,-0.0113,0.017893324
2021-05-05,EEM,0.004684,-0.005450952
2021-05-06,EEM,0.009511,0.0067548268
2021-05-07,EEM,0.010345,0.001978282
2021-05-10,EEM,-0.017919,0.0046659526
2021-05-11,EEM,-0.002793,-0.0068284837
2021-05-12,EEM,-0.027633,0.01983295
2021-05-13,EEM,-0.001344,0.011502557
2021-05-14,EEM,0.018073,0.01098418
2021-05-17,EEM,-0.000944,0.0145537695
2021-05-18,EEM,0.013422,0.03793471
2021-05-19,EEM,-0.002985,0.04128392
2021-05-20,EEM,0.0058,0.026350243
2021-05-21,EEM,-0.011533,0.027671104
2021-05-24,EEM,0.00828,0.018173816
2021-05-25,EEM,0.009892,0.030283976
2021-05-26,EEM,0.007392,0.032415736
2021-05-27,EEM,0.000183,0.021418745
2021-05-28,EEM,0.00642,0.015034078
2021-05-31,EEM,0.0,-0.01530904
2021-06-01,EEM,0.020594,-0.0019933032
2021-06-02,EEM,0.001607,0.012396633
2021-06-03,EEM,-0.010697,0.0476071
2021-06-04,EEM,0.009011,0.03192559
2021-06-07,EEM,-0.005001,0.0154731395
2021-06-08,EEM,-0.004847,0.04624162
2021-06-09,EEM,-0.002886,0.009009425
2021-06-10,EEM,0.007974,0.013744948
2021-06-11,EEM,-0.003425,0.033320375
2021-06-14,EEM,0.002713,0.019609146
2021-06-15,EEM,-0.006854,0.023955522
2021-06-16,EEM,-0.013622,0.026885763
2021-06-17,EEM,0.005524,-0.032527115
2021-06-18,EEM,-0.006958,0.019173035
2021-06-21,EEM,0.004241,0.031210601
2021-06-22,EEM,-0.004591,0.02458684
2021-06-23,EEM,0.006087,0.010313084
2021-06-24,EEM,0.009168,0.02482848
2021-06-25,EEM,0.008358,0.009877162
2021-06-28,EEM,0.000901,-0.022752142
2021-06-29,EEM,-0.00072,0.010731269
2021-06-30,EEM,-0.006485,-0.024131462
2021-07-01,EEM,-0.005621,-0.00020113615
2021-07-02,EEM,-0.001094,0.01732441
2021-07-05,EEM,0.0,0.0076450324
2021-07-06,EEM,-0.017525,0.011745465
2021-07-07,EEM,-0.001115,-0.0072417725
2021-07-08,EEM,-0.020833,-0.0026993717
2021-07-09,EEM,0.017287,0.0198973
2021-07-12,EEM,0.000934,0.010061009
2021-07-13,EEM,0.000933,0.015986383
2021-07-14,EEM,0.004287,-0.0047366344
2021-07-15,EEM,0.002413,-0.00517172
2021-07-16,EEM,-0.007776,0.004513574
2021-07-19,EEM,-0.016794,0.05747059
2021-07-20,EEM,0.003226,0.058596153
2021-07-21,EEM,0.006432,0.019723713
2021-07-22,EEM,0.00188,0.020194532
2021-07-23,EEM,-0.014822,0.035782028
2021-07-26,EEM,-0.019044,0.014487069
2021-07-27,EEM,-0.02019,0.048378978
2021-07-28,EEM,0.027145,-0.009451195
2021-07-29,EEM,0.005015,-0.03401452
2021-07-30,EEM,-0.009597,-0.014505057
2021-08-02,EEM,0.007171,-0.01165513
2021-08-03,EEM,0.004233,-0.014673349
2021-08-04,EEM,0.005173,-0.0031528946
2021-08-05,EEM,-0.001525,0.030031117
2021-08-06,EEM,-0.0084,0.010762281
2021-08-09,EEM,0.003273,0.010281829
2021-08-10,EEM,0.001343,-0.011803321
2021-08-11,EEM,0.002683,0.013882363
2021-08-12,EEM,-0.008792,-0.009735304
2021-08-13,EEM,-0.002507,0.018596966
2021-08-16,EEM,-0.009086,-0.0020336618
2021-08-17,EEM,-0.018338,-0.0007814993
2021-08-18,EEM,0.00159,-0.0076473416
2021-08-19,EEM,-0.017064,0.0057468303
2021-08-20,EEM,-0.000807,0.003230829
2021-08-23,EEM,0.015152,-0.03743812
2021-08-24,EEM,0.022687,0.007890005
2021-08-25,EEM,0.001168,0.0058195256
2021-08-26,EEM,-0.009524,-0.0075166235
2021-08-27,EEM,0.012363,0.0022658287
2021-08-30,EEM,0.002132,-0.030318724
2021-08-31,EEM,0.013733,-0.0087010125
2021-09-01,EEM,0.012784,-0.02355165
2021-09-02,EEM,-0.004522,-0.016478946
2021-09-03,EEM,0.005299,0.008621986
2021-09-06,EEM,0.0,-0.0084468555
2021-09-07,EEM,0.005836,-0.022139963
2021-09-08,EEM,-0.014599,0.010010599
2021-09-09,EEM,-0.001899,-0.032378737
2021-09-10,EEM,-0.001142,-0.024927877
2021-09-13,EEM,0.002667,-0.040267248
2021-09-14,EEM,-0.00836,0.002245944
2021-09-15,EEM,-0.000192,-0.018218568
2021-09-16,EEM,-0.011307,-0.0068030246
2021-09-17,EEM,-0.004264,-0.0045388634
2021-09-20,EEM,-0.026864,-0.02342739
2021-09-21,EEM,0.007401,-0.012305695
2021-09-22,EEM,0.01251,-0.014612508
2021-09-23,EEM,0.007845,-0.031462118
2021-09-24,EEM,-0.01187,-0.0076754657
2021-09-27,EEM,0.006499,0.008637962
2021-09-28,EEM,-0.012913,-0.028775515
2021-09-29,EEM,-0.009316,-0.007957696
2021-09-30,EEM,0.008003,-0.027193526
2021-10-01,EEM,-0.000992,-0.025327014
2021-10-04,EEM,-0.014703,-0.0032505689
2021-10-05,EEM,0.007058,-0.015337733
2021-10-06,EEM,-0.005607,0.00027143574
2021-10-07,EEM,0.019533,-0.039370235
2021-10-08,EEM,0.003753,-0.005040043
2021-10-11,EEM,-0.001968,-0.0132598225
2021-10-12,EEM,-0.005126,0.0068787644
2021-10-13,EEM,0.013872,-0.022332044
2021-10-14,EEM,0.003127,-0.013298468
2021-10-15,EEM,0.012081,-0.032726426
2021-10-18,EEM,-0.002503,-0.012596934
2021-10-19,EEM,0.013318,-0.016720142
2021-10-20,EEM,-0.00019,-0.0129140755
2021-10-21,EEM,-0.006477,-0.022803372
2021-10-22,EEM,-0.002109,-0.010685733
2021-10-25,EEM,0.005188,0.002262838
2021-10-26,EEM,-0.005162,-0.020108897
2021-10-27,EEM,-0.008071,-0.031105964
2021-10-28,EEM,0.000969,-0.0054922784
2021-10-29,EEM,-0.014515,-0.024720414
2021-11-01,EEM,0.007855,-0.019864768
2021-11-02,EEM,-0.008963,-0.019174462
2021-11-03,EEM,0.004719,-0.04197113
2021-11-04,EEM,-0.002348,-0.01959035
2021-11-05,EEM,-0.001177,-0.011973421
2021-11-08,EEM,0.00923,-0.0025458457
2021-11-09,EEM,-0.003892,-0.020679915
2021-11-10,EEM,-0.004102,-0.05456643
2021-11-11,EEM,0.017262,-0.0068853144
2021-11-12,EEM,0.0027,-0.01372583
2021-11-15,EEM,-0.003269,-0.054693326
2021-11-16,EEM,0.001351,-0.0009505501
2021-11-17,EEM,-0.005202,0.0060828854
2021-11-18,EEM,-0.012202,-0.010786134
2021-11-19,EEM,-0.001569,-0.0050660693
2021-11-22,EEM,-0.008052,-0.011597993
2021-11-23,EEM,-0.00099,-0.010572308
2021-11-24,EEM,-0.001387,-0.028520292
2021-11-25,EEM,0.0,-0.0085910065
2021-11-26,EEM,-0.033538,0.027253756
2021-11-29,EEM,0.003901,-0.012293546
2021-11-30,EEM,-0.001023,-0.040941935
2021-12-01,EEM,0.003686,-0.0061836466
2021-12-02,EEM,0.01224,-0.027694957
2021-12-03,EEM,-0.014107,-0.015457775
2021-12-06,EEM,0.007768,-0.035452493
2021-12-07,EEM,0.015822,-0.022894708
2021-12-08,EEM,0.003994,-0.0065691327
2021-12-09,EEM,-0.004773,-0.036423482
2021-12-10,EEM,0.000799,-0.013538056
2021-12-13,EEM,-0.015638,-0.03516576
2021-12-14,EEM,-0.002264,-0.006403235
2021-12-15,EEM,-0.002888,0.015192842
2021-12-16,EEM,0.001241,-0.04081873
2021-12-17,EEM,-0.004959,-0.00262029
2021-12-20,EEM,-0.01495,-0.018654699
2021-12-21,EEM,0.016863,-0.010354557
2021-12-22,EEM,0.004768,-0.02141493
2021-12-23,EEM,0.005158,-0.03224328
2021-12-24,EEM,0.0,-0.005299951
2021-12-27,EEM,0.004516,-0.017093655
2021-12-28,EEM,-0.003269,-0.019092504
2021-12-29,EEM,-0.00451,-0.008446883
2021-12-30,EEM,0.01145,-0.013150899
2021-12-31,EEM,-0.004889,-0.028602816
2021-01-01,TLT,0.0,0.055255935
2021-01-04,TLT,-0.001205,0.11139582
2021-01-05,TLT,-0.007427,0.09602022
2021-01-06,TLT,-0.020528,0.11771621
2021-01-07,TLT,-0.008814,0.06866383
2021-01-08,TLT,-0.003228,0.024623664
2021-01-11,TLT,-0.001652,0.09163605
2021-01-12,TLT,-0.000794,0.05965942
2021-01-13,TLT,0.011262,0.05280647
2021-01-14,TLT,-0.009368,0.07482376
2021-01-15,TLT,0.003968,0.024060005
2021-01-18,TLT,0.0,0.08030709
2021-01-19,TLT,0.003227,0.026349915
2021-01-20,TLT,0.000985,-0.03936543
2021-01-21,TLT,-0.007018,0.07846155
2021-01-22,TLT,0.003237,0.025973456
2021-01-25,TLT,0.011786,0.015504685
2021-01-26,TLT,-0.001887,0.0432809
2021-01-27,TLT,0.002543,0.10801164
2021-01-28,TLT,-0.005528,0.0059138807
2021-01-29,TLT,-0.006016,0.12821089
2021-02-01,TLT,0.001156,0.0822923
2021-02-02,TLT,-0.006447,-0.010524697
2021-02-03,TLT,-0.008873,0.112065904
2021-02-04,TLT,-0.002672,0.117959775
2021-02-05,TLT,-0.008374,0.08309804
2021-02-08,TLT,0.004391,8.063784e-07
2021-02-09,TLT,0.00074,0.0005969303
2021-02-10,TLT,0.006654,0.005446167
2021-02-11,TLT,-0.005475,0.03876439
2021-02-12,TLT,-0.012419,1.4632153e-05
2021-02-15,TLT,0.0,0.018045148
2021-02-16,TLT,-0.015227,-2.7062724e-06
2021-02-17,TLT,0.006351,7.4068214e-07
2021-02-18,TLT,-0.004047,0.05124452
2021-02-19,TLT,-0.013292,0.025100758
2021-02-22,TLT,-0.007608,0.012654558
2021-02-23,TLT,-0.002884,0.00044399514
2021-02-24,TLT,-0.00656,-0.0016978094
2021-02-25,TLT,-0.016331,-0.08517327
2021-02-26,TLT,0.033059,0.00068880763
2021-03-01,TLT,-0.013194,0.012950784
2021-03-02,TLT,7.1e-05,-0.0011881451
2021-03-03,TLT,-0.010846,0.015278928
2021-03-04,TLT,-0.00645,-0.027310839
2021-03-05,TLT,0.001948,-0.028353691
2021-03-08,TLT,-0.007775,-0.014525889
2021-03-09,TLT,0.013858,0.024296286
2021-03-10,TLT,0.002004,-0.016236454
2021-03-11,TLT,-0.007213,-0.025572132
2021-03-12,TLT,-0.021221,0.04996621
2021-03-15,TLT,0.00588,0.009965868
2021-03-16,TLT,-0.004019,0.043442998
2021-03-17,TLT,-0.007483,-0.054285944
2021-03-18,TLT,-0.010126,-0.015980247
2021-03-19,TLT,0.006198,0.021991482
2021-03-22,TLT,0.011206,0.058692902
2021-03-23,TLT,0.009027,0.07766642
2021-03-24,TLT,0.005382,-0.0432774
2021-03-25,TLT,-0.007885,-0.050390888
2021-03-26,TLT,-0.0035,0.022630028
2021-03-29,TLT,-0.008488,0.07395639
2021-03-30,TLT,0.00524,0.059838578
2021-03-31,TLT,-0.00558,0.012823287
2021-04-01,TLT,0.016575,0.008259294
2021-04-02,TLT,0.0,0.061747033
2021-04-05,TLT,-0.004363,-0.031596117
2021-04-06,TLT,0.006793,-0.03044937
2021-04-07,TLT,-0.006965,0.06381157
2021-04-08,TLT,0.008255,-0.004367302
2021-04-09,TLT,-0.003623,-0.0362615
2021-04-12,TLT,-0.000436,0.041541025
2021-04-13,TLT,0.007494,-0.029711094
2021-04-14,TLT,-0.003177,-0.042574268
2021-04-15,TLT,0.016734,-0.065667726
2021-04-16,TLT,-0.007766,0.07763729
2021-04-19,TLT,-0.002872,0.021271285
2021-04-20,TLT,0.004609,-0.0018540095
2021-04-21,TLT,0.002007,0.021796392
2021-04-22,TLT,0.004364,-0.044608947
2021-04-23,TLT,-0.002351,0.01516037
2021-04-26,TLT,-0.001428,0.02367869
2021-04-27,TLT,-0.008723,0.05012977
2021-04-28,TLT,0.000649,0.056326233
2021-04-29,TLT,-0.002955,-0.019593101
2021-04-30,TLT,0.002313,0.06566602
2021-05-03,TLT,0.000599,0.0057102907
2021-05-04,TLT,0.006786,0.08588372
2021-05-05,TLT,0.001649,-0.06185752
2021-05-06,TLT,0.001646,-0.039213408
2021-05-07,TLT,-0.004931,-0.046517644
2021-05-10,TLT,-0.010127,0.080381505
2021-05-11,TLT,-0.00566,0.028006475
2021-05-12,TLT,-0.010508,-0.04669775
2021-05-13,TLT,0.001549,-0.061766308
2021-05-14,TLT,0.009351,-0.01722179
2021-05-17,TLT,-0.002116,0.029869152
2021-05-18,TLT,-0.002559,-0.036077105
2021-05-19,TLT,-0.002419,0.076026976
2021-05-20,TLT,0.008229,0.0735207
2021-05-21,TLT,0.003206,-0.055663154
2021-05-24,TLT,0.003704,0.013256988
2021-05-25,TLT,0.009263,0.07953647
2021-05-26,TLT,-0.001721,0.0872484
2021-05-27,TLT,-0.004058,-0.013664282
2021-05-28,TLT,-0.001551,0.08855285
2021-05-31,TLT,0.0,0.059904438
2021-06-01,TLT,-0.000222,0.06480251
2021-06-02,TLT,0.002315,0.054140273
2021-06-03,TLT,-0.003754,0.022573687
2021-06-04,TLT,0.013695,0.04009827
2021-06-07,TLT,-0.003074,-0.03906875
2021-06-08,TLT,0.007027,0.028260762
2021-06-09,TLT,0.008829,0.033422086
2021-06-10,TLT,0.005999,0.08884145
2021-06-11,TLT,-0.001614,-0.029253805
2021-06-14,TLT,-0.007659,0.0019562233
2021-06-15,TLT,-0.001204,-0.059689824
2021-06-16,TLT,-0.000851,-0.047101192
2021-06-17,TLT,0.014972,-0.03686586
2021-06-18,TLT,0.018806,0.04917554
2021-06-21,TLT,-0.016743,0.10189096
2021-06-22,TLT,0.002443,0.046000093
2021-06-23,TLT,-0.002576,0.06354659
2021-06-24,TLT,0.001605,0.04023317
2021-06-25,TLT,-0.010383,-0.013869775
2021-06-28,TLT,0.010281,-0.0036605212
2021-06-29,TLT,0.001673,0.036426008
2021-06-30,TLT,0.004453,0.02374301
2021-07-01,TLT,5.2e-05,0.0008119229
2021-07-02,TLT,0.006035,0.03810467
2021-07-05,TLT,0.0,0.020156018
2021-07-06,TLT,0.011721,0.09485259
2021-07-07,TLT,0.008859,0.0923695
2021-07-08,TLT,0.003918,0.051709224
2021-07-09,TLT,-0.014063,0.075677365
2021-07-12,TLT,-0.001297,0.07123019
2021-07-13,TLT,-0.007653,-0.042191476
2021-07-14,TLT,0.011362,0.081549175
2021-07-15,TLT,0.01103,0.010222454
2021-07-16,TLT,-0.001886,-0.037749067
2021-07-19,TLT,0.021928,-0.03529488
2021-07-20,TLT,-0.00964,0.0021626693
2021-07-21,TLT,-0.012667,0.11740671
2021-07-22,TLT,0.009453,0.05215019
2021-07-23,TLT,-0.006689,-0.010037933
2021-07-26,TLT,-0.002963,0.017615987
2021-07-27,TLT,0.010671,-0.028993787
2021-07-28,TLT,6.7e-05,-0.029071271
2021-07-29,TLT,-0.005546,-0.021301929
2021-07-30,TLT,0.004704,0.07230392
2021-08-02,TLT,0.008907,0.10740021
2021-08-03,TLT,0.000531,-0.03278852
2021-08-04,TLT,0.002056,0.080733865
2021-08-05,TLT,-0.005097,0.0023181678
2021-08-06,TLT,-0.016701,-0.01776469
2021-08-09,TLT,-0.003586,-0.07296613
2021-08-10,TLT,-0.004618,0.061487887
2021-08-11,TLT,-0.000614,-0.045680866
2021-08-12,TLT,-0.001638,0.07042533
2021-08-13,TLT,0.015796,0.017152209
2021-08-16,TLT,0.002423,0.052102074
2021-08-17,TLT,-0.000403,-0.007873406
2021-08-18,TLT,0.003359,0.06327679
2021-08-19,TLT,0.007365,0.023306487
2021-08-20,TLT,0.000665,0.11694187
2021-08-23,TLT,-0.000664,-0.039522313
2021-08-24,TLT,-0.007777,-0.07370075
2021-08-25,TLT,-0.008307,0.041170485
2021-08-26,TLT,0.00277,0.050141107
2021-08-27,TLT,0.006804,0.027776118
2021-08-30,TLT,0.002609,0.11146368
2021-08-31,TLT,-0.006807,0.11005566
2021-09-01,TLT,0.001675,0.047565516
2021-09-02,TLT,0.004366,0.049778994
2021-09-03,TLT,-0.009095,0.041729424
2021-09-06,TLT,0.0,0.04683658
2021-09-07,TLT,-0.008436,-0.046467923
2021-09-08,TLT,0.006806,0.03331372
2021-09-09,TLT,0.0121,0.0045092613
2021-09-10,TLT,-0.008817,0.037929207
2021-09-13,TLT,0.006065,0.08683168
2021-09-14,TLT,0.012123,0.019307502
2021-09-15,TLT,-0.003507,-0.032629963
2021-09-16,TLT,-0.004582,0.07406741
2021-09-17,TLT,-0.004804,0.026810603
2021-09-20,TLT,0.012402,-0.010470158
2021-09-21,TLT,-0.000861,0.011770321
2021-09-22,TLT,0.005965,0.09579249
2021-09-23,TLT,-0.022597,0.08390528
2021-09-24,TLT,-0.009774,-0.063698135
2021-09-27,TLT,-0.003676,-0.0068396037
2021-09-28,TLT,-0.015577,0.04466467
2021-09-29,TLT,0.001735,0.007444191
2021-09-30,TLT,-0.000138,0.07692092
2021-10-01,TLT,0.008406,0.04546834
2021-10-04,TLT,-0.002546,0.07441258
2021-10-05,TLT,-0.009656,0.07202938
2021-10-06,TLT,0.005641,0.02560961
2021-10-07,TLT,-0.010458,0.022932164
2021-10-08,TLT,-0.006999,0.03312646
2021-10-11,TLT,-0.002537,0.06803589
2021-10-12,TLT,0.0171,0.032111004
2021-10-13,TLT,0.009726,-0.028575046
2021-10-14,TLT,0.003715,0.041106477
2021-10-15,TLT,-0.005827,0.0933398
2021-10-18,TLT,0.004689,0.095455386
2021-10-19,TLT,-0.013795,0.09241585
2021-10-20,TLT,-0.00675,0.009894981
2021-10-21,TLT,-0.001191,-0.05171718
2021-10-22,TLT,0.011013,0.05377193
2021-10-25,TLT,-0.001526,-0.00885796
2021-10-26,TLT,0.008269,0.07722252
2021-10-27,TLT,0.018194,0.030122975
2021-10-28,TLT,-0.003384,0.07736818
2021-10-29,TLT,0.003056,-0.012939708
2021-11-01,TLT,-0.007189,0.038960956
2021-11-02,TLT,0.004439,0.04068834
2021-11-03,TLT,-0.010334,0.116695695
2021-11-04,TLT,0.01051,0.15100136
2021-11-05,TLT,0.014956,0.1285532
2021-11-08,TLT,-0.001875,0.078472786
2021-11-09,TLT,0.013018,0.02753142
2021-11-10,TLT,-0.018283,0.069425166
2021-11-11,TLT,-0.001484,0.083483316
2021-11-12,TLT,-0.004392,0.029493313
2021-11-15,TLT,-0.012557,0.06729605
2021-11-16,TLT,-0.002543,0.035555013
2021-11-17,TLT,0.007925,0.021452326
2021-11-18,TLT,0.00376,0.034967482
2021-11-19,TLT,0.010558,0.091200784
2021-11-22,TLT,-0.011728,0.15550737
2021-11-23,TLT,-0.014459,0.03724338
2021-11-24,TLT,0.016055,0.056254193
2021-11-25,TLT,0.0,0.06201881
2021-11-26,TLT,0.025269,0.06294586
2021-11-29,TLT,-0.008038,0.10702667
2021-11-30,TLT,0.015202,0.036386203
2021-12-01,TLT,0.006162,0.07400248
2021-12-02,TLT,0.001247,0.0070002307
2021-12-03,TLT,0.011932,0.025830397
2021-12-06,TLT,-0.013735,0.028869033
2021-12-07,TLT,-0.00808,-0.05303293
2021-12-08,TLT,-0.017285,0.062128518
2021-12-09,TLT,0.005593,0.09992642
2021-12-10,TLT,-0.002413,-0.032524142
2021-12-13,TLT,0.014779,0.059070162
2021-12-14,TLT,-0.002383,0.10121366
2021-12-15,TLT,-0.009622,0.060047913
2021-12-16,TLT,0.000386,0.017101884
2021-12-17,TLT,0.011332,0.0936169
2021-12-20,TLT,-0.007492,0.072145276
2021-12-21,TLT,-0.003808,0.028673925
2021-12-22,TLT,0.004627,0.08434952
2021-12-23,TLT,-0.008677,0.09067087
2021-12-24,TLT,0.0,0.11044545
2021-12-27,TLT,0.002424,0.061248824
2021-12-28,TLT,-0.003963,0.02602541
2021-12-29,TLT,-0.010925,0.015747989
2021-12-30,TLT,0.008386,0.06522679
2021-12-31,TLT,0.001961,-0.046216253
2021-01-01,USO,0.0,0.00072523975
2021-01-04,USO,-0.019085,-0.0034960613
2021-01-05,USO,0.048178,0.0027046856
2021-01-06,USO,0.005009,-0.0036812194
2021-01-07,USO,0.012313,-0.09295827
2021-01-08,USO,0.026064,0.0021305243
2021-01-11,USO,-0.004798,-0.0015846126
2021-01-12,USO,0.018151,-0.0004467352
2021-01-13,USO,-0.002786,-0.0024556036
2021-01-14,USO,0.012291,-0.0028165388
2021-01-15,USO,-0.024834,-0.001482162
2021-01-18,USO,0.0,-0.011741543
2021-01-19,USO,0.011602,-0.029354105
2021-01-20,USO,0.001119,-0.020898549
2021-01-21,USO,-0.000838,-0.018674243
2021-01-22,USO,-0.014821,-0.008204005
2021-01-25,USO,0.010219,-0.004052277
2021-01-26,USO,-0.003934,-0.02120957
2021-01-27,USO,0.00141,-0.0051587094
2021-01-28,USO,-0.007042,-0.01109957
2021-01-29,USO,-0.001986,-0.01918903
2021-02-01,USO,0.02672,-0.011492033
2021-02-02,USO,0.01938,-0.052781966
2021-02-03,USO,0.016839,-0.027250271
2021-02-04,USO,0.009883,-0.06620614
2021-02-05,USO,0.01005,-0.110220976
2021-02-08,USO,0.019639,-0.2691135
2021-02-09,USO,0.005907,-0.17649846
2021-02-10,USO,0.002808,-0.10065009
2021-02-11,USO,-0.007892,-0.16473168
2021-02-12,USO,0.024891,-0.27009737
2021-02-15,USO,0.0,-0.21582004
2021-02-16,USO,0.012769,-0.3497686
2021-02-17,USO,0.010878,-0.27689263
2021-02-18,USO,-0.015163,-0.15998305
2021-02-19,USO,-0.014651,-0.08875872
2021-02-22,USO,0.040323,-0.116812736
2021-02-23,USO,0.008236,-0.20322838
2021-02-24,USO,0.021144,-0.11269299
2021-02-25,USO,-0.000941,-0.11184382
2021-02-26,USO,-0.027084,-0.19177735
2021-03-01,USO,-0.017187,-0.079446524
2021-03-02,USO,-0.013054,-0.058503486
2021-03-03,USO,0.026703,-0.47373182
2021-03-04,USO,0.046913,-0.019499883
2021-03-05,USO,0.031809,-0.013331468
2021-03-08,USO,-0.021152,-0.014965266
2021-03-09,USO,-0.008966,-0.11603275
2021-03-10,USO,0.014614,-0.10877006
2021-03-11,USO,0.019662,-0.06711024
2021-03-12,USO,-0.005605,-0.005135494
2021-03-15,USO,-0.002029,-0.077857584
2021-03-16,USO,-0.009715,-0.0056588347
2021-03-17,USO,-0.000228,-0.09928271
2021-03-18,USO,-0.076449,-0.0015525668
2021-03-19,USO,0.032123,-0.0031371901
2021-03-22,USO,-0.001436,-0.041003916
2021-03-23,USO,-0.056102,-0.006886083
2021-03-24,USO,0.052832,0.031075146
2021-03-25,USO,-0.037636,-0.015019088
2021-03-26,USO,0.041113,-0.013122594
2021-03-29,USO,0.009391,-0.05519669
2021-03-30,USO,-0.017891,-0.011545322
2021-03-31,USO,-0.015545,-0.0018431656
2021-04-01,USO,0.032322,-0.020222481
2021-04-02,USO,0.0,-0.02097769
2021-04-05,USO,-0.037285,-0.0338871
2021-04-06,USO,0.010427,-0.062216494
2021-04-07,USO,0.003931,-0.02858433
2021-04-08,USO,-0.000979,-0.16191123
2021-04-09,USO,-0.00441,-0.09891059
2021-04-12,USO,0.006398,-0.039165452
2021-04-13,USO,0.012225,-0.0052580386
2021-04-14,USO,0.039614,0.0027686367
2021-04-15,USO,0.005344,-0.026801966
2021-04-16,USO,-0.00208,-0.017612824
2021-04-19,USO,0.003242,0.0036913715
2021-04-20,USO,-0.013389,0.028385738
2021-04-21,USO,-0.022695,-0.040346697
2021-04-22,USO,0.007661,-0.033238877
2021-04-23,USO,0.008791,-0.051397134
2021-04-26,USO,-0.003062,-0.07236654
2021-04-27,USO,0.018427,-0.06611531
2021-04-28,USO,0.009742,-0.04775561
2021-04-29,USO,0.01677,0.016656203
2021-04-30,USO,-0.022368,-0.035117883
2021-05-03,USO,0.016409,0.0824751
2021-05-04,USO,0.020236,-0.05616647
2021-05-05,USO,-0.00468,-0.03584977
2021-05-06,USO,-0.005598,-0.030488597
2021-05-07,USO,0.00045,-0.021957822
2021-05-10,USO,0.001125,-0.039344378
2021-05-11,USO,0.008768,-0.0524106
2021-05-12,USO,0.0078,-0.046512224
2021-05-13,USO,-0.031181,-0.052500166
2021-05-14,USO,0.020543,-0.054666918
2021-05-17,USO,0.015209,-0.04617166
2021-05-18,USO,-0.012117,-0.033030428
2021-05-19,USO,-0.031445,-0.030348334
2021-05-20,USO,-0.021874,-0.042514805
2021-05-21,USO,0.028719,-0.025248474
2021-05-24,USO,0.030206,-0.052683312
2021-05-25,USO,-0.002221,-0.017372062
2021-05-26,USO,0.006233,-0.0372718
2021-05-27,USO,0.007743,-0.029055348
2021-05-28,USO,-0.002854,-0.032091357
2021-05-31,USO,0.0,-0.052450176
2021-06-01,USO,0.020035,-0.06258017
2021-06-02,USO,0.012303,-0.057408415
2021-06-03,USO,0.001493,-0.058680296
2021-06-04,USO,0.006174,-0.040282287
2021-06-07,USO,0.000212,-0.043243803
2021-06-08,USO,0.012905,-0.06352185
2021-06-09,USO,-0.006266,-0.032125905
2021-06-10,USO,0.005254,-0.011589613
2021-06-11,USO,0.005018,-0.055444367
2021-06-14,USO,0.005201,-0.057828136
2021-06-15,USO,0.013659,-0.024405982
2021-06-16,USO,-0.004696,-0.024705067
2021-06-17,USO,-0.014564,-0.038697943
2021-06-18,USO,0.006661,-0.051651586
2021-06-21,USO,0.020678,-0.07236267
2021-06-22,USO,0.001216,-0.040869206
2021-06-23,USO,0.00607,-0.050297294
2021-06-24,USO,0.002413,-0.043563124
2021-06-25,USO,0.008226,-0.037053782
2021-06-28,USO,-0.014129,0.018498126
2021-06-29,USO,0.007065,-0.031477258
2021-06-30,USO,-0.0002,-0.026506431
2021-07-01,USO,0.014836,-0.040246632
2021-07-02,USO,0.006124,-0.00969475
2021-07-05,USO,0.0,-0.029065466
2021-07-06,USO,-0.020224,-0.02870131
2021-07-07,USO,-0.02485,-0.039904114
2021-07-08,USO,0.017674,-0.002250048
2021-07-09,USO,0.017973,-0.0373645
2021-07-12,USO,-0.001984,-0.01194946
2021-07-13,USO,0.016696,-0.01960841
2021-07-14,USO,-0.028348,-0.010045006
2021-07-15,USO,-0.01328,-0.070479356
2021-07-16,USO,0.002039,-0.009419118
2021-07-19,USO,-0.067155,-0.030768257
2021-07-20,USO,0.014616,-0.02151613
2021-07-21,USO,0.037841,-0.02430061
2021-07-22,USO,0.018645,-0.023337474
2021-07-23,USO,0.006101,0.005207774
2021-07-26,USO,0.004043,-0.041667093
2021-07-27,USO,-0.004027,-0.03148403
2021-07-28,USO,0.005054,-0.025322374
2021-07-29,USO,0.018504,-0.042950757
2021-07-30,USO,0.000395,-0.013886965
2021-08-02,USO,-0.029214,-0.01491911
2021-08-03,USO,-0.00671,-0.034459673
2021-08-04,USO,-0.033777,-0.0061461604
2021-08-05,USO,0.019068,-0.050731156
2021-08-06,USO,-0.011019,-0.03480594
2021-08-09,USO,-0.020391,-0.02976449
2021-08-10,USO,0.023176,-0.025548095
2021-08-11,USO,0.013003,-0.028806577
2021-08-12,USO,-0.004141,-0.057570025
2021-08-13,USO,-0.013929,-0.032161098
2021-08-16,USO,-0.008223,-0.022398826
2021-08-17,USO,-0.009779,-0.03361627
2021-08-18,USO,-0.025333,-0.008213277
2021-08-19,USO,-0.013877,-0.025728285
2021-08-20,USO,-0.029931,0.012325439
2021-08-23,USO,0.055722,-0.038710877
2021-08-24,USO,0.033152,-0.020924073
2021-08-25,USO,0.009289,-0.033665527
2021-08-26,USO,-0.006902,-0.055486076
2021-08-27,USO,0.014111,-0.026523238
2021-08-30,USO,0.005192,0.014962401
2021-08-31,USO,-0.007438,-0.033226125
2021-09-01,USO,-0.00229,-0.024972634
2021-09-02,USO,0.021281,-0.01850397
2021-09-03,USO,-0.005924,-0.035109054
2021-09-06,USO,0.0,-0.043136485
2021-09-07,USO,-0.012741,-0.029747302
2021-09-08,USO,0.011449,-0.050702576
2021-09-09,USO,-0.017288,-0.023699474
2021-09-10,USO,0.02199,-0.023504522
2021-09-13,USO,0.013934,-0.053413596
2021-09-14,USO,-0.003436,-0.026105937
2021-09-15,USO,0.027986,-0.045510635
2021-09-16,USO,0.000197,-0.0027473278
2021-09-17,USO,-0.007495,-0.02407294
2021-09-20,USO,-0.014308,-0.033445343
2021-09-21,USO,-0.000403,-0.049619064
2021-09-22,USO,0.018152,-0.013479052
2021-09-23,USO,0.017829,-0.07221066
2021-09-24,USO,0.008564,-0.016031368
2021-09-27,USO,0.021034,0.004963996
2021-09-28,USO,-0.009639,-0.025076795
2021-09-29,USO,-0.001527,-0.034853242
2021-09-30,USO,0.004587,-0.03676432
2021-10-01,USO,0.013318,-0.010876809
2021-10-04,USO,0.023094,0.0054684435
2021-10-05,USO,0.020921,-0.025159782
2021-10-06,USO,-0.026425,-0.046200216
2021-10-07,USO,0.022157,0.00526474
2021-10-08,USO,0.001987,-0.022140091
2021-10-11,USO,0.0128,-0.0029300358
2021-10-12,USO,-0.001246,0.014656745
2021-10-13,USO,0.000891,-0.013908142
2021-10-14,USO,0.011574,0.011185831
2021-10-15,USO,0.005985,-0.02779591
2021-10-18,USO,-0.003325,-0.0056843814
2021-10-19,USO,0.008076,-0.0011247756
2021-10-20,USO,0.012191,-0.025649793
2021-10-21,USO,-0.012216,0.020092495
2021-10-22,USO,0.010799,-0.014196431
2021-10-25,USO,-0.003446,-0.0065506482
2021-10-26,USO,0.010721,-0.012133551
2021-10-27,USO,-0.026518,-0.015552449
2021-10-28,USO,0.008787,0.03211214
2021-10-29,USO,-0.004355,0.023241287
2021-11-01,USO,0.006649,0.009393015
2021-11-02,USO,0.0,0.004199232
2021-11-03,USO,-0.038067,-0.011096309
2021-11-04,USO,-0.007589,0.027026992
2021-11-05,USO,0.02968,0.024391986
2021-11-08,USO,0.009549,0.03366248
2021-11-09,USO,0.015414,-0.011041331
2021-11-10,USO,-0.028463,0.04135402
2021-11-11,USO,-0.001776,-0.016871098
2021-11-12,USO,-0.004269,0.029006425
2021-11-15,USO,0.001608,0.01689189
2021-11-16,USO,0.002319,-0.007518456
2021-11-17,USO,-0.021352,-0.014090489
2021-11-18,USO,0.01,0.017900014
2021-11-19,USO,-0.031863,-0.0052665113
2021-11-22,USO,0.012458,0.002286089
2021-11-23,USO,0.03214,-0.008913539
2021-11-24,USO,-0.005694,-0.031014178
2021-11-25,USO,0.0,0.022893097
2021-11-26,USO,-0.111847,0.014396874
2021-11-29,USO,0.01088,0.022014331
2021-11-30,USO,-0.045047,-0.012923536
2021-12-01,USO,-0.018159,-0.010440197
2021-12-02,USO,0.026573,-0.0035732402
2021-12-03,USO,-0.006005,0.005649442
2021-12-06,USO,0.052292,-0.017430073
2021-12-07,USO,0.021382,-0.0053790314
2021-12-08,USO,0.016088,0.02035395
2021-12-09,USO,-0.026707,-0.032526795
2021-12-10,USO,0.019796,0.048475306
2021-12-13,USO,-0.01134,-0.023955762
2021-12-14,USO,-0.010109,0.006491911
2021-12-15,USO,0.013747,0.053007737
2021-12-16,USO,0.004843,-0.00667093
2021-12-17,USO,-0.021014,0.01297158
2021-12-20,USO,-0.01733,-0.005199229
2021-12-21,USO,0.033467,0.004515276
2021-12-22,USO,0.017646,0.024411248
2021-12-23,USO,0.012386,0.018563792
2021-12-24,USO,0.0,0.018863732
2021-12-27,USO,0.026162,0.007141426
2021-12-28,USO,0.002751,-0.022398049
2021-12-29,USO,0.0075,-0.042864688
2021-12-30,USO,0.000363,0.0048470204
2021-12-31,USO,-0.01343,0.0084439805
2021-01-01,GLD,0.0,0.011393746
2021-01-04,GLD,0.022258,0.019045873
2021-01-05,GLD,0.002962,0.006987398
2021-01-06,GLD,-0.016241,-0.011331554
2021-01-07,GLD,-0.002335,-0.0525586
2021-01-08,GLD,-0.03421,0.022990983
2021-01-11,GLD,-0.001961,-0.01398268
2021-01-12,GLD,0.006474,-0.0055725873
2021-01-13,GLD,-0.004307,0.011772324
2021-01-14,GLD,-0.000519,-0.023353573
2021-01-15,GLD,-0.012408,0.017415445
2021-01-18,GLD,0.0,-0.017815296
2021-01-19,GLD,0.008473,-0.045583606
2021-01-20,GLD,0.016282,-0.023586834
2021-01-21,GLD,-0.000627,-0.029665502
2021-01-22,GLD,-0.007873,-0.03200331
2021-01-25,GLD,0.000863,-0.032498956
2021-01-26,GLD,-0.002471,-0.037763182
2021-01-27,GLD,-0.006336,-0.013116593
2021-01-28,GLD,0.000927,-0.015121477
2021-01-29,GLD,-0.000405,-0.0025213577
2021-02-01,GLD,0.009385,-0.029952018
2021-02-02,GLD,-0.012168,-0.011999226
2021-02-03,GLD,-0.001511,0.0070477724
2021-02-04,GLD,-0.02153,-0.04145422
2021-02-05,GLD,0.009872,-0.040442094
2021-02-08,GLD,0.01007,-0.061248742
2021-02-09,GLD,0.003265,-0.0645558
2021-02-10,GLD,0.003661,-0.061991934
2021-02-11,GLD,-0.008685,-0.074505255
2021-02-12,GLD,-0.003037,-0.11262691
2021-02-15,GLD,0.0,-0.083097175
2021-02-16,GLD,-0.014353,-0.065844364
2021-02-17,GLD,-0.011353,-0.06915507
2021-02-18,GLD,-6e-05,-0.045154154
2021-02-19,GLD,0.004149,-0.055872113
2021-02-22,GLD,0.014969,-0.03183324
2021-02-23,GLD,-0.002301,-0.05042697
2021-02-24,GLD,-0.00071,-0.037527137
2021-02-25,GLD,-0.018817,-0.056346033
2021-02-26,GLD,-0.024183,-0.043442972
2021-03-01,GLD,-0.00173,-0.024981916
2021-03-02,GLD,0.005448,-0.05585978
2021-03-03,GLD,-0.011022,1.9601805e-06
2021-03-04,GLD,-0.009837,-0.028048236
2021-03-05,GLD,0.000629,-0.045046832
2021-03-08,GLD,-0.010368,-0.04089958
2021-03-09,GLD,0.021271,-0.07588223
2021-03-10,GLD,0.005098,-0.07871439
2021-03-11,GLD,-0.000866,-0.05332005
2021-03-12,GLD,-0.000186,-0.0036840055
2021-03-15,GLD,0.004397,-0.061032407
2021-03-16,GLD,0.000925,-0.021889005
2021-03-17,GLD,0.007145,-0.06658318
2021-03-18,GLD,-0.00581,0.00712861
2021-03-19,GLD,0.004183,0.0008385513
2021-03-22,GLD,-0.00147,-0.033974536
2021-03-23,GLD,-0.007301,-0.0057614017
2021-03-24,GLD,0.003461,0.0072005615
2021-03-25,GLD,-0.003634,-0.010239581
2021-03-26,GLD,0.002843,-0.02749942
2021-03-29,GLD,-0.011896,-0.049282685
2021-03-30,GLD,-0.017092,-0.010577247
2021-03-31,GLD,0.015168,-0.019531526
2021-04-01,GLD,0.012628,-0.054487497
2021-04-02,GLD,0.0,-0.02941908
2021-04-05,GLD,-0.00037,-0.024543066
2021-04-06,GLD,0.008029,-0.03178355
2021-04-07,GLD,-0.002818,-0.027039107
2021-04-08,GLD,0.010752,-0.056940585
2021-04-09,GLD,-0.007537,-0.035964966
2021-04-12,GLD,-0.006064,-0.0390705
2021-04-13,GLD,0.007086,-0.022101555
2021-04-14,GLD,-0.004344,-0.023922598
2021-04-15,GLD,0.016163,-0.03964997
2021-04-16,GLD,0.006048,-0.03777115
2021-04-19,GLD,-0.002765,-0.006877816
2021-04-20,GLD,0.003557,-0.050329722
2021-04-21,GLD,0.009911,-0.04430439
2021-04-22,GLD,-0.006483,-0.023901397
2021-04-23,GLD,-0.003831,-0.056964654
2021-04-26,GLD,0.002644,-0.040990606
2021-04-27,GLD,-0.002517,-0.07026422
2021-04-28,GLD,0.002944,-0.014454741
2021-04-29,GLD,-0.004134,-0.08277863
2021-04-30,GLD,-0.003369,-0.05497048
2021-05-03,GLD,0.012978,0.042103242
2021-05-04,GLD,-0.00733,-0.03771999
2021-05-05,GLD,0.004142,-0.041707374
2021-05-06,GLD,0.01668,-0.03173458
2021-05-07,GLD,0.008997,-0.008430587
2021-05-10,GLD,0.003031,-0.025969984
2021-05-11,GLD,0.000174,-0.04063953
2021-05-12,GLD,-0.009934,-0.02484423
2021-05-13,GLD,0.004107,-0.07082987
2021-05-14,GLD,0.009116,-0.0339528
2021-05-17,GLD,0.011639,-0.04565295
2021-05-18,GLD,0.001946,-0.029265545
2021-05-19,GLD,0.000686,-0.034439303
2021-05-20,GLD,0.004567,-0.014924387
2021-05-21,GLD,0.000455,-0.020963531
2021-05-24,GLD,0.001761,-0.036768883
2021-05-25,GLD,0.009073,-0.013512292
2021-05-26,GLD,-0.001742,-0.038425617
2021-05-27,GLD,0.000394,0.0011181039
2021-05-28,GLD,0.00377,-0.010485686
2021-05-31,GLD,0.0,-0.009260808
2021-06-01,GLD,-0.002691,-0.027359836
2021-06-02,GLD,0.00489,-0.044517685
2021-06-03,GLD,-0.019578,-0.06292008
2021-06-04,GLD,0.010783,-0.006207074
2021-06-07,GLD,0.004008,-0.01700149
2021-06-08,GLD,-0.003092,-0.03054701
2021-06-09,GLD,-0.001918,-0.01075566
2021-06-10,GLD,0.004294,0.005864029
2021-06-11,GLD,-0.011252,-0.057762366
2021-06-14,GLD,-0.005861,-0.018133542
2021-06-15,GLD,-0.003778,-0.036120072
2021-06-16,GLD,-0.016892,-0.037161935
2021-06-17,GLD,-0.03074,-0.037555
2021-06-18,GLD,-0.005547,-0.050825924
2021-06-21,GLD,0.012248,-0.043428484
2021-06-22,GLD,-0.004193,-0.04375836
2021-06-23,GLD,-0.000662,-0.04568603
2021-06-24,GLD,-0.000602,-0.04297379
2021-06-25,GLD,0.003312,-0.010702831
2021-06-28,GLD,-6e-05,-0.012620373
2021-06-29,GLD,-0.010505,-0.025612539
2021-06-30,GLD,0.004854,-0.035502605
2021-07-01,GLD,0.003441,-0.0049888673
2021-07-02,GLD,0.006558,0.009049455
2021-07-05,GLD,0.0,-0.010739381
2021-07-06,GLD,0.004961,-0.014770383
2021-07-07,GLD,0.003807,-0.040927727
2021-07-08,GLD,-0.000652,-0.006014039
2021-07-09,GLD,0.003321,-0.024751958
2021-07-12,GLD,-0.001241,0.013744335
2021-07-13,GLD,0.001302,-0.016959205
2021-07-14,GLD,0.010755,0.017375076
2021-07-15,GLD,0.000175,-0.047456615
2021-07-16,GLD,-0.009704,-0.006322697
2021-07-19,GLD,0.001181,-0.049027145
2021-07-20,GLD,-0.001297,-0.027542291
2021-07-21,GLD,-0.003719,-0.005826702
2021-07-22,GLD,0.001955,-0.009139519
2021-07-23,GLD,-0.003134,0.0073027113
2021-07-26,GLD,-0.002373,-0.019404396
2021-07-27,GLD,0.001665,-0.05342183
2021-07-28,GLD,0.005046,-0.08002038
2021-07-29,GLD,0.011105,-0.05042067
2021-07-30,GLD,-0.007887,-0.01866852
2021-08-02,GLD,-0.001237,-0.024926167
2021-08-03,GLD,-0.000707,-0.04835297
2021-08-04,GLD,0.000236,-0.026621578
2021-08-05,GLD,-0.003952,-0.055005167
2021-08-06,GLD,-0.024991,-0.030885706
2021-08-09,GLD,-0.017736,-0.035237346
2021-08-10,GLD,0.000309,-0.022466917
2021-08-11,GLD,0.013785,-0.049770914
2021-08-12,GLD,0.000244,-0.05108939
2021-08-13,GLD,0.014326,-0.014881664
2021-08-16,GLD,0.004988,-0.017204838
2021-08-17,GLD,-0.001495,-0.051347133
2021-08-18,GLD,0.000779,0.024261454
2021-08-19,GLD,-0.002932,-0.021845011
2021-08-20,GLD,0.00054,-0.046648107
2021-08-23,GLD,0.012178,-0.04706334
2021-08-24,GLD,-0.000474,-0.015125074
2021-08-25,GLD,-0.006937,-0.018742999
2021-08-26,GLD,0.001134,-0.051347513
2021-08-27,GLD,0.01503,-0.024671223
2021-08-30,GLD,-0.004936,-0.013773437
2021-08-31,GLD,0.002008,-0.02635192
2021-09-01,GLD,5.9e-05,-0.0506921
2021-09-02,GLD,-0.002652,-0.032997314
2021-09-03,GLD,0.010694,-0.014381557
2021-09-06,GLD,0.0,-0.047496296
2021-09-07,GLD,-0.019584,-0.03319852
2021-09-08,GLD,-0.002504,-0.034713764
2021-09-09,GLD,0.004423,-0.038456343
2021-09-10,GLD,-0.005059,-0.026891433
2021-09-13,GLD,0.00335,-0.05950239
2021-09-14,GLD,0.006439,-0.027378073
2021-09-15,GLD,-0.005864,-0.052283634
2021-09-16,GLD,-0.022642,0.0016241352
2021-09-17,GLD,-0.001585,-0.024963804
2021-09-20,GLD,0.007144,-0.025632229
2021-09-21,GLD,0.006669,-0.045779318
2021-09-22,GLD,-0.003734,-0.014026798
2021-09-23,GLD,-0.011546,-0.048056617
2021-09-24,GLD,-0.001284,-0.02498702
2021-09-27,GLD,0.002082,0.021414548
2021-09-28,GLD,-0.009716,-0.027597087
2021-09-29,GLD,-0.004505,-0.008706276
2021-09-30,GLD,0.017977,-0.0377054
2021-10-01,GLD,0.002253,-0.016395468
2021-10-04,GLD,0.004678,0.007477019
2021-10-05,GLD,-0.004657,-0.020805018
2021-10-06,GLD,0.002673,-0.036565773
2021-10-07,GLD,-0.005272,0.0103936475
2021-10-08,GLD,0.000426,0.0091623645
2021-10-11,GLD,-0.001888,-0.022040172
2021-10-12,GLD,0.004514,-0.002738597
2021-10-13,GLD,0.017794,-0.009259347
2021-10-14,GLD,0.002446,0.014160356
2021-10-15,GLD,-0.015893,-0.04134506
2021-10-18,GLD,-0.00248,-0.030835645
2021-10-19,GLD,0.003214,0.01125078
2021-10-20,GLD,0.008764,0.0061842026
2021-10-21,GLD,-0.000899,0.0064870953
2021-10-22,GLD,0.006117,-0.034741193
2021-10-25,GLD,0.006914,0.007892372
2021-10-26,GLD,-0.0074,0.0063207466
2021-10-27,GLD,0.002624,0.006153906
2021-10-28,GLD,-0.000238,-0.03200814
2021-10-29,GLD,-0.008508,-0.0033851657
2021-11-01,GLD,0.005221,-0.020156968
2021-11-02,GLD,-0.002149,0.013857676
2021-11-03,GLD,-0.008315,0.007887012
2021-11-04,GLD,0.011341,0.018018989
2021-11-05,GLD,0.013063,-0.013878097
2021-11-08,GLD,0.003592,-0.008049501
2021-11-09,GLD,0.004928,-0.027105093
2021-11-10,GLD,0.010859,0.028932983
2021-11-11,GLD,0.005602,-0.021495441
2021-11-12,GLD,0.001895,0.023295624
2021-11-15,GLD,-0.001548,0.04845656
2021-11-16,GLD,-0.007234,-0.011168919
2021-11-17,GLD,0.009137,0.02876746
2021-11-18,GLD,-0.003209,0.02539272
2021-11-19,GLD,-0.007646,0.019403303
2021-11-22,GLD,-0.02242,0.029497638
2021-11-23,GLD,-0.008652,0.022198379
2021-11-24,GLD,-0.000957,0.015128505
2021-11-25,GLD,0.0,-0.014918201
2021-11-26,GLD,-0.001616,0.030220801
2021-11-29,GLD,-0.001379,0.033737253
2021-11-30,GLD,-0.006722,0.0038653365
2021-12-01,GLD,0.003988,0.0054885196
2021-12-02,GLD,-0.005537,-0.022686385
2021-12-03,GLD,0.008412,0.0075424695
2021-12-06,GLD,-0.002461,-0.03276448
2021-12-07,GLD,0.003549,-0.01768871
2021-12-08,GLD,0.00054,0.01973226
2021-12-09,GLD,-0.006111,-0.009767807
2021-12-10,GLD,0.00422,-0.016726911
2021-12-13,GLD,0.002521,-0.015779428
2021-12-14,GLD,-0.009341,0.009255469
2021-12-15,GLD,0.004292,0.0205062
2021-12-16,GLD,0.012098,-0.010045143
2021-12-17,GLD,-0.002141,0.0127744805
2021-12-20,GLD,-0.004231,0.0043990095
2021-12-21,GLD,-0.000419,0.014929166
2021-12-22,GLD,0.0094,0.0050094244
2021-12-23,GLD,0.002254,0.029680982
2021-12-24,GLD,0.0,0.013740849
2021-12-27,GLD,0.002367,-0.00067196734
2021-12-28,GLD,-0.00431,-0.027045485
2021-12-29,GLD,-0.000297,0.013542892
2021-12-30,GLD,0.007177,0.027054787
2021-12-31,GLD,0.006832,0.01861856
2021-01-01,XLF,0.0,-0.060855437
2021-01-04,XLF,-0.013569,-0.00020660306
2021-01-05,XLF,0.00447,0.029679142
2021-01-06,XLF,0.044163,0.04833365
2021-01-07,XLF,0.014426,-0.014532709
2021-01-08,XLF,-0.000646,0.0038202303
2021-01-11,XLF,0.003234,0.019189
2021-01-12,XLF,0.010316,0.034832343
2021-01-13,XLF,-0.000638,0.024435636
2021-01-14,XLF,0.00447,-0.022109475
2021-01-15,XLF,-0.016529,0.030447548
2021-01-18,XLF,0.0,-0.007607803
2021-01-19,XLF,0.002586,-0.032497346
2021-01-20,XLF,-0.004191,0.009940467
2021-01-21,XLF,-0.010683,-0.0053797103
2021-01-22,XLF,-0.007199,-0.044733547
2021-01-25,XLF,-0.007251,-0.036610324
2021-01-26,XLF,-0.007968,-0.048724595
2021-01-27,XLF,-0.029451,-0.016488
2021-01-28,XLF,0.018621,0.016612912
2021-01-29,XLF,-0.019973,0.008253452
2021-02-01,XLF,0.013126,-0.02415422
2021-02-02,XLF,0.024207,-0.045099694
2021-02-03,XLF,0.005659,0.012326686
2021-02-04,XLF,0.022178,-0.026339341
2021-02-05,XLF,0.000324,0.014285388
2021-02-08,XLF,0.012949,-0.027871221
2021-02-09,XLF,0.00032,-0.027785646
2021-02-10,XLF,0.0,-0.024551298
2021-02-11,XLF,-0.003195,-0.052458968
2021-02-12,XLF,0.010256,-0.030633142
2021-02-15,XLF,0.0,-0.016798194
2021-02-16,XLF,0.017132,-0.010171546
2021-02-17,XLF,0.004991,8.208969e-06
2021-02-18,XLF,-0.005897,-0.019661278
2021-02-19,XLF,0.011864,-0.0169003
2021-02-22,XLF,0.009256,-0.05635914
2021-02-23,XLF,0.006114,-0.04234304
2021-02-24,XLF,0.019447,-0.028163724
2021-02-25,XLF,-0.018182,-0.051154997
2021-02-26,XLF,-0.019126,-0.045835186
2021-03-01,XLF,0.03126,0.010625062
2021-03-02,XLF,-0.003601,-0.0055624847
2021-03-03,XLF,0.007831,-9.0575695e-06
2021-03-04,XLF,-0.011357,0.027935952
2021-03-05,XLF,0.019045,0.017980665
2021-03-08,XLF,0.012756,-8.608277e-05
2021-03-09,XLF,-0.00908,-0.02439179
2021-03-10,XLF,0.020396,-0.033781976
2021-03-11,XLF,-0.002897,0.013218058
2021-03-12,XLF,0.010169,-0.0430599
2021-03-15,XLF,-0.005752,-0.042385977
2021-03-16,XLF,-0.010414,-0.017422857
2021-03-17,XLF,0.006723,-0.029077565
2021-03-18,XLF,0.005226,-0.052420128
2021-03-19,XLF,-0.011554,0.014938383
2021-03-22,XLF,-0.012822,0.0062563336
2021-03-23,XLF,-0.013976,-0.029973341
2021-03-24,XLF,0.003619,0.055784833
2021-03-25,XLF,0.016827,-0.039157156
2021-03-26,XLF,0.015662,-0.047823355
2021-03-29,XLF,-0.008729,-0.03217975
2021-03-30,XLF,0.007044,0.027955094
2021-03-31,XLF,-0.007578,0.022556085
2021-04-01,XLF,0.012335,-0.019630764
2021-04-02,XLF,0.0,-0.01686258
2021-04-05,XLF,0.007833,-0.031523436
2021-04-06,XLF,-0.002015,0.015719855
2021-04-07,XLF,0.004903,-0.03513288
2021-04-08,XLF,0.000287,-0.031843223
2021-04-09,XLF,0.008608,-0.058859363
2021-04-12,XLF,0.004267,-0.019567482
2021-04-13,XLF,-0.009348,-0.024838839
2021-04-14,XLF,0.006005,0.043912698
2021-04-15,XLF,-0.000853,0.035261344
2021-04-16,XLF,0.007112,0.032289967
2021-04-19,XLF,-0.002825,0.06258421
2021-04-20,XLF,-0.018697,0.06648772
2021-04-21,XLF,0.013857,0.022396227
2021-04-22,XLF,-0.011105,-0.027385084
2021-04-23,XLF,0.018716,-0.01141567
2021-04-26,XLF,0.003957,0.009700341
2021-04-27,XLF,0.007883,0.07069426
2021-04-28,XLF,0.003911,0.021303019
2021-04-29,XLF,0.017808,0.04914231
2021-04-30,XLF,-0.008748,0.011510812
2021-05-03,XLF,0.004964,0.047673527
2021-05-04,XLF,0.007958,0.02011243
2021-05-05,XLF,0.008168,0.0058595617
2021-05-06,XLF,0.014853,0.018504411
2021-05-07,XLF,0.005322,0.0068002604
2021-05-10,XLF,-0.000794,0.02497714
2021-05-11,XLF,-0.017748,0.058667254
2021-05-12,XLF,-0.010248,0.020753192
2021-05-13,XLF,0.016076,-0.017670449
2021-05-14,XLF,0.015822,0.01973794
2021-05-17,XLF,0.001848,0.040353935
2021-05-18,XLF,-0.013966,0.04089459
2021-05-19,XLF,-0.006146,-0.017752104
2021-05-20,XLF,0.000538,-0.006615469
2021-05-21,XLF,0.009944,-0.005377392
2021-05-24,XLF,0.00479,0.009250174
2021-05-25,XLF,-0.010063,0.027171578
2021-05-26,XLF,0.002943,-0.020972269
2021-05-27,XLF,0.01147,0.030288458
2021-05-28,XLF,0.001846,0.0126259895
2021-05-31,XLF,0.0,0.07514232
2021-06-01,XLF,0.006054,0.017423961
2021-06-02,XLF,0.00157,0.04939004
2021-06-03,XLF,0.002351,0.012656154
2021-06-04,XLF,0.002606,-0.01674554
2021-06-07,XLF,-0.006499,0.067328215
2021-06-08,XLF,-0.002616,0.056116354
2021-06-09,XLF,-0.009444,-0.028887914
2021-06-10,XLF,-0.011653,0.007225405
2021-06-11,XLF,0.006431,0.02513562
2021-06-14,XLF,-0.010383,0.024190992
2021-06-15,XLF,0.001883,-0.01980007
2021-06-16,XLF,-0.001074,-0.030065717
2021-06-17,XLF,-0.02957,0.044582233
2021-06-18,XLF,-0.0241,-0.04112363
2021-06-21,XLF,0.023256,-0.007818544
2021-06-22,XLF,0.001671,-0.041677933
2021-06-23,XLF,0.001946,-0.024939919
2021-06-24,XLF,0.012486,0.03043877
2021-06-25,XLF,0.012058,0.023853887
2021-06-28,XLF,-0.007311,0.04280132
2021-06-29,XLF,-0.003546,0.009941022
2021-06-30,XLF,0.00438,0.016777473
2021-07-01,XLF,0.007904,-0.0012254298
2021-07-02,XLF,-0.001082,0.028043188
2021-07-05,XLF,0.0,-0.015022082
2021-07-06,XLF,-0.015701,0.006528389
2021-07-07,XLF,0.001375,0.025581945
2021-07-08,XLF,-0.020049,0.030442992
2021-07-09,XLF,0.028868,0.046326414
2021-07-12,XLF,0.009807,0.009430843
2021-07-13,XLF,-0.01079,0.0053028893
2021-07-14,XLF,-0.004636,0.076393716
2021-07-15,XLF,0.003288,-0.020074256
2021-07-16,XLF,-0.013654,-0.014895034
2021-07-19,XLF,-0.027962,0.043713063
2021-07-20,XLF,0.024779,-0.01684097
2021-07-21,XLF,0.017232,-0.008525622
2021-07-22,XLF,-0.010929,0.006141858
2021-07-23,XLF,0.001657,0.011657813
2021-07-26,XLF,0.005792,0.032403786
2021-07-27,XLF,-0.000274,0.0063409717
2021-07-28,XLF,-0.001371,0.03825372
2021-07-29,XLF,0.010986,0.03400961
2021-07-30,XLF,-0.007878,0.05806785
2021-08-02,XLF,0.000274,0.045283
2021-08-03,XLF,0.011224,0.05587449
2021-08-04,XLF,-0.008392,0.039147798
2021-08-05,XLF,0.013104,0.023070324
2021-08-06,XLF,0.02021,0.009437395
2021-08-09,XLF,0.002641,0.047039744
2021-08-10,XLF,0.010537,0.0036652037
2021-08-11,XLF,0.01147,0.0044338633
2021-08-12,XLF,0.001804,0.028629005
2021-08-13,XLF,-0.007461,0.066505626
2021-08-16,XLF,-0.002592,-0.011466833
2021-08-17,XLF,-0.007017,0.0132006975
2021-08-18,XLF,-0.0123,0.0042247255
2021-08-19,XLF,-0.007419,-0.020403732
2021-08-20,XLF,0.00614,0.100680046
2021-08-23,XLF,0.008225,-0.010976421
2021-08-24,XLF,0.006053,0.0029357818
2021-08-25,XLF,0.011771,0.023647625
2021-08-26,XLF,-0.004912,-0.016709741
2021-08-27,XLF,0.01325,0.0062152627
2021-08-30,XLF,-0.014103,0.034540843
2021-08-31,XLF,-0.0013,0.0200887
2021-09-01,XLF,-0.005729,0.039577916
2021-09-02,XLF,0.003405,-0.010492124
2021-09-03,XLF,-0.006265,0.036419243
2021-09-06,XLF,0.0,0.033517126
2021-09-07,XLF,-0.006041,0.040258426
2021-09-08,XLF,-0.002378,0.022615409
2021-09-09,XLF,0.002914,0.07933205
2021-09-10,XLF,-0.007396,0.054006048
2021-09-13,XLF,0.011442,0.039486423
2021-09-14,XLF,-0.013417,0.08550002
2021-09-15,XLF,0.0096,0.07666929
2021-09-16,XLF,-0.002905,0.105287604
2021-09-17,XLF,-0.004503,0.03409221
2021-09-20,XLF,-0.023097,0.061117873
2021-09-21,XLF,-0.001368,0.046596177
2021-09-22,XLF,0.016712,0.059115842
2021-09-23,XLF,0.024522,0.07467379
2021-09-24,XLF,0.00526,-0.01174751
2021-09-27,XLF,0.013605,0.068938985
2021-09-28,XLF,-0.01652,0.054642823
2021-09-29,XLF,0.000787,-0.0026513592
2021-09-30,XLF,-0.015736,0.049602594
2021-10-01,XLF,0.01652,0.05701889
2021-10-04,XLF,-0.00865,0.016626434
2021-10-05,XLF,0.019566,0.06313122
2021-10-06,XLF,0.001037,0.00925251
2021-10-07,XLF,0.005959,0.1007359
2021-10-08,XLF,0.004893,0.039847407
2021-10-11,XLF,-0.009995,0.10440496
2021-10-12,XLF,-0.003106,0.12849814
2021-10-13,XLF,-0.005713,0.07067469
2021-10-14,XLF,0.016715,0.03752503
2021-10-15,XLF,0.014898,0.06544794
2021-10-18,XLF,0.000253,-0.009341571
2021-10-19,XLF,0.009868,0.054317918
2021-10-20,XLF,0.008018,0.026784133
2021-10-21,XLF,-0.004226,0.034313526
2021-10-22,XLF,0.013979,0.10628301
2021-10-25,XLF,-0.001231,-0.0053981044
2021-10-26,XLF,0.000739,0.04709592
2021-10-27,XLF,-0.016502,0.05471103
2021-10-28,XLF,0.012271,0.07749391
2021-10-29,XLF,-0.003958,0.07579306
2021-11-01,XLF,0.000497,0.050625294
2021-11-02,XLF,0.002483,0.017425923
2021-11-03,XLF,0.003715,0.036727503
2021-11-04,XLF,-0.013077,0.09679403
2021-11-05,XLF,0.0005,0.090740584
2021-11-08,XLF,0.005497,0.071300335
2021-11-09,XLF,-0.005467,0.07001686
2021-11-10,XLF,-0.001749,0.08033438
2021-11-11,XLF,0.002753,0.07808055
2021-11-12,XLF,0.002247,0.13931285
2021-11-15,XLF,0.0,0.08296568
2021-11-16,XLF,-0.000996,0.049682204
2021-11-17,XLF,-0.011468,0.01940816
2021-11-18,XLF,-0.005044,0.047306553
2021-11-19,XLF,-0.0109,0.033558514
2021-11-22,XLF,0.014095,0.06354804
2021-11-23,XLF,0.015668,0.035439596
2021-11-24,XLF,-0.002239,0.051815957
2021-11-25,XLF,0.0,0.12100463
2021-11-26,XLF,-0.033167,0.044805054
2021-11-29,XLF,0.003095,0.044778924
2021-11-30,XLF,-0.023914,0.0033943465
2021-12-01,XLF,-0.011064,0.08476441
2021-12-02,XLF,0.029835,0.013025398
2021-12-03,XLF,-0.016296,0.06370219
2021-12-06,XLF,0.015251,0.13100356
2021-12-07,XLF,0.017871,0.058209892
2021-12-08,XLF,-0.005343,0.06584438
2021-12-09,XLF,-0.002047,0.043374285
2021-12-10,XLF,0.001025,0.12726317
2021-12-13,XLF,-0.010755,0.037257377
2021-12-14,XLF,0.005954,0.005974408
2021-12-15,XLF,0.002831,0.073036104
2021-12-16,XLF,0.012574,0.09697918
2021-12-17,XLF,-0.022048,0.02453953
2021-12-20,XLF,-0.019321,0.04181131
2021-12-21,XLF,0.020712,0.002037994
2021-12-22,XLF,0.004683,0.07418473
2021-12-23,XLF,0.005179,0.06629014
2021-12-24,XLF,0.0,0.09152624
2021-12-27,XLF,0.010304,0.07032848
2021-12-28,XLF,0.00051,0.08563152
2021-12-29,XLF,-0.001274,-0.002593809
2021-12-30,XLF,-0.001786,0.077469185
2021-12-31,XLF,-0.001789,-0.09934368
2021-01-01,XLB,0.0,0.05797761
2021-01-04,XLB,-0.009532,0.06462804
2021-01-05,XLB,0.022455,0.054365657
2021-01-06,XLB,0.040922,0.039674025
2021-01-07,XLB,0.00747,-0.042867012
2021-01-08,XLB,-0.004813,0.062000956
2021-01-11,XLB,0.0,0.05845325
2021-01-12,XLB,0.012678,0.04178742
2021-01-13,XLB,-0.010196,0.018774247
2021-01-14,XLB,-0.00339,0.03486387
2021-01-15,XLB,-0.014261,0.022289025
2021-01-18,XLB,0.0,0.06159317
2021-01-19,XLB,0.003451,0.0489542
2021-01-20,XLB,0.003307,0.05698528
2021-01-21,XLB,-0.014634,0.08055131
2021-01-22,XLB,-0.004817,0.020229263
2021-01-25,XLB,-0.005243,0.017912144
2021-01-26,XLB,-0.013786,0.01772434
2021-01-27,XLB,-0.029464,0.06796519
2021-01-28,XLB,0.017227,0.04604976
2021-01-29,XLB,-0.019434,0.026575904
2021-02-01,XLB,0.01175,0.02547608
2021-02-02,XLB,0.013152,0.03811571
2021-02-03,XLB,0.001933,0.050774835
2021-02-04,XLB,-0.003584,0.017260907
2021-02-05,XLB,0.017153,-0.0006438673
2021-02-08,XLB,0.008296,-4.2667116e-06
2021-02-09,XLB,-0.007418,0.0028258434
2021-02-10,XLB,-0.001087,0.019983267
2021-02-11,XLB,0.000952,0.06274488
2021-02-12,XLB,0.010329,2.2419874e-05
2021-02-15,XLB,0.0,0.00143457
2021-02-16,XLB,-0.001883,-3.0251106e-06
2021-02-17,XLB,-0.000539,-1.3029453e-06
2021-02-18,XLB,-0.006203,0.051159464
2021-02-19,XLB,0.018318,0.03477021
2021-02-22,XLB,0.003864,0.0411592
2021-02-23,XLB,0.003451,0.011711254
2021-02-24,XLB,0.00873,0.04140346
2021-02-25,XLB,-0.023079,0.020172063
2021-02-26,XLB,-0.012752,0.045702446
2021-03-01,XLB,0.025289,0.06576635
2021-03-02,XLB,0.00557,-0.008590165
2021-03-03,XLB,-0.009891,-2.8165102e-06
2021-03-04,XLB,-0.019446,0.033430476
2021-03-05,XLB,0.022956,0.0024552043
2021-03-08,XLB,0.013411,0.0527402
2021-03-09,XLB,0.006158,0.013052758
2021-03-10,XLB,0.016539,0.004171035
2021-03-11,XLB,0.005381,-0.01839751
2021-03-12,XLB,0.002676,-0.008839916
2021-03-15,XLB,0.001144,0.004355441
2021-03-16,XLB,-0.008251,0.04441759
2021-03-17,XLB,0.008959,0.016007025
2021-03-18,XLB,-0.005582,0.0061584893
2021-03-19,XLB,-0.004975,0.0011725571
2021-03-22,XLB,0.000609,-0.003519797
2021-03-23,XLB,-0.020844,0.013598116
2021-03-24,XLB,0.007227,0.047767837
2021-03-25,XLB,0.014481,-0.019733515
2021-03-26,XLB,0.02482,0.005512669
2021-03-29,XLB,-0.003388,0.017823305
2021-03-30,XLB,-0.002896,-0.018458549
2021-03-31,XLB,-0.004925,0.009177992
2021-04-01,XLB,0.008756,0.035069507
2021-04-02,XLB,0.0,-0.025193749
2021-04-05,XLB,0.012329,0.009215339
2021-04-06,XLB,0.002237,0.0023540908
2021-04-07,XLB,-0.017235,-0.0048419926
2021-04-08,XLB,0.001262,0.05694979
2021-04-09,XLB,0.008695,-0.0043533756
2021-04-12,XLB,0.003498,-0.039277352
2021-04-13,XLB,-0.002365,-0.0037214428
2021-04-14,XLB,0.007237,-0.002763938
2021-04-15,XLB,0.011769,0.035726715
2021-04-16,XLB,0.012122,0.0137449205
2021-04-19,XLB,-0.004597,0.008640068
2021-04-20,XLB,-0.009601,0.061114304
2021-04-21,XLB,0.018162,-0.043108743
2021-04-22,XLB,-0.016874,-0.006199622
2021-04-23,XLB,0.016428,0.013040419
2021-04-26,XLB,0.00591,-0.023222312
2021-04-27,XLB,-0.002638,0.025901753
2021-04-28,XLB,0.002765,-0.04850826
2021-04-29,XLB,0.006234,0.06306844
2021-04-30,XLB,-0.010604,0.011697367
2021-05-03,XLB,0.014933,-0.051789504
2021-05-04,XLB,0.010916,-0.011749722
2021-05-05,XLB,0.012676,-0.029565988
2021-05-06,XLB,0.008461,-0.020826193
2021-05-07,XLB,0.009884,0.002085846
2021-05-10,XLB,-0.004438,-0.012208786
2021-05-11,XLB,0.003315,-0.0118159065
2021-05-12,XLB,-0.025179,0.03425052
2021-05-13,XLB,0.015311,-0.0153222
2021-05-14,XLB,0.011972,0.022646895
2021-05-17,XLB,0.008759,-0.038026325
2021-05-18,XLB,-0.011051,-0.0054709446
2021-05-19,XLB,-0.015279,-0.0106952
2021-05-20,XLB,0.000579,0.0041217497
2021-05-21,XLB,0.002199,-0.0052122585
2021-05-24,XLB,0.008892,0.05211741
2021-05-25,XLB,-0.00847,-0.050203428
2021-05-26,XLB,0.000346,-0.025754048
2021-05-27,XLB,0.007962,-0.015814943
2021-05-28,XLB,-0.00103,-0.0038720893
2021-05-31,XLB,0.0,0.03816493
2021-06-01,XLB,0.013981,-0.044318013
2021-06-02,XLB,-0.008364,-0.009821107
2021-06-03,XLB,-0.000228,0.007090107
2021-06-04,XLB,0.002166,-0.031449795
2021-06-07,XLB,-0.012172,-0.0092473915
2021-06-08,XLB,0.001843,-0.03533796
2021-06-09,XLB,-0.007816,-0.033523373
2021-06-10,XLB,-0.006024,-0.040157262
2021-06-11,XLB,0.00373,0.018713627
2021-06-14,XLB,-0.012308,0.006470265
2021-06-15,XLB,-0.002116,-0.021605441
2021-06-16,XLB,-0.011074,-0.02257335
2021-06-17,XLB,-0.022278,0.0058285217
2021-06-18,XLB,-0.016206,-0.030617196
2021-06-21,XLB,0.020666,-0.031573262
2021-06-22,XLB,0.004021,-0.035939
2021-06-23,XLB,-0.006433,-0.048426878
2021-06-24,XLB,0.003176,-0.027068352
2021-06-25,XLB,0.000122,-0.011005077
2021-06-28,XLB,0.0,0.028575642
2021-06-29,XLB,-0.000487,-0.021168899
2021-06-30,XLB,0.00268,-0.018367875
2021-07-01,XLB,0.005467,-0.014959059
2021-07-02,XLB,0.00145,-0.012467564
2021-07-05,XLB,0.0,-0.032381237
2021-07-06,XLB,-0.014841,-0.042141393
2021-07-07,XLB,0.01041,-0.05410712
2021-07-08,XLB,-0.013576,-0.016641736
2021-07-09,XLB,0.019661,-0.08592151
2021-07-12,XLB,0.003254,-0.025331968
2021-07-13,XLB,-0.009129,-0.031794127
2021-07-14,XLB,-0.002061,-0.002455495
2021-07-15,XLB,0.000122,-0.045976404
2021-07-16,XLB,-0.015061,-0.016677583
2021-07-19,XLB,-0.021458,-0.05682284
2021-07-20,XLB,0.011342,-0.03611989
2021-07-21,XLB,0.010966,-0.041569
2021-07-22,XLB,0.00037,-0.035934087
2021-07-23,XLB,0.007023,-0.025832778
2021-07-26,XLB,0.008442,-0.025336897
2021-07-27,XLB,0.001335,0.005599229
2021-07-28,XLB,0.002908,0.019781101
2021-07-29,XLB,0.010994,0.028332343
2021-07-30,XLB,0.004063,-0.061530232
2021-08-02,XLB,-0.01214,-0.07931743
2021-08-03,XLB,0.010361,-0.020262137
2021-08-04,XLB,-0.00954,-0.010729163
2021-08-05,XLB,-0.001445,-0.052002624
2021-08-06,XLB,0.014468,-0.020010078
2021-08-09,XLB,-0.001188,0.011044253
2021-08-10,XLB,0.015112,-0.031819552
2021-08-11,XLB,0.014066,-0.053298317
2021-08-12,XLB,-0.001618,-0.0014208284
2021-08-13,XLB,0.000926,-0.0127828745
2021-08-16,XLB,-0.004974,-0.041274734
2021-08-17,XLB,-0.011509,-0.021486202
2021-08-18,XLB,-0.011643,-0.057013147
2021-08-19,XLB,-0.008924,-0.019034965
2021-08-20,XLB,0.005883,-0.009562386
2021-08-23,XLB,0.008594,-0.0071102004
2021-08-24,XLB,0.006272,-0.0070625483
2021-08-25,XLB,0.004587,-2.9247423e-05
2021-08-26,XLB,-0.006907,-0.04983211
2021-08-27,XLB,0.013203,-0.032892443
2021-08-30,XLB,-0.001047,-0.014268045
2021-08-31,XLB,-0.002912,-0.012045439
2021-09-01,XLB,-0.00257,0.010361024
2021-09-02,XLB,0.006441,-0.024295667
2021-09-03,XLB,-0.006633,-0.037029393
2021-09-06,XLB,0.0,-0.04614944
2021-09-07,XLB,-0.00656,-0.0375584
2021-09-08,XLB,-0.009551,-0.03177904
2021-09-09,XLB,0.000357,0.020534977
2021-09-10,XLB,-0.000238,-0.018304847
2021-09-13,XLB,-0.000238,-0.0071836947
2021-09-14,XLB,-0.010954,-0.029483238
2021-09-15,XLB,0.010593,-0.009485612
2021-09-16,XLB,-0.01084,-0.02729112
2021-09-17,XLB,-0.020592,-0.017352547
2021-09-20,XLB,-0.019136,0.012922413
2021-09-21,XLB,-0.002392,-0.0020701673
2021-09-22,XLB,0.01035,-0.040972166
2021-09-23,XLB,0.014241,-0.04653159
2021-09-24,XLB,-0.001478,-0.002514347
2021-09-27,XLB,0.007771,-0.015419584
2021-09-28,XLB,-0.012362,-0.0340112
2021-09-29,XLB,-0.00409,-0.014859745
2021-09-30,XLB,-0.015555,-0.064182885
2021-10-01,XLB,0.015927,-0.032662313
2021-10-04,XLB,-0.004355,-0.035201725
2021-10-05,XLB,0.008873,0.00970269
2021-10-06,XLB,-0.001858,-0.058875803
2021-10-07,XLB,0.01303,0.03913472
2021-10-08,XLB,-0.005513,-0.036696356
2021-10-11,XLB,0.000123,-0.019664759
2021-10-12,XLB,0.001355,-0.033216625
2021-10-13,XLB,0.007503,0.011446485
2021-10-14,XLB,0.024295,-0.017556902
2021-10-15,XLB,0.00298,-0.060222022
2021-10-18,XLB,-0.000713,-0.040587965
2021-10-19,XLB,0.005233,-0.01741403
2021-10-20,XLB,0.008044,-0.032276835
2021-10-21,XLB,-0.002582,0.006812418
2021-10-22,XLB,-0.001883,-0.05389203
2021-10-25,XLB,0.01002,-0.019842139
2021-10-26,XLB,0.002801,-0.020378709
2021-10-27,XLB,-0.014316,-0.008394871
2021-10-28,XLB,0.009918,-0.027568541
2021-10-29,XLB,-0.004794,-0.019661615
2021-11-01,XLB,0.00235,-0.01522097
2021-11-02,XLB,0.011369,-0.031620223
2021-11-03,XLB,0.01043,-0.0112590585
2021-11-04,XLB,-0.000573,-0.0031597884
2021-11-05,XLB,0.007804,0.018317971
2021-11-08,XLB,0.012526,-0.014156358
2021-11-09,XLB,0.004611,-0.02484054
2021-11-10,XLB,-0.006829,0.034717087
2021-11-11,XLB,0.008003,0.012648174
2021-11-12,XLB,0.007492,0.020590741
2021-11-15,XLB,-0.00455,0.052408945
2021-11-16,XLB,-0.002787,0.032092847
2021-11-17,XLB,-0.006597,0.009277972
2021-11-18,XLB,-0.004277,-0.04601993
2021-11-19,XLB,-0.001809,0.034656003
2021-11-22,XLB,0.001585,0.010870072
2021-11-23,XLB,0.001018,0.042299133
2021-11-24,XLB,-0.007115,0.015327842
2021-11-25,XLB,0.0,0.011425168
2021-11-26,XLB,-0.017177,-0.06312996
2021-11-29,XLB,0.00463,-0.0030252456
2021-11-30,XLB,-0.02477,0.008407165
2021-12-01,XLB,-0.010159,-0.016836312
2021-12-02,XLB,0.020408,-0.038098514
2021-12-03,XLB,-0.002222,0.030456824
2021-12-06,XLB,0.014652,0.00945963
2021-12-07,XLB,0.01525,-0.02707055
2021-12-08,XLB,0.00421,-0.032962542
2021-12-09,XLB,-0.005552,-0.025063679
2021-12-10,XLB,0.006153,-0.052133467
2021-12-13,XLB,-0.006002,0.039118636
2021-12-14,XLB,-0.001025,0.014083428
2021-12-15,XLB,0.002167,-0.012799077
2021-12-16,XLB,0.010242,0.056292165
2021-12-17,XLB,-0.012504,-0.00036956518
2021-12-20,XLB,-0.017777,0.031003248
2021-12-21,XLB,0.012608,-0.010894986
2021-12-22,XLB,0.007955,-0.010777749
2021-12-23,XLB,0.010065,0.019984195
2021-12-24,XLB,0.0,0.044037364
2021-12-27,XLB,0.015061,0.0059434227
2021-12-28,XLB,0.005801,-0.033349153
2021-12-29,XLB,0.004104,0.027340686
2021-12-30,XLB,-0.003535,0.018323472
2021-12-31,XLB,0.004434,0.017326621
2021-01-01,XLK,0.0,-0.009567414
2021-01-04,XLK,-0.016305,0.09232471
2021-01-05,XLK,0.006489,0.002064353
2021-01-06,XLK,-0.017245,0.12519903
2021-01-07,XLK,0.026954,0.07911684
2021-01-08,XLK,0.006465,-0.03474712
2021-01-11,XLK,-0.008259,-0.04320261
2021-01-12,XLK,-0.004781,0.075849414
2021-01-13,XLK,0.006354,0.06666301
2021-01-14,XLK,-0.008777,-0.00083281385
2021-01-15,XLK,-0.010253,0.0969004
2021-01-18,XLK,0.0,-0.03127493
2021-01-19,XLK,0.013028,0.042931236
2021-01-20,XLK,0.019833,0.034228843
2021-01-21,XLK,0.012914,0.04384491
2021-01-22,XLK,-0.003825,0.023124628
2021-01-25,XLK,0.008357,-0.066128485
2021-01-26,XLK,0.000672,0.018515052
2021-01-27,XLK,-0.018876,0.0048095696
2021-01-28,XLK,0.004106,0.04807515
2021-01-29,XLK,-0.023553,-0.023498371
2021-02-01,XLK,0.025052,0.007511354
2021-02-02,XLK,0.013544,-0.024675017
2021-02-03,XLK,-0.003434,0.048422534
2021-02-04,XLK,0.015956,-0.004313757
2021-02-05,XLK,-0.002212,0.02122062
2021-02-08,XLK,0.010494,0.071133725
2021-02-09,XLK,-0.00117,0.006083265
2021-02-10,XLK,-0.001464,0.039873432
2021-02-11,XLK,0.010999,0.060969427
2021-02-12,XLK,0.005149,0.057431303
2021-02-15,XLK,0.0,0.051680535
2021-02-16,XLK,-0.003247,0.079496175
2021-02-17,XLK,-0.008832,0.073605984
2021-02-18,XLK,-0.004893,0.042133465
2021-02-19,XLK,-0.001468,0.063707605
2021-02-22,XLK,-0.022051,0.022618277
2021-02-23,XLK,-0.002781,0.04008184
2021-02-24,XLK,0.0153,0.042396247
2021-02-25,XLK,-0.034964,0.013729454
2021-02-26,XLK,0.005308,0.05772356
2021-03-01,XLK,0.032214,0.05198059
2021-03-02,XLK,-0.015864,0.010096277
2021-03-03,XLK,-0.025158,0.25749588
2021-03-04,XLK,-0.022099,0.095968194
2021-03-05,XLK,0.018884,-0.0141711645
2021-03-08,XLK,-0.024195,-0.012489939
2021-03-09,XLK,0.034014,-0.0049667493
2021-03-10,XLK,-0.003997,0.034425214
2021-03-11,XLK,0.021375,0.04592254
2021-03-12,XLK,-0.007177,-0.06649116
2021-03-15,XLK,0.010654,-0.027812952
2021-03-16,XLK,0.00753,-0.049217574
2021-03-17,XLK,-0.000822,-0.029157639
2021-03-18,XLK,-0.027749,-0.11457783
2021-03-19,XLK,-0.003,0.06479438
2021-03-22,XLK,0.019623,0.032592062
2021-03-23,XLK,-0.006218,-0.06308461
2021-03-24,XLK,-0.012133,-0.023666184
2021-03-25,XLK,-0.000618,-0.07466347
2021-03-26,XLK,0.025429,-0.05367711
2021-03-29,XLK,-0.005201,-0.032901514
2021-03-30,XLK,-0.009471,0.08928835
2021-03-31,XLK,0.015911,0.06810499
2021-04-01,XLK,0.020104,-0.060486205
2021-04-02,XLK,0.0,0.057227366
2021-04-05,XLK,0.020667,-0.080192
2021-04-06,XLK,-0.004267,0.052046865
2021-04-07,XLK,0.005302,-0.06612193
2021-04-08,XLK,0.014449,0.058116872
2021-04-09,XLK,0.009614,0.0021865815
2021-04-12,XLK,-0.004797,-0.06707218
2021-04-13,XLK,0.009427,-0.04047807
2021-04-14,XLK,-0.010602,0.07454367
2021-04-15,XLK,0.017174,0.03714231
2021-04-16,XLK,-0.000209,-0.02611936
2021-04-19,XLK,-0.008304,-0.04079683
2021-04-20,XLK,-0.008866,0.04148084
2021-04-21,XLK,0.010082,0.061437517
2021-04-22,XLK,-0.011738,-0.06820551
2021-04-23,XLK,0.014936,0.05603616
2021-04-26,XLK,0.005116,0.01293835
2021-04-27,XLK,-0.00244,-0.0024297854
2021-04-28,XLK,-0.009296,-0.049782105
2021-04-29,XLK,-0.000847,0.048728682
2021-04-30,XLK,-0.013627,-0.0090731
2021-05-03,XLK,-0.002792,-0.024135977
2021-05-04,XLK,-0.017946,0.028650224
2021-05-05,XLK,-0.002412,0.0033537818
2021-05-06,XLK,0.010038,0.05680927
2021-05-07,XLK,0.00856,-0.017252285
2021-05-10,XLK,-0.025246,0.063325256
2021-05-11,XLK,-0.003025,-0.027797066
2021-05-12,XLK,-0.028125,0.05276198
2021-05-13,XLK,0.013251,0.017354285
2021-05-14,XLK,0.022022,0.032428604
2021-05-17,XLK,-0.007354,0.07254281
2021-05-18,XLK,-0.008001,-0.02690133
2021-05-19,XLK,0.00351,-0.027289659
2021-05-20,XLK,0.019126,-0.026854515
2021-05-21,XLK,-0.005477,-0.04092327
2021-05-24,XLK,0.017769,0.020608332
2021-05-25,XLK,0.000289,0.022535892
2021-05-26,XLK,-7.2e-05,-0.0051474883
2021-05-27,XLK,-0.005265,-0.036022868
2021-05-28,XLK,0.003553,-0.059551258
2021-05-31,XLK,0.0,-0.034432556
2021-06-01,XLK,-0.004913,0.06945575
2021-06-02,XLK,0.006898,0.05111095
2021-06-03,XLK,-0.009303,0.044227637
2021-06-04,XLK,0.019217,-0.075520344
2021-06-07,XLK,-0.000214,0.017191228
2021-06-08,XLK,7.1e-05,0.015106102
2021-06-09,XLK,0.000714,-0.072070226
2021-06-10,XLK,0.007352,0.031682488
2021-06-11,XLK,0.005952,-0.038346868
2021-06-14,XLK,0.010143,0.07261891
2021-06-15,XLK,-0.006136,-0.06923708
2021-06-16,XLK,-0.005402,0.0010396575
2021-06-17,XLK,0.011569,0.025617633
2021-06-18,XLK,-0.009135,-0.030955976
2021-06-21,XLK,0.010694,0.040174857
2021-06-22,XLK,0.009069,-0.05461852
2021-06-23,XLK,-0.001106,-0.015234332
2021-06-24,XLK,0.006298,-0.054977927
2021-06-25,XLK,-0.001169,0.043035414
2021-06-28,XLK,0.010466,-0.033084873
2021-06-29,XLK,0.007291,-0.07235004
2021-06-30,XLK,-0.001082,0.049692012
2021-07-01,XLK,0.001693,-0.0031399943
2021-07-02,XLK,0.013184,0.078010105
2021-07-05,XLK,0.0,-0.042800874
2021-07-06,XLK,0.003803,-0.037720967
2021-07-07,XLK,0.005451,-0.007980991
2021-07-08,XLK,-0.009454,0.07084409
2021-07-09,XLK,0.009211,0.038897652
2021-07-12,XLK,0.000794,0.045027997
2021-07-13,XLK,0.004097,-0.030586438
2021-07-14,XLK,0.007371,0.0630156
2021-07-15,XLK,-0.008232,0.009609054
2021-07-16,XLK,-0.009881,-0.07006387
2021-07-19,XLK,-0.013773,0.043815993
2021-07-20,XLK,0.014842,-0.008117308
2021-07-21,XLK,0.009639,-0.035232466
2021-07-22,XLK,0.007374,-0.026057113
2021-07-23,XLK,0.009935,0.03225449
2021-07-26,XLK,-0.000518,0.057698585
2021-07-27,XLK,-0.009454,0.028495952
2021-07-28,XLK,-0.001242,0.027524197
2021-07-29,XLK,0.004647,-0.022951202
2021-07-30,XLK,-0.000652,-0.023245076
2021-08-02,XLK,-0.003585,0.1123735
2021-08-03,XLK,0.006411,0.07040831
2021-08-04,XLK,0.002015,0.06838136
2021-08-05,XLK,0.005515,-0.030966386
2021-08-06,XLK,-0.000839,-0.046041302
2021-08-09,XLK,-0.003229,0.06004995
2021-08-10,XLK,-0.007191,-0.04283668
2021-08-11,XLK,0.000131,0.029194914
2021-08-12,XLK,0.005741,-0.0343721
2021-08-13,XLK,0.005449,0.07308652
2021-08-16,XLK,0.004516,-0.06989148
2021-08-17,XLK,-0.008286,0.06716716
2021-08-18,XLK,-0.013795,-0.024697829
2021-08-19,XLK,0.009785,-0.06940936
2021-08-20,XLK,0.012877,0.07463102
2021-08-23,XLK,0.012906,-0.031891648
2021-08-24,XLK,-0.001141,0.06946776
2021-08-25,XLK,-0.000571,0.0063389447
2021-08-26,XLK,-0.006286,-0.012277484
2021-08-27,XLK,0.009649,-0.053024635
2021-08-30,XLK,0.010759,-0.043543916
2021-08-31,XLK,-0.00526,-0.020219302
2021-09-01,XLK,0.000252,0.058111615
2021-09-02,XLK,-0.00107,-0.064686574
2021-09-03,XLK,0.003969,0.025536941
2021-09-06,XLK,0.0,0.011243329
2021-09-07,XLK,0.000251,0.05838114
2021-09-08,XLK,-0.003827,-0.021278063
2021-09-09,XLK,-0.003779,0.04034948
2021-09-10,XLK,-0.009862,0.042886004
2021-09-13,XLK,0.000319,0.02548098
2021-09-14,XLK,-0.001276,0.070489086
2021-09-15,XLK,0.008755,0.066510074
2021-09-16,XLK,0.00057,0.08460242
2021-09-17,XLK,-0.015576,-0.02756973
2021-09-20,XLK,-0.018183,0.025255758
2021-09-21,XLK,0.000394,0.0096777035
2021-09-22,XLK,0.01371,0.063091464
2021-09-23,XLK,0.013396,-0.009534307
2021-09-24,XLK,0.000702,-0.046672672
2021-09-27,XLK,-0.009699,0.08719921
2021-09-28,XLK,-0.029641,0.037207276
2021-09-29,XLK,-0.001262,-0.05366158
2021-09-30,XLK,-0.007181,0.023224263
2021-10-01,XLK,0.015068,0.040625278
2021-10-04,XLK,-0.023158,-0.043136276
2021-10-05,XLK,0.014251,-0.021890435
2021-10-06,XLK,0.006526,0.045117274
2021-10-07,XLK,0.00913,-0.032862674
2021-10-08,XLK,-0.003737,0.06200795
2021-10-11,XLK,-0.005528,0.06344191
2021-10-12,XLK,-0.005161,0.031121558
2021-10-13,XLK,0.006119,0.0840801
2021-10-14,XLK,0.022544,0.073979
2021-10-15,XLK,0.008017,0.019905282
2021-10-18,XLK,0.008466,0.051372595
2021-10-19,XLK,0.009922,-0.06671071
2021-10-20,XLK,-0.002771,-0.0035792526
2021-10-21,XLK,0.003852,-0.025186233
2021-10-22,XLK,-0.00346,0.06567572
2021-10-25,XLK,0.003283,-0.07516531
2021-10-26,XLK,0.002832,0.05720989
2021-10-27,XLK,-0.000878,0.092390835
2021-10-28,XLK,0.010048,0.06643384
2021-10-29,XLK,0.00429,0.09937031
2021-11-01,XLK,-0.001486,0.07331793
2021-11-02,XLK,0.008804,-0.046486177
2021-11-03,XLK,0.005839,-0.004585075
2021-11-04,XLK,0.015642,0.049761254
2021-11-05,XLK,0.005174,0.053030785
2021-11-08,XLK,0.005387,0.018457223
2021-11-09,XLK,-0.004108,0.08618592
2021-11-10,XLK,-0.016498,0.038738977
2021-11-11,XLK,0.00468,0.09510916
2021-11-12,XLK,0.01216,0.056659296
2021-11-15,XLK,-0.001016,0.06988498
2021-11-16,XLK,0.01053,0.029116381
2021-11-17,XLK,-0.00302,0.0070709786
2021-11-18,XLK,0.009977,0.050129857
2021-11-19,XLK,0.007291,0.06784572
2021-11-22,XLK,-0.011149,0.027702387
2021-11-23,XLK,-0.002302,0.040719826
2021-11-24,XLK,0.007278,0.003654875
2021-11-25,XLK,0.0,0.103967585
2021-11-26,XLK,-0.024965,0.010540686
2021-11-29,XLK,0.025001,0.07056324
2021-11-30,XLK,-0.008346,0.09917934
2021-12-01,XLK,-0.013691,0.09665197
2021-12-02,XLK,0.009194,0.017001022
2021-12-03,XLK,-0.016732,0.025410887
2021-12-06,XLK,0.009508,0.021631872
2021-12-07,XLK,0.034913,0.034192428
2021-12-08,XLK,0.004579,0.032347884
2021-12-09,XLK,-0.01079,-0.028747523
2021-12-10,XLK,0.020065,0.082465485
2021-12-13,XLK,-0.014867,0.058920596
2021-12-14,XLK,-0.016427,0.15398188
2021-12-15,XLK,0.026498,0.103353806
2021-12-16,XLK,-0.028343,0.07327385
2021-12-17,XLK,-0.006686,0.069106825
2021-12-20,XLK,-0.011874,0.08251919
2021-12-21,XLK,0.025306,-0.071432956
2021-12-22,XLK,0.013077,0.090450995
2021-12-23,XLK,0.005582,0.085175194
2021-12-24,XLK,0.0,0.05443755
2021-12-27,XLK,0.021452,0.10134159
2021-12-28,XLK,-0.005208,0.068366334
2021-12-29,XLK,0.000854,0.06686899
2021-12-30,XLK,-0.006595,0.059507765
2021-12-31,XLK,-0.004865,0.04760172
2021-01-01,XLV,0.0,-0.0020461155
2021-01-04,XLV,-0.00432,0.04265203
2021-01-05,XLV,0.00726,0.017285468
2021-01-06,XLV,0.013712,0.033080228
2021-01-07,XLV,0.013006,0.0068117236
2021-01-08,XLV,0.004793,0.03318947
2021-01-11,XLV,0.004685,-0.013063605
2021-01-12,XLV,-0.010853,0.051919043
2021-01-13,XLV,0.002743,0.030745894
2021-01-14,XLV,-0.003163,0.009910437
2021-01-15,XLV,0.003087,0.044243276
2021-01-18,XLV,0.0,0.032213844
2021-01-19,XLV,0.007523,0.05728438
2021-01-20,XLV,0.005515,0.03967482
2021-01-21,XLV,-0.004726,0.05871152
2021-01-22,XLV,-0.002968,0.025198754
2021-01-25,XLV,0.006548,-0.008072279
2021-01-26,XLV,-0.003717,0.03073245
2021-01-27,XLV,-0.03036,0.06853857
2021-01-28,XLV,0.014606,0.046889514
2021-01-29,XLV,-0.008448,0.057467125
2021-02-01,XLV,0.003825,0.026228908
2021-02-02,XLV,0.002858,0.033867694
2021-02-03,XLV,-0.007081,0.031264506
2021-02-04,XLV,0.004175,0.03533895
2021-02-05,XLV,0.001819,0.09276872
2021-02-08,XLV,0.00121,0.022904517
2021-02-09,XLV,0.001468,0.059986074
2021-02-10,XLV,0.001811,0.056688834
2021-02-11,XLV,0.001893,0.042373803
2021-02-12,XLV,0.007474,0.04585546
2021-02-15,XLV,0.0,0.05902305
2021-02-16,XLV,-0.009891,2.3096737e-07
2021-02-17,XLV,0.003617,0.022353774
2021-02-18,XLV,-0.006264,0.040184323
2021-02-19,XLV,-0.012089,0.04154471
2021-02-22,XLV,-0.00236,-0.00534213
2021-02-23,XLV,-0.001665,0.053542707
2021-02-24,XLV,0.006933,0.010078622
2021-02-25,XLV,-0.010023,-0.0018662886
2021-02-26,XLV,-0.008627,0.024469413
2021-03-01,XLV,0.013054,0.03838872
2021-03-02,XLV,-0.002893,-0.011143988
2021-03-03,XLV,-0.012659,2.985542e-05
2021-03-04,XLV,-0.013445,0.068367206
2021-03-05,XLV,0.020036,-0.013109932
2021-03-08,XLV,-0.002477,0.05822283
2021-03-09,XLV,0.005854,0.00412841
2021-03-10,XLV,0.002293,0.0068445285
2021-03-11,XLV,0.006071,0.001235497
2021-03-12,XLV,0.002186,-0.029427646
2021-03-15,XLV,0.006894,-0.014808593
2021-03-16,XLV,-0.000607,-0.028721502
2021-03-17,XLV,-0.003642,0.007737711
2021-03-18,XLV,-0.002089,-0.05045302
2021-03-19,XLV,0.003576,0.04249616
2021-03-22,XLV,0.008668,-0.010477561
2021-03-23,XLV,-0.010115,-0.0241514
2021-03-24,XLV,-0.001135,-0.058694262
2021-03-25,XLV,0.004197,-0.058963776
2021-03-26,XLV,0.018894,-0.02444226
2021-03-29,XLV,0.0047,0.008636451
2021-03-30,XLV,-0.009016,0.027412068
2021-03-31,XLV,0.001974,0.024485206
2021-04-01,XLV,-0.002998,-0.0026318775
2021-04-02,XLV,0.0,-0.0025914644
2021-04-05,XLV,0.006959,-0.025696212
2021-04-06,XLV,-0.00384,0.0035922888
2021-04-07,XLV,-0.002227,-0.04249073
2021-04-08,XLV,0.001545,-0.046451345
2021-04-09,XLV,0.010971,-0.008317289
2021-04-12,XLV,0.001017,-0.038005058
2021-04-13,XLV,0.00415,-0.047861192
2021-04-14,XLV,-8.4e-05,-0.025923079
2021-04-15,XLV,0.017124,0.01919176
2021-04-16,XLV,0.007464,-0.058690835
2021-04-19,XLV,0.000247,0.05320489
2021-04-20,XLV,0.003868,-0.061351113
2021-04-21,XLV,0.011805,-0.0041805133
2021-04-22,XLV,-0.004456,-0.03582762
2021-04-23,XLV,0.006592,0.04158263
2021-04-26,XLV,-0.003396,-0.057472747
2021-04-27,XLV,-0.00576,0.025174348
2021-04-28,XLV,-0.003019,-0.011682991
2021-04-29,XLV,-0.00401,-0.108689114
2021-04-30,XLV,-0.002958,-0.008972001
2021-05-03,XLV,0.011374,-0.042748153
2021-05-04,XLV,0.001059,0.012844324
2021-05-05,XLV,0.001791,-0.01988683
2021-05-06,XLV,0.0013,-0.018131472
2021-05-07,XLV,0.006898,-0.03978762
2021-05-10,XLV,0.00129,0.01735084
2021-05-11,XLV,-0.010786,-0.0368554
2021-05-12,XLV,-0.009439,-0.012527723
2021-05-13,XLV,0.009036,0.013008841
2021-05-14,XLV,0.005048,0.013217983
2021-05-17,XLV,-0.001863,0.013436968
2021-05-18,XLV,0.000325,-0.0816068
2021-05-19,XLV,-0.001704,-0.064395376
2021-05-20,XLV,0.010483,-0.068087935
2021-05-21,XLV,0.000161,-0.023007035
2021-05-24,XLV,0.000965,-0.009218161
2021-05-25,XLV,-0.002972,0.0054151416
2021-05-26,XLV,-0.005801,-0.018497802
2021-05-27,XLV,-0.002188,-0.024019158
2021-05-28,XLV,0.003899,-0.018970888
2021-05-31,XLV,0.0,-0.02315173
2021-06-01,XLV,-0.016424,0.03578725
2021-06-02,XLV,-0.001974,-0.047585517
2021-06-03,XLV,0.003049,-0.035724625
2021-06-04,XLV,0.003205,-0.028061815
2021-06-07,XLV,0.003604,-0.07360437
2021-06-08,XLV,-0.003101,0.019584434
2021-06-09,XLV,0.00966,-0.044672973
2021-06-10,XLV,0.017109,-0.027775105
2021-06-11,XLV,-0.007095,-0.034608837
2021-06-14,XLV,0.000883,0.022959623
2021-06-15,XLV,0.000321,-0.0423561
2021-06-16,XLV,-0.003849,-0.044749536
2021-06-17,XLV,0.007648,-0.013407619
2021-06-18,XLV,-0.011424,-0.028844181
2021-06-21,XLV,0.011967,0.0007606125
2021-06-22,XLV,0.002165,-0.03474996
2021-06-23,XLV,-0.00416,-0.05705656
2021-06-24,XLV,0.005141,-0.037893686
2021-06-25,XLV,0.004555,0.01662962
2021-06-28,XLV,0.001512,0.07254866
2021-06-29,XLV,0.001112,-0.0055797906
2021-06-30,XLV,-0.000635,0.021585003
2021-07-01,XLV,0.008892,0.007487513
2021-07-02,XLV,0.009601,0.028876137
2021-07-05,XLV,0.0,-0.019847032
2021-07-06,XLV,-0.000935,-0.014263872
2021-07-07,XLV,0.00632,-0.012219441
2021-07-08,XLV,-0.005505,0.033725884
2021-07-09,XLV,0.00343,-0.0046896916
2021-07-12,XLV,0.001942,0.008290956
2021-07-13,XLV,-0.000931,-0.04415671
2021-07-14,XLV,-0.000931,0.051288076
2021-07-15,XLV,-0.003496,0.003607709
2021-07-16,XLV,0.002729,-0.026150288
2021-07-19,XLV,-0.010496,-0.01892204
2021-07-20,XLV,0.012179,-0.011507914
2021-07-21,XLV,0.00163,0.026483335
2021-07-22,XLV,0.007363,0.014225344
2021-07-23,XLV,0.01154,0.018402161
2021-07-26,XLV,-0.006465,0.025858108
2021-07-27,XLV,0.00467,-0.024213696
2021-07-28,XLV,0.003581,-0.059252918
2021-07-29,XLV,0.00243,-0.03875275
2021-07-30,XLV,0.000909,0.0727067
2021-08-02,XLV,0.001362,0.032077227
2021-08-03,XLV,0.013905,0.048311677
2021-08-04,XLV,-0.004248,0.057020057
2021-08-05,XLV,-0.004117,0.011777511
2021-08-06,XLV,-0.000827,0.022884151
2021-08-09,XLV,0.003836,0.024190955
2021-08-10,XLV,-0.002323,0.040282924
2021-08-11,XLV,-0.009914,0.01128065
2021-08-12,XLV,0.007889,-0.032270484
2021-08-13,XLV,0.006247,-0.004680851
2021-08-16,XLV,0.01137,-0.014842112
2021-08-17,XLV,0.011833,0.019058637
2021-08-18,XLV,-0.015204,-0.024299141
2021-08-19,XLV,0.004528,-0.024810642
2021-08-20,XLV,0.005689,0.06003885
2021-08-23,XLV,0.000367,0.012423509
2021-08-24,XLV,-0.003525,-0.0064099934
2021-08-25,XLV,-0.002727,0.024908513
2021-08-26,XLV,-0.003917,0.044016812
2021-08-27,XLV,-0.001113,0.0109904995
2021-08-30,XLV,0.005645,0.049669806
2021-08-31,XLV,-0.001329,0.027303377
2021-09-01,XLV,0.000296,0.03374306
2021-09-02,XLV,0.010721,-0.021628907
2021-09-03,XLV,0.001097,-0.023714583
2021-09-06,XLV,0.0,-0.020086411
2021-09-07,XLV,-0.005846,0.016983971
2021-09-08,XLV,-0.000441,0.035061825
2021-09-09,XLV,-0.011545,0.0395288
2021-09-10,XLV,-0.00915,0.04015905
2021-09-13,XLV,-0.006157,0.032407887
2021-09-14,XLV,-0.000151,0.0477723
2021-09-15,XLV,0.006498,0.040690273
2021-09-16,XLV,-0.002552,0.062206015
2021-09-17,XLV,0.000978,0.011814438
2021-09-20,XLV,-0.010402,0.030611586
2021-09-21,XLV,0.001525,0.022918861
2021-09-22,XLV,0.001675,0.057848074
2021-09-23,XLV,0.00722,0.030317737
2021-09-24,XLV,-0.004075,-0.013543073
2021-09-27,XLV,-0.014245,0.049894016
2021-09-28,XLV,-0.017141,0.039463673
2021-09-29,XLV,0.007899,0.004118436
2021-09-30,XLV,-0.012259,0.022138473
2021-10-01,XLV,0.000236,0.034016874
2021-10-04,XLV,-0.015236,-0.029052587
2021-10-05,XLV,0.005981,0.029163368
2021-10-06,XLV,-0.001823,-0.022981174
2021-10-07,XLV,0.013263,0.008416644
2021-10-08,XLV,-0.005016,0.03666597
2021-10-11,XLV,-0.007799,0.06388588
2021-10-12,XLV,-0.004843,0.04746047
2021-10-13,XLV,0.001596,0.055760887
2021-10-14,XLV,0.014338,0.02281649
2021-10-15,XLV,0.004947,0.027605908
2021-10-18,XLV,-0.006798,0.037311956
2021-10-19,XLV,0.013139,-0.0025732825
2021-10-20,XLV,0.014289,0.02286613
2021-10-21,XLV,0.004058,0.033164687
2021-10-22,XLV,0.004041,0.016407827
2021-10-25,XLV,0.001215,-0.010539601
2021-10-26,XLV,0.004931,0.036111537
2021-10-27,XLV,-0.007926,0.048531234
2021-10-28,XLV,0.00837,0.048092682
2021-10-29,XLV,0.009734,0.08467058
2021-11-01,XLV,-0.001196,0.04761219
2021-11-02,XLV,0.006285,0.008632598
2021-11-03,XLV,0.005874,0.0050707557
2021-11-04,XLV,-0.006874,0.060940325
2021-11-05,XLV,-0.011164,0.07325999
2021-11-08,XLV,0.005946,0.057860427
2021-11-09,XLV,-0.003666,0.059208088
2021-11-10,XLV,0.002854,0.037597723
2021-11-11,XLV,-0.00292,0.030249458
2021-11-12,XLV,0.004957,0.058242127
2021-11-15,XLV,-0.006203,0.013833707
2021-11-16,XLV,0.004211,0.04649073
2021-11-17,XLV,0.001423,0.012016121
2021-11-18,XLV,0.000374,0.030056871
2021-11-19,XLV,-0.006055,0.033303183
2021-11-22,XLV,-0.004512,0.00436715
2021-11-23,XLV,0.001058,-0.028909981
2021-11-24,XLV,-0.000377,0.0025571738
2021-11-25,XLV,0.0,0.07688027
2021-11-26,XLV,-0.003699,0.05425806
2021-11-29,XLV,0.002728,0.038799413
2021-11-30,XLV,-0.019648,0.03294036
2021-12-01,XLV,-0.001773,0.05629664
2021-12-02,XLV,0.004865,0.0717809
2021-12-03,XLV,0.001844,0.04783355
2021-12-06,XLV,0.005676,0.03739721
2021-12-07,XLV,0.01289,0.015340132
2021-12-08,XLV,0.00753,0.034298908
2021-12-09,XLV,0.002317,0.038299274
2021-12-10,XLV,0.003505,0.04939604
2021-12-13,XLV,0.009437,-0.017086264
2021-12-14,XLV,-0.004049,-0.01029179
2021-12-15,XLV,0.020473,0.01022227
2021-12-16,XLV,0.005939,0.044745885
2021-12-17,XLV,-0.006984,0.036547065
2021-12-20,XLV,-0.006036,0.050698493
2021-12-21,XLV,0.004174,-0.011581373
2021-12-22,XLV,0.011668,0.043458503
2021-12-23,XLV,0.004109,0.0684388
2021-12-24,XLV,0.0,0.0527474
2021-12-27,XLV,0.010553,0.013120124
2021-12-28,XLV,-0.002628,0.035437804
2021-12-29,XLV,0.005698,-0.009560942
2021-12-30,XLV,0.002054,0.04037031
2021-12-31,XLV,-0.004241,-0.034783386
2021-01-01,XLI,0.0,-0.07881817
2021-01-04,XLI,-0.024167,0.026229514
2021-01-05,XLI,0.009837,-0.056688994
2021-01-06,XLI,0.023837,-0.014459096
2021-01-07,XLI,0.005485,0.07406785
2021-01-08,XLI,-0.002449,-0.041831546
2021-01-11,XLI,-0.000335,-0.057318147
2021-01-12,XLI,0.009935,-0.02515905
2021-01-13,XLI,-0.008622,0.02900926
2021-01-14,XLI,0.003456,-0.019328741
2021-01-15,XLI,-0.013,0.038855266
2021-01-18,XLI,0.0,-0.06337028
2021-01-19,XLI,0.003265,-0.016878763
2021-01-20,XLI,0.006171,-0.040398255
2021-01-21,XLI,-0.007806,-0.017406883
2021-01-22,XLI,-0.00517,0.05492885
2021-01-25,XLI,-0.006779,-0.027463099
2021-01-26,XLI,-0.009214,0.034631394
2021-01-27,XLI,-0.019862,-0.11082951
2021-01-28,XLI,0.014876,-0.050290175
2021-01-29,XLI,-0.021584,-0.06526873
2021-02-01,XLI,0.010381,0.019959249
2021-02-02,XLI,0.021249,0.016191665
2021-02-03,XLI,0.000686,0.038723003
2021-02-04,XLI,0.010739,-0.014841783
2021-02-05,XLI,0.005878,0.007264373
2021-02-08,XLI,0.00854,-0.004924186
2021-02-09,XLI,0.002563,-0.11245241
2021-02-10,XLI,-0.001556,-0.022107987
2021-02-11,XLI,-0.002115,-0.0016192812
2021-02-12,XLI,0.00725,-0.012659379
2021-02-15,XLI,0.0,-0.0033015439
2021-02-16,XLI,-0.000997,-0.0015565781
2021-02-17,XLI,-0.002771,-0.061726544
2021-02-18,XLI,-0.005002,-0.03447544
2021-02-19,XLI,0.016423,-0.008131422
2021-02-22,XLI,0.003187,0.048019398
2021-02-23,XLI,0.003068,-0.06349403
2021-02-24,XLI,0.018897,0.01748498
2021-02-25,XLI,-0.018439,-0.011199518
2021-02-26,XLI,-0.010376,-0.028575584
2021-03-01,XLI,0.025604,-0.047202367
2021-03-02,XLI,-0.002905,0.035207123
2021-03-03,XLI,0.001079,7.974248e-06
2021-03-04,XLI,-0.015955,-0.043087885
2021-03-05,XLI,0.023663,-0.03540888
2021-03-08,XLI,0.010488,-0.046892878
2021-03-09,XLI,-0.00413,0.0015656645
2021-03-10,XLI,0.014783,0.060070045
2021-03-11,XLI,0.000734,0.007769631
2021-03-12,XLI,0.013405,0.020365328
2021-03-15,XLI,0.00837,0.016576497
2021-03-16,XLI,-0.014245,-0.03630436
2021-03-17,XLI,0.01154,-0.028165005
2021-03-18,XLI,-0.000925,-0.01778847
2021-03-19,XLI,-0.007612,0.014449345
2021-03-22,XLI,-0.000563,0.0127252275
2021-03-23,XLI,-0.017478,-0.011385094
2021-03-24,XLI,0.007306,0.022665372
2021-03-25,XLI,0.015978,-0.0017548806
2021-03-26,XLI,0.017279,0.026781686
2021-03-29,XLI,0.000203,0.067525856
2021-03-30,XLI,0.004373,0.049801074
2021-03-31,XLI,-0.00324,0.0172541
2021-04-01,XLI,0.003352,-0.055107556
2021-04-02,XLI,0.0,0.06064469
2021-04-05,XLI,0.012351,-0.050633933
2021-04-06,XLI,-0.0024,0.0389846
2021-04-07,XLI,-0.004611,0.03732695
2021-04-08,XLI,0.002417,0.0063695675
2021-04-09,XLI,0.009745,0.122534804
2021-04-12,XLI,0.003681,0.064862154
2021-04-13,XLI,-0.004857,0.035927862
2021-04-14,XLI,0.001295,0.0793637
2021-04-15,XLI,0.003979,-0.055229403
2021-04-16,XLI,0.00218,0.029385973
2021-04-19,XLI,-0.004153,-0.14008231
2021-04-20,XLI,-0.011021,-0.078979075
2021-04-21,XLI,0.013653,0.0951704
2021-04-22,XLI,-0.005051,-0.002002445
2021-04-23,XLI,0.01095,0.015768696
2021-04-26,XLI,-0.002954,0.022363901
2021-04-27,XLI,0.008295,-0.024592862
2021-04-28,XLI,-0.002057,0.07095159
2021-04-29,XLI,0.007066,0.050000537
2021-04-30,XLI,-0.006627,0.030991482
2021-05-03,XLI,0.010301,0.09436977
2021-05-04,XLI,0.00437,-0.0025408885
2021-05-05,XLI,0.000967,0.06645375
2021-05-06,XLI,0.006955,0.07710038
2021-05-07,XLI,0.010552,0.072223246
2021-05-10,XLI,0.000949,0.055840876
2021-05-11,XLI,-0.014794,0.06974801
2021-05-12,XLI,-0.023968,-0.043731097
2021-05-13,XLI,0.018738,0.0052344166
2021-05-14,XLI,0.013843,0.032750513
2021-05-17,XLI,-0.003055,0.06448456
2021-05-18,XLI,-0.014558,0.07544679
2021-05-19,XLI,-0.005637,0.055820793
2021-05-20,XLI,0.002248,0.0885109
2021-05-21,XLI,0.004876,0.02219058
2021-05-24,XLI,0.006211,-0.044216745
2021-05-25,XLI,-0.00299,0.1342213
2021-05-26,XLI,0.003192,0.05180879
2021-05-27,XLI,0.013693,0.057880804
2021-05-28,XLI,0.0,-0.0006215955
2021-05-31,XLI,0.0,-0.017767023
2021-06-01,XLI,0.0039,0.078145064
2021-06-02,XLI,-0.002843,0.08396939
2021-06-03,XLI,-0.002186,0.03702687
2021-06-04,XLI,0.003238,0.07082528
2021-06-07,XLI,-0.00693,0.031254984
2021-06-08,XLI,0.002581,0.04214424
2021-06-09,XLI,-0.010202,0.04121493
2021-06-10,XLI,-0.004913,0.07656418
2021-06-11,XLI,0.002033,-0.0030044005
2021-06-14,XLI,-0.004541,0.05806055
2021-06-15,XLI,0.00427,0.012912404
2021-06-16,XLI,-0.00947,0.091930434
2021-06-17,XLI,-0.015415,0.013539226
2021-06-18,XLI,-0.012981,0.05883516
2021-06-21,XLI,0.021929,0.058009703
2021-06-22,XLI,0.001084,0.06347491
2021-06-23,XLI,-0.002264,0.14504549
2021-06-24,XLI,0.007794,0.04179339
2021-06-25,XLI,0.001958,0.03901825
2021-06-28,XLI,-0.005276,-0.11552181
2021-06-29,XLI,-0.001964,-0.052811336
2021-06-30,XLI,0.007775,0.07401681
2021-07-01,XLI,0.007129,0.14168017
2021-07-02,XLI,0.001551,0.04558801
2021-07-05,XLI,0.0,0.052197568
2021-07-06,XLI,-0.009585,0.052217994
2021-07-07,XLI,0.009971,0.08317789
2021-07-08,XLI,-0.013937,0.025398828
2021-07-09,XLI,0.015803,0.07365683
2021-07-12,XLI,0.001353,0.065217875
2021-07-13,XLI,-0.00965,0.032149266
2021-07-14,XLI,-9.7e-05,-0.029605523
2021-07-15,XLI,0.001949,0.08005483
2021-07-16,XLI,-0.00885,-0.006002924
2021-07-19,XLI,-0.020901,0.09071296
2021-07-20,XLI,0.027962,0.06475289
2021-07-21,XLI,0.009554,0.051874775
2021-07-22,XLI,-0.00367,0.013079733
2021-07-23,XLI,0.004265,0.037138246
2021-07-26,XLI,-0.000483,0.06610137
2021-07-27,XLI,-0.005504,0.065760285
2021-07-28,XLI,-0.00233,0.026882485
2021-07-29,XLI,0.007883,0.05909888
2021-07-30,XLI,-0.001931,0.011626836
2021-08-02,XLI,-0.006869,0.052695196
2021-08-03,XLI,0.013054,0.0045482838
2021-08-04,XLI,-0.013559,-0.008321418
2021-08-05,XLI,0.004679,0.0634595
2021-08-06,XLI,0.004658,0.0214868
2021-08-09,XLI,-0.00396,-0.007780188
2021-08-10,XLI,0.010181,-0.02056378
2021-08-11,XLI,0.012958,0.04837189
2021-08-12,XLI,-0.001895,0.0057073217
2021-08-13,XLI,-0.003133,0.045615096
2021-08-16,XLI,0.003429,-0.009577294
2021-08-17,XLI,-0.01082,0.02419797
2021-08-18,XLI,-0.010938,0.04423426
2021-08-19,XLI,-0.006985,0.010478941
2021-08-20,XLI,0.002638,-0.011465938
2021-08-23,XLI,0.008185,-0.002794379
2021-08-24,XLI,0.005026,0.046625786
2021-08-25,XLI,0.006443,0.0033556842
2021-08-26,XLI,-0.004395,0.08302416
2021-08-27,XLI,0.00691,0.020342665
2021-08-30,XLI,-0.001144,-0.018061815
2021-08-31,XLI,-0.002767,0.02519793
2021-09-01,XLI,-0.003827,0.021248616
2021-09-02,XLI,0.010758,-0.012921894
2021-09-03,XLI,-0.006082,0.05375524
2021-09-06,XLI,0.0,0.04718123
2021-09-07,XLI,-0.017306,0.077638164
2021-09-08,XLI,0.001362,0.0019955256
2021-09-09,XLI,-0.004858,-0.060695913
2021-09-10,XLI,-0.004491,-0.051512986
2021-09-13,XLI,0.002648,-0.015343151
2021-09-14,XLI,-0.012032,0.011242315
2021-09-15,XLI,0.01099,0.023231903
2021-09-16,XLI,-0.006855,-0.069661915
2021-09-17,XLI,-0.01065,-0.031590696
2021-09-20,XLI,-0.011431,-0.054126494
2021-09-21,XLI,-0.00526,-0.029597176
2021-09-22,XLI,0.007932,0.034737963
2021-09-23,XLI,0.015335,0.0009405567
2021-09-24,XLI,0.002087,-0.014867805
2021-09-27,XLI,0.000992,-0.04225167
2021-09-28,XLI,-0.01159,0.019841399
2021-09-29,XLI,0.001102,0.0070116394
2021-09-30,XLI,-0.020523,0.006127968
2021-10-01,XLI,0.013696,-0.056302518
2021-10-04,XLI,-0.005445,-0.010535767
2021-10-05,XLI,0.011152,-0.10975119
2021-10-06,XLI,0.004411,-0.023368431
2021-10-07,XLI,0.007786,-0.13117784
2021-10-08,XLI,-9.9e-05,0.013379742
2021-10-11,XLI,-0.008024,-0.07289751
2021-10-12,XLI,-0.003295,-0.07126515
2021-10-13,XLI,0.002104,-0.037488565
2021-10-14,XLI,0.018896,-0.02125178
2021-10-15,XLI,0.009616,-0.060646474
2021-10-18,XLI,0.00068,0.070112586
2021-10-19,XLI,0.005925,-0.071864456
2021-10-20,XLI,0.006276,0.027450068
2021-10-21,XLI,0.002015,-0.053466763
2021-10-22,XLI,0.003543,-0.041083578
2021-10-25,XLI,0.00229,-0.013362607
2021-10-26,XLI,-0.006188,-0.016715853
2021-10-27,XLI,-0.011687,-0.07133773
2021-10-28,XLI,0.012504,-0.058582433
2021-10-29,XLI,0.000287,-0.057685602
2021-11-01,XLI,0.002775,-0.01774898
2021-11-02,XLI,0.00334,-0.052158717
2021-11-03,XLI,-0.002188,-0.019307584
2021-11-04,XLI,0.004004,-0.0426661
2021-11-05,XLI,0.01016,-0.0701768
2021-11-08,XLI,0.004136,-0.034976136
2021-11-09,XLI,0.002527,0.030238025
2021-11-10,XLI,-0.005602,-0.11921012
2021-11-11,XLI,-0.004131,-0.06602387
2021-11-12,XLI,0.00792,-0.09432537
2021-11-15,XLI,0.001871,-0.09474984
2021-11-16,XLI,0.000187,-0.06430479
2021-11-17,XLI,-0.005975,-0.081144355
2021-11-18,XLI,-0.002066,0.011001565
2021-11-19,XLI,-0.004988,0.010385572
2021-11-22,XLI,0.002743,-0.058175664
2021-11-23,XLI,0.001698,-0.06560114
2021-11-24,XLI,-0.00113,-0.054159954
2021-11-25,XLI,0.0,-0.07277385
2021-11-26,XLI,-0.027055,0.006326777
2021-11-29,XLI,0.001744,-0.039437983
2021-11-30,XLI,-0.025341,0.07074252
2021-12-01,XLI,-0.013893,-0.025312943
2021-12-02,XLI,0.029687,0.054401845
2021-12-03,XLI,-0.001173,-0.09429489
2021-12-06,XLI,0.016928,-0.12951563
2021-12-07,XLI,0.010199,-0.08118258
2021-12-08,XLI,0.002476,-0.03875584
2021-12-09,XLI,-0.003135,-0.04651773
2021-12-10,XLI,0.004098,-0.06578238
2021-12-13,XLI,-0.010346,-0.08140097
2021-12-14,XLI,-0.009496,0.0009908248
2021-12-15,XLI,0.008715,-0.08104016
2021-12-16,XLI,0.00048,-0.1054785
2021-12-17,XLI,-0.017079,-0.028108142
2021-12-20,XLI,-0.015961,-0.036208354
2021-12-21,XLI,0.019916,-0.046979465
2021-12-22,XLI,0.002831,-0.03800842
2021-12-23,XLI,0.011781,-0.052751675
2021-12-24,XLI,0.0,-0.07020783
2021-12-27,XLI,0.010585,-0.07203484
2021-12-28,XLI,0.005047,-0.04432476
2021-12-29,XLI,0.0018,-0.062039994
2021-12-30,XLI,-0.003594,-0.08930664
2021-12-31,XLI,0.004271,0.054553993
2021-01-01,XLU,0.0,-0.0018078911
2021-01-04,XLU,-0.025199,-0.018901864
2021-01-05,XLU,-0.000164,0.006341224
2021-01-06,XLU,0.024873,-0.027672894
2021-01-07,XLU,-0.013093,0.011814755
2021-01-08,XLU,0.008413,-0.04236347
2021-01-11,XLU,-0.009305,0.005038706
2021-01-12,XLU,-0.005344,0.0019998709
2021-01-13,XLU,0.019538,-0.0125681935
2021-01-14,XLU,-0.003833,-0.008153009
2021-01-15,XLU,0.009779,-0.0035158119
2021-01-18,XLU,0.0,0.0054571456
2021-01-19,XLU,-0.00381,0.032803934
2021-01-20,XLU,0.005896,0.024038116
2021-01-21,XLU,-0.005862,0.024100915
2021-01-22,XLU,0.001434,0.009105464
2021-01-25,XLU,0.020051,0.007094457
2021-01-26,XLU,-0.009984,0.028005062
2021-01-27,XLU,-0.026946,-0.008503024
2021-01-28,XLU,0.011984,-0.004615221
2021-01-29,XLU,-0.005441,-0.02467951
2021-02-01,XLU,0.004827,0.010498341
2021-02-02,XLU,0.008167,-0.017072236
2021-02-03,XLU,-0.003177,-0.026666066
2021-02-04,XLU,0.007808,-0.015874175
2021-02-05,XLU,0.005375,-0.014804153
2021-02-08,XLU,-0.007706,-0.0023431114
2021-02-09,XLU,0.001426,-0.010690422
2021-02-10,XLU,0.003956,0.0013784824
2021-02-11,XLU,-0.005675,-0.01878295
2021-02-12,XLU,-0.007292,-0.0001502534
2021-02-15,XLU,0.0,-0.001515824
2021-02-16,XLU,-0.011179,-2.5591862e-06
2021-02-17,XLU,0.000808,-1.093378e-05
2021-02-18,XLU,0.005971,-0.0025123842
2021-02-19,XLU,-0.014918,-0.0062891687
2021-02-22,XLU,-0.019541,-0.041451443
2021-02-23,XLU,0.008304,-0.029549789
2021-02-24,XLU,-0.011695,-0.01689541
2021-02-25,XLU,-0.009,-0.016919
2021-02-26,XLU,-0.0185,-0.037691142
2021-03-01,XLU,0.022104,-0.0006818576
2021-03-02,XLU,-0.003018,0.0024507756
2021-03-03,XLU,-0.011771,-1.6679061e-05
2021-03-04,XLU,-0.000851,0.014550612
2021-03-05,XLU,0.016349,-0.0148833105
2021-03-08,XLU,0.014075,-0.03192211
2021-03-09,XLU,0.013219,0.008763899
2021-03-10,XLU,0.006849,0.018746419
2021-03-11,XLU,-0.002592,0.01010369
2021-03-12,XLU,0.013478,-0.024557527
2021-03-15,XLU,0.012818,0.0069408505
2021-03-16,XLU,0.001266,0.023667533
2021-03-17,XLU,-0.016274,0.0025847314
2021-03-18,XLU,-0.003694,-0.021796135
2021-03-19,XLU,0.002741,-0.01583345
2021-03-22,XLU,-0.001434,0.0092403
2021-03-23,XLU,0.014923,-0.017359162
2021-03-24,XLU,0.00032,0.013818485
2021-03-25,XLU,0.010705,-0.0029350661
2021-03-26,XLU,0.00332,0.01147544
2021-03-29,XLU,0.010714,0.0033934163
2021-03-30,XLU,-0.009041,0.008050259
2021-03-31,XLU,0.007393,0.015342948
2021-04-01,XLU,-0.000937,0.012022164
2021-04-02,XLU,0.0,-0.00446224
2021-04-05,XLU,0.010941,-0.01490148
2021-04-06,XLU,0.005257,0.01864105
2021-04-07,XLU,-0.00123,0.0065572346
2021-04-08,XLU,-0.00077,0.012257378
2021-04-09,XLU,-0.001079,0.024798062
2021-04-12,XLU,0.000926,0.0069321604
2021-04-13,XLU,0.011868,-0.0013331132
2021-04-14,XLU,0.004417,0.013104878
2021-04-15,XLU,0.011071,0.0060525984
2021-04-16,XLU,0.0081,-0.015212363
2021-04-19,XLU,-0.005059,0.0264578
2021-04-20,XLU,0.012711,-0.03320532
2021-04-21,XLU,-0.008417,0.026335876
2021-04-22,XLU,-0.007148,0.011652324
2021-04-23,XLU,-0.00135,0.004970235
2021-04-26,XLU,-0.005707,0.05781053
2021-04-27,XLU,-0.007704,0.008226992
2021-04-28,XLU,-0.00137,0.0014757349
2021-04-29,XLU,0.009146,0.057055123
2021-04-30,XLU,0.007855,0.0020742593
2021-05-03,XLU,-0.00015,-0.01387929
2021-05-04,XLU,-0.003748,0.0066905767
2021-05-05,XLU,-0.016852,-0.0051399586
2021-05-06,XLU,0.007652,0.009405599
2021-05-07,XLU,0.003038,0.024317743
2021-05-10,XLU,0.010145,0.0046611396
2021-05-11,XLU,-0.012292,0.03215277
2021-05-12,XLU,-0.023372,0.03208933
2021-05-13,XLU,0.01927,-0.0149119655
2021-05-14,XLU,0.004879,0.04076921
2021-05-17,XLU,-0.008193,0.00733338
2021-05-18,XLU,-0.000153,0.036487907
2021-05-19,XLU,-0.001683,-0.009288655
2021-05-20,XLU,0.008736,0.01083741
2021-05-21,XLU,0.005166,-0.011615662
2021-05-24,XLU,-0.001814,0.054200746
2021-05-25,XLU,-0.012114,-0.011693862
2021-05-26,XLU,0.000153,0.004993473
2021-05-27,XLU,-0.006743,-0.015379122
2021-05-28,XLU,0.0054,0.009799843
2021-05-31,XLU,0.0,0.026499853
2021-06-01,XLU,-0.006139,0.016992645
2021-06-02,XLU,0.00525,0.0449784
2021-06-03,XLU,0.005991,0.056947853
2021-06-04,XLU,-0.001527,-0.0050117536
2021-06-07,XLU,0.001835,0.06672776
2021-06-08,XLU,-0.008548,0.02358468
2021-06-09,XLU,0.00893,-0.02182041
2021-06-10,XLU,0.006562,-0.021195762
2021-06-11,XLU,0.002274,0.01895837
2021-06-14,XLU,0.002118,0.02014863
2021-06-15,XLU,0.003019,-0.005828132
2021-06-16,XLU,-0.015049,0.014981037
2021-06-17,XLU,0.0055,-0.0069182254
2021-06-18,XLU,-0.025984,0.008726274
2021-06-21,XLU,0.01286,0.004695756
2021-06-22,XLU,-0.006053,0.007611334
2021-06-23,XLU,-0.010618,0.007590749
2021-06-24,XLU,-0.000947,-0.02424882
2021-06-25,XLU,0.010743,0.004357585
2021-06-28,XLU,0.006408,0.005953011
2021-06-29,XLU,-0.016152,-0.016063241
2021-06-30,XLU,-0.001894,-0.0064253933
2021-07-01,XLU,0.010913,0.010169871
2021-07-02,XLU,0.001564,0.012117246
2021-07-05,XLU,0.0,0.011416576
2021-07-06,XLU,0.004217,-0.013575549
2021-07-07,XLU,0.006533,0.01323443
2021-07-08,XLU,-0.002936,0.010229392
2021-07-09,XLU,0.00124,-0.009615258
2021-07-12,XLU,0.003251,-0.0010418717
2021-07-13,XLU,-0.007561,-0.019783888
2021-07-14,XLU,0.008706,-0.013450406
2021-07-15,XLU,0.011252,-0.0077536935
2021-07-16,XLU,0.010059,0.0030796605
2021-07-19,XLU,-0.015844,0.0029196814
2021-07-20,XLU,0.004293,-0.02028595
2021-07-21,XLU,-0.010992,-0.0024948714
2021-07-22,XLU,0.001544,-0.008586053
2021-07-23,XLU,0.012793,-0.013029124
2021-07-26,XLU,0.000304,0.009951158
2021-07-27,XLU,0.017191,0.033720985
2021-07-28,XLU,-0.007628,0.02921721
2021-07-29,XLU,0.002713,0.04902048
2021-07-30,XLU,-0.008417,0.008906784
2021-08-02,XLU,0.007731,0.030107368
2021-08-03,XLU,0.005716,0.005594877
2021-08-04,XLU,-0.001496,-0.0076346174
2021-08-05,XLU,0.010935,0.025795124
2021-08-06,XLU,-0.000593,0.006302655
2021-08-09,XLU,-0.000296,0.020536413
2021-08-10,XLU,0.001038,0.0034799573
2021-08-11,XLU,0.009333,0.017078755
2021-08-12,XLU,0.001027,0.018410137
2021-08-13,XLU,0.007038,0.043835618
2021-08-16,XLU,0.006115,-0.013105126
2021-08-17,XLU,0.000579,0.014319069
2021-08-18,XLU,-0.005062,-0.00730432
2021-08-19,XLU,0.00407,0.0071935565
2021-08-20,XLU,0.012451,0.012817587
2021-08-23,XLU,-0.01287,0.029252438
2021-08-24,XLU,-0.006519,0.025076102
2021-08-25,XLU,0.001896,0.031485315
2021-08-26,XLU,-0.002474,0.023790283
2021-08-27,XLU,-0.000292,-0.010581385
2021-08-30,XLU,0.00146,-0.033415075
2021-08-31,XLU,-0.001166,0.02989833
2021-09-01,XLU,0.013131,0.027378112
2021-09-02,XLU,0.009073,0.004734075
2021-09-03,XLU,-0.008277,-0.0037848223
2021-09-06,XLU,0.0,0.013787432
2021-09-07,XLU,-0.013239,0.017824804
2021-09-08,XLU,0.017938,-0.010522055
2021-09-09,XLU,-0.005444,-0.00075544015
2021-09-10,XLU,-0.013973,0.004524811
2021-09-13,XLU,-0.001753,-0.008916265
2021-09-14,XLU,-0.003366,0.01951506
2021-09-15,XLU,-0.001322,0.005663776
2021-09-16,XLU,-0.008381,-0.0061186515
2021-09-17,XLU,-0.015421,-0.0070985756
2021-09-20,XLU,-0.00182,0.018428138
2021-09-21,XLU,-0.002736,-0.008946901
2021-09-22,XLU,-0.00061,-0.0074801533
2021-09-23,XLU,-0.005339,-0.014123302
2021-09-24,XLU,-0.001073,-0.003448296
2021-09-27,XLU,-0.011821,-0.01837602
2021-09-28,XLU,-0.012584,0.021474158
2021-09-29,XLU,0.013058,-0.011464969
2021-09-30,XLU,-0.00792,-0.018736318
2021-10-01,XLU,0.0,-0.026919313
2021-10-04,XLU,0.013776,-0.024216693
2021-10-05,XLU,-0.002471,-0.0046957904
2021-10-06,XLU,0.01548,0.022733606
2021-10-07,XLU,-0.005335,-0.0044379556
2021-10-08,XLU,-0.007356,-0.008604354
2021-10-11,XLU,-0.013586,0.014543592
2021-10-12,XLU,0.00673,0.01670335
2021-10-13,XLU,0.01166,0.008826569
2021-10-14,XLU,0.012294,0.002000665
2021-10-15,XLU,-0.002885,-0.02013133
2021-10-18,XLU,-0.009592,0.03251866
2021-10-19,XLU,0.012606,-0.024496352
2021-10-20,XLU,0.015789,-0.007163902
2021-10-21,XLU,0.0,0.015706807
2021-10-22,XLU,0.005081,0.032328114
2021-10-25,XLU,-0.004312,-0.0018127615
2021-10-26,XLU,0.005376,0.011691991
2021-10-27,XLU,-0.006684,0.016464807
2021-10-28,XLU,0.00658,0.014273968
2021-10-29,XLU,-0.005943,0.021651996
2021-11-01,XLU,0.003587,-0.0042080823
2021-11-02,XLU,0.000893,-0.0033524374
2021-11-03,XLU,-0.00372,-0.021863976
2021-11-04,XLU,-0.005526,-0.010302859
2021-11-05,XLU,0.009461,-0.012783618
2021-11-08,XLU,-0.014877,-0.009828436
2021-11-09,XLU,0.005134,0.032931615
2021-11-10,XLU,0.008113,-0.014171632
2021-11-11,XLU,-0.00611,0.03542218
2021-11-12,XLU,-0.0006,0.031743616
2021-11-15,XLU,0.013203,0.012908431
2021-11-16,XLU,-0.004739,0.03209305
2021-11-17,XLU,0.000893,-0.035289004
2021-11-18,XLU,-0.005203,-0.02056362
2021-11-19,XLU,0.005678,0.014367629
2021-11-22,XLU,0.006092,-0.021094257
2021-11-23,XLU,0.001034,0.024139468
2021-11-24,XLU,0.00059,-0.016905222
2021-11-25,XLU,0.0,0.023907432
2021-11-26,XLU,-0.01563,-0.044593867
2021-11-29,XLU,0.014829,-0.018656107
2021-11-30,XLU,-0.029225,0.012713508
2021-12-01,XLU,0.001825,0.0148384925
2021-12-02,XLU,0.012749,-0.025231166
2021-12-03,XLU,0.01004,-0.00491352
2021-12-06,XLU,0.015282,0.033759635
2021-12-07,XLU,0.007453,0.0333798
2021-12-08,XLU,-0.001015,0.0032092724
2021-12-09,XLU,-0.001307,0.007026147
2021-12-10,XLU,0.00538,0.027993232
2021-12-13,XLU,0.012292,0.045683045
2021-12-14,XLU,-0.006,0.054836586
2021-12-15,XLU,0.016384,0.04698755
2021-12-16,XLU,0.005091,0.018403785
2021-12-17,XLU,-0.015053,0.0002888495
2021-12-20,XLU,0.000936,0.012429963
2021-12-21,XLU,-0.001438,0.0008916952
2021-12-22,XLU,0.004321,0.0015975739
2021-12-23,XLU,-0.000143,-0.007988941
2021-12-24,XLU,0.0,-0.011973459
2021-12-27,XLU,0.004877,0.0447569
2021-12-28,XLU,0.008992,0.009344989
2021-12-29,XLU,0.005376,0.047850102
2021-12-30,XLU,0.003658,0.03347918
2021-12-31,XLU,0.003505,0.03630312
2021-01-01,XLY,0.0,0.118751936
2021-01-04,XLY,-0.008459,0.0854342
2021-01-05,XLY,0.007465,0.012251416
2021-01-06,XLY,0.010211,-0.07504452
2021-01-07,XLY,0.019291,-0.00792666
2021-01-08,XLY,0.020619,0.14624974
2021-01-11,XLY,-0.018662,-0.050688062
2021-01-12,XLY,0.015274,0.050903898
2021-01-13,XLY,-5.9e-05,0.046711985
2021-01-14,XLY,-0.006363,-0.029002285
2021-01-15,XLY,-0.00772,0.07104601
2021-01-18,XLY,0.0,0.047653366
2021-01-19,XLY,0.005669,0.054937184
2021-01-20,XLY,0.018892,0.073617995
2021-01-21,XLY,0.00465,0.07003259
2021-01-22,XLY,-0.003398,-0.035748985
2021-01-25,XLY,0.003704,-0.047882143
2021-01-26,XLY,-0.000644,-0.05499506
2021-01-27,XLY,-0.030829,0.15332972
2021-01-28,XLY,0.003145,0.09387085
2021-01-29,XLY,-0.02333,0.06283568
2021-02-01,XLY,0.025986,-0.05408431
2021-02-02,XLY,0.021237,0.03456679
2021-02-03,XLY,-0.005596,0.12001378
2021-02-04,XLY,0.010664,0.048921302
2021-02-05,XLY,0.009554,0.08628174
2021-02-08,XLY,0.00569,2.0940436e-07
2021-02-09,XLY,-0.005542,0.07544777
2021-02-10,XLY,-0.009869,0.024034971
2021-02-11,XLY,-0.002756,0.0322167
2021-02-12,XLY,0.001411,1.495124e-05
2021-02-15,XLY,0.0,0.0039468175
2021-02-16,XLY,-0.004345,-4.1371095e-06
2021-02-17,XLY,0.005779,9.549536e-06
2021-02-18,XLY,0.000293,0.018189004
2021-02-19,XLY,-0.005803,0.07898888
2021-02-22,XLY,-0.021106,0.096387364
2021-02-23,XLY,-0.006565,0.028196555
2021-02-24,XLY,0.010488,0.07374418
2021-02-25,XLY,-0.037197,0.026617989
2021-02-26,XLY,0.004175,0.0603148
2021-03-01,XLY,0.023456,0.11053965
2021-03-02,XLY,-0.01152,-0.00039043892
2021-03-03,XLY,-0.023493,8.956236e-06
2021-03-04,XLY,-0.021168,0.02784046
2021-03-05,XLY,0.006353,-0.14084513
2021-03-08,XLY,0.001211,0.10023945
2021-03-09,XLY,0.037768,0.012279144
2021-03-10,XLY,0.005094,0.03223076
2021-03-11,XLY,0.015326,-0.05326152
2021-03-12,XLY,0.002947,-0.0427204
2021-03-15,XLY,0.013432,-0.04620728
2021-03-16,XLY,-0.010354,0.012161327
2021-03-17,XLY,0.01405,-0.011612041
2021-03-18,XLY,-0.024468,-0.044727277
2021-03-19,XLY,0.005983,0.054892812
2021-03-22,XLY,0.006573,-0.012352744
2021-03-23,XLY,-0.009385,0.014093611
2021-03-24,XLY,-0.014785,-0.05178232
2021-03-25,XLY,0.008759,-0.05104513
2021-03-26,XLY,0.008319,-0.048833337
2021-03-29,XLY,-0.00548,-0.057390638
2021-03-30,XLY,0.009809,0.018042753
2021-03-31,XLY,0.007795,0.036469053
2021-04-01,XLY,0.008032,0.0022119551
2021-04-02,XLY,0.0,-0.01705655
2021-04-05,XLY,0.022725,-0.028808754
2021-04-06,XLY,0.004329,0.01326663
2021-04-07,XLY,-0.002988,-0.044837594
2021-04-08,XLY,0.004726,0.022529356
2021-04-09,XLY,0.009523,-0.025325546
2021-04-12,XLY,0.006421,-0.06810991
2021-04-13,XLY,0.010558,-0.046820115
2021-04-14,XLY,-0.009833,0.029521625
2021-04-15,XLY,0.007166,0.058961317
2021-04-16,XLY,0.007731,-0.009556323
2021-04-19,XLY,-0.01123,0.07443432
2021-04-20,XLY,-0.012595,-0.026201282
2021-04-21,XLY,0.013325,-0.0026646534
2021-04-22,XLY,-0.011071,-0.0404978
2021-04-23,XLY,0.010456,0.037411135
2021-04-26,XLY,0.004386,0.011388125
2021-04-27,XLY,-0.001176,0.0416259
2021-04-28,XLY,-0.001177,0.0062675616
2021-04-29,XLY,0.000281,-0.026777403
2021-04-30,XLY,0.003871,0.039248973
2021-05-03,XLY,-0.004751,0.08961754
2021-05-04,XLY,-0.010445,0.017046858
2021-05-05,XLY,-0.003121,0.029256433
2021-05-06,XLY,0.002163,0.034480356
2021-05-07,XLY,0.008975,0.028946608
2021-05-10,XLY,-0.017791,0.02474957
2021-05-11,XLY,-0.011292,0.044708222
2021-05-12,XLY,-0.033857,0.042641763
2021-05-13,XLY,0.007081,-0.056374967
2021-05-14,XLY,0.017339,0.084306195
2021-05-17,XLY,-0.001816,-0.010135791
2021-05-18,XLY,-0.007804,0.026983168
2021-05-19,XLY,-0.008397,-0.08669722
2021-05-20,XLY,0.010258,0.008299472
2021-05-21,XLY,-0.005018,-0.03316328
2021-05-24,XLY,0.009908,0.02229166
2021-05-25,XLY,0.003172,0.041212164
2021-05-26,XLY,0.009546,-0.033251897
2021-05-27,XLY,0.004003,-0.015798304
2021-05-28,XLY,-0.001387,-0.038282394
2021-05-31,XLY,0.0,0.009236651
2021-06-01,XLY,-0.001909,0.024780197
2021-06-02,XLY,-0.004637,-0.0066429945
2021-06-03,XLY,-0.011881,-0.043906834
2021-06-04,XLY,0.008016,-0.055465676
2021-06-07,XLY,0.0,-0.024869846
2021-06-08,XLY,0.008069,-0.045629937
2021-06-09,XLY,-0.00551,-0.05142144
2021-06-10,XLY,0.004724,-0.01854171
2021-06-11,XLY,0.005457,-0.028903006
2021-06-14,XLY,0.000289,-0.010546669
2021-06-15,XLY,-0.00531,-0.06478627
2021-06-16,XLY,0.000464,-0.06742772
2021-06-17,XLY,0.00377,-0.070283115
2021-06-18,XLY,-0.005258,-0.04082621
2021-06-21,XLY,0.007698,0.01359527
2021-06-22,XLY,0.009409,-0.0751609
2021-06-23,XLY,0.00772,-0.02244467
2021-06-24,XLY,0.003405,0.028262887
2021-06-25,XLY,0.006334,0.018556794
2021-06-28,XLY,0.000225,-0.015727157
2021-06-29,XLY,0.002472,-0.06572751
2021-06-30,XLY,0.000785,0.04615409
2021-07-01,XLY,0.005657,0.06292331
2021-07-02,XLY,0.008799,0.032244187
2021-07-05,XLY,0.0,0.000501684
2021-07-06,XLY,0.001159,0.010958419
2021-07-07,XLY,-0.000551,-0.009813513
2021-07-08,XLY,-0.002483,0.048732687
2021-07-09,XLY,0.009347,0.037030682
2021-07-12,XLY,0.00685,0.04323673
2021-07-13,XLY,-0.011974,-0.0062865866
2021-07-14,XLY,-0.001818,0.068489276
2021-07-15,XLY,-0.005408,-0.045964602
2021-07-16,XLY,-0.012318,-0.03643861
2021-07-19,XLY,-0.01146,0.051586818
2021-07-20,XLY,0.018469,-0.045646265
2021-07-21,XLY,0.009207,0.0070705246
2021-07-22,XLY,0.004312,0.017034194
2021-07-23,XLY,0.008918,-0.01742283
2021-07-26,XLY,0.007421,0.04412511
2021-07-27,XLY,-0.010128,0.10077086
2021-07-28,XLY,-0.003228,0.10367561
2021-07-29,XLY,0.011253,0.07127931
2021-07-30,XLY,-0.020573,0.02672662
2021-08-02,XLY,0.002882,-0.0008679544
2021-08-03,XLY,0.007405,0.010751634
2021-08-04,XLY,-0.00971,0.02813759
2021-08-05,XLY,0.009583,0.01519532
2021-08-06,XLY,-0.006804,-0.03785365
2021-08-09,XLY,-0.001381,0.020455748
2021-08-10,XLY,0.003928,-0.020701146
2021-08-11,XLY,0.002921,-0.047484707
2021-08-12,XLY,0.00044,-0.059238072
2021-08-13,XLY,-0.002856,0.015382112
2021-08-16,XLY,-0.004627,-0.046899557
2021-08-17,XLY,-0.023738,-0.0039264094
2021-08-18,XLY,0.003571,-0.0767313
2021-08-19,XLY,-0.006382,-0.070380054
2021-08-20,XLY,0.009606,-0.039803743
2021-08-23,XLY,0.012893,-0.035866454
2021-08-24,XLY,0.007059,-0.02380706
2021-08-25,XLY,0.003864,-0.027413549
2021-08-26,XLY,-0.009237,-0.048620854
2021-08-27,XLY,0.009101,-0.06000591
2021-08-30,XLY,0.007534,-0.047105834
2021-08-31,XLY,0.002402,-0.05601355
2021-09-01,XLY,-5.4e-05,0.014360791
2021-09-02,XLY,-5.4e-05,-0.047943763
2021-09-03,XLY,-0.000599,0.0054292907
2021-09-06,XLY,0.0,-0.050753076
2021-09-07,XLY,0.002942,0.0017196073
2021-09-08,XLY,0.001141,-0.01634334
2021-09-09,XLY,-0.001302,0.023012806
2021-09-10,XLY,-0.00614,-0.009096069
2021-09-13,XLY,0.00246,0.0027121613
2021-09-14,XLY,-0.003327,-0.0075218366
2021-09-15,XLY,0.006457,-0.031475924
2021-09-16,XLY,0.004567,0.028206728
2021-09-17,XLY,-0.003518,-0.042580795
2021-09-20,XLY,-0.022786,0.018546253
2021-09-21,XLY,0.001503,-0.0469183
2021-09-22,XLY,0.013618,0.04635214
2021-09-23,XLY,0.010145,0.027770137
2021-09-24,XLY,0.003746,-0.05319709
2021-09-27,XLY,0.005354,0.041769497
2021-09-28,XLY,-0.019259,0.015928224
2021-09-29,XLY,0.000987,0.0018710715
2021-09-30,XLY,-0.016658,-0.04627944
2021-10-01,XLY,0.007523,-0.0014132343
2021-10-04,XLY,-0.007909,-0.05021964
2021-10-05,XLY,0.004014,0.019378506
2021-10-06,XLY,0.003165,-0.073220596
2021-10-07,XLY,0.015554,0.048460137
2021-10-08,XLY,-0.004578,0.0261086
2021-10-11,XLY,-0.004052,0.038276847
2021-10-12,XLY,0.007917,0.010757004
2021-10-13,XLY,0.004909,0.06557198
2021-10-14,XLY,0.010476,0.034848604
2021-10-15,XLY,0.015309,0.016174717
2021-10-18,XLY,0.012222,-0.007337636
2021-10-19,XLY,-0.002823,-0.014309315
2021-10-20,XLY,-0.000734,0.010351245
2021-10-21,XLY,0.014687,0.028765645
2021-10-22,XLY,-0.003567,-0.016738081
2021-10-25,XLY,0.024799,-0.034608122
2021-10-26,XLY,0.000152,0.058595646
2021-10-27,XLY,0.002227,0.06451837
2021-10-28,XLY,0.013283,-0.002782462
2021-10-29,XLY,0.002592,0.085908346
2021-11-01,XLY,0.018345,0.02356414
2021-11-02,XLY,-0.006737,0.011244959
2021-11-03,XLY,0.017989,0.042864475
2021-11-04,XLY,0.01347,0.019607771
2021-11-05,XLY,0.006431,-0.008983693
2021-11-08,XLY,-0.014153,-0.027826738
2021-11-09,XLY,-0.018486,0.05070687
2021-11-10,XLY,-0.003718,0.062048845
2021-11-11,XLY,-0.002701,-0.009327575
2021-11-12,XLY,0.003348,0.040845726
2021-11-15,XLY,-0.000834,0.07219948
2021-11-16,XLY,0.015765,-0.023766348
2021-11-17,XLY,0.006382,0.06843216
2021-11-18,XLY,0.011338,0.025298415
2021-11-19,XLY,0.004323,0.059279766
2021-11-22,XLY,-0.002507,0.03799359
2021-11-23,XLY,-0.007255,0.0010898042
2021-11-24,XLY,0.002054,0.027032252
2021-11-25,XLY,0.0,0.029992724
2021-11-26,XLY,-0.027265,0.060295723
2021-11-29,XLY,0.015534,0.042563044
2021-11-30,XLY,-0.013511,0.053536233
2021-12-01,XLY,-0.018049,0.041618735
2021-12-02,XLY,0.014247,-0.02514922
2021-12-03,XLY,-0.019449,0.067621395
2021-12-06,XLY,0.01142,0.063287765
2021-12-07,XLY,0.023325,-0.015145774
2021-12-08,XLY,0.002516,0.033811606
2021-12-09,XLY,-0.01733,0.03405977
2021-12-10,XLY,0.006975,-0.013016822
2021-12-13,XLY,-0.025757,0.041307244
2021-12-14,XLY,-0.005808,0.071372844
2021-12-15,XLY,0.012692,-0.025270624
2021-12-16,XLY,-0.022082,0.08520344
2021-12-17,XLY,-0.006815,0.04669907
2021-12-20,XLY,-0.016118,0.067599006
2021-12-21,XLY,0.025906,-0.01060872
2021-12-22,XLY,0.01824,0.06603349
2021-12-23,XLY,0.013872,0.050001074
2021-12-24,XLY,0.0,0.03861671
2021-12-27,XLY,0.009745,0.037238676
2021-12-28,XLY,0.000439,0.04974916
2021-12-29,XLY,0.001997,0.025667999
2021-12-30,XLY,-0.003598,0.033938102
2021-12-31,XLY,-0.002391,-0.017332226
2021-01-01,XLP,0.0,-0.015271782
2021-01-04,XLP,-0.010823,-0.012837957
2021-01-05,XLP,0.0,-0.07843073
2021-01-06,XLP,0.000749,0.04733256
2021-01-07,XLP,-0.002995,0.013686345
2021-01-08,XLP,0.004957,0.05704655
2021-01-11,XLP,-0.00852,-0.03213977
2021-01-12,XLP,-0.003317,-0.011331373
2021-01-13,XLP,0.001513,0.040053744
2021-01-14,XLP,-0.005286,-0.028078616
2021-01-15,XLP,-0.003492,0.030394299
2021-01-18,XLP,0.0,-0.07510803
2021-01-19,XLP,-0.004419,-0.064522505
2021-01-20,XLP,0.001837,-0.052481644
2021-01-21,XLP,-0.003361,-0.079162695
2021-01-22,XLP,-0.002606,-0.06289665
2021-01-25,XLP,0.009989,-0.04446881
2021-01-26,XLP,0.008977,-0.09170092
2021-01-27,XLP,-0.01689,-0.062697016
2021-01-28,XLP,0.003835,0.00368441
2021-01-29,XLP,-0.02063,0.042077858
2021-02-01,XLP,0.000936,-0.029417653
2021-02-02,XLP,0.006703,-0.06092255
2021-02-03,XLP,0.001548,-0.004596838
2021-02-04,XLP,0.007267,-0.020653967
2021-02-05,XLP,0.009363,0.019831313
2021-02-08,XLP,0.003802,-0.0002425261
2021-02-09,XLP,-0.000909,-0.012453103
2021-02-10,XLP,-0.001061,-0.039356843
2021-02-11,XLP,-0.004402,-0.0046078735
2021-02-12,XLP,0.001525,-4.3838147e-05
2021-02-15,XLP,0.0,-0.010062225
2021-02-16,XLP,-0.001827,-1.674344e-05
2021-02-17,XLP,0.00366,-2.3091603e-05
2021-02-18,XLP,-0.000608,-0.025366548
2021-02-19,XLP,-0.01262,-0.023731947
2021-02-22,XLP,0.000924,0.06599846
2021-02-23,XLP,0.001385,-0.014672662
2021-02-24,XLP,-0.000614,0.010829484
2021-02-25,XLP,-0.010915,0.031563878
2021-02-26,XLP,-0.016164,-0.013519208
2021-03-01,XLP,0.010111,-0.012107195
2021-03-02,XLP,-0.00172,-0.043171577
2021-03-03,XLP,-0.0047,1.6716136e-05
2021-03-04,XLP,-0.00362,-0.02993465
2021-03-05,XLP,0.022117,-0.011937405
2021-03-08,XLP,0.004328,0.054658957
2021-03-09,XLP,-0.000923,-0.060300432
2021-03-10,XLP,0.013093,0.002125213
2021-03-11,XLP,-0.002433,-0.015621733
2021-03-12,XLP,0.00823,0.039163627
2021-03-15,XLP,0.004384,0.0011394017
2021-03-16,XLP,0.001204,-0.043843403
2021-03-17,XLP,-0.001503,0.018986067
2021-03-18,XLP,-0.004065,-0.026612593
2021-03-19,XLP,0.003477,0.052429784
2021-03-22,XLP,0.010499,0.037286982
2021-03-23,XLP,0.004197,0.005618201
2021-03-24,XLP,-0.003881,-0.019284472
2021-03-25,XLP,0.009739,-0.03388041
2021-03-26,XLP,0.017658,-0.07167109
2021-03-29,XLP,0.010061,0.0062756324
2021-03-30,XLP,-0.010683,0.015591148
2021-03-31,XLP,-0.00321,-0.0207491
2021-04-01,XLP,-0.004831,-0.07024295
2021-04-02,XLP,0.0,0.037394743
2021-04-05,XLP,0.012798,0.0030450788
2021-04-06,XLP,0.004212,0.022847539
2021-04-07,XLP,-0.002459,-0.018431261
2021-04-08,XLP,0.001015,-0.060990777
2021-04-09,XLP,-0.001738,-0.04873225
2021-04-12,XLP,0.005369,-0.023623131
2021-04-13,XLP,-0.00534,-0.06538551
2021-04-14,XLP,-0.000871,0.042985756
2021-04-15,XLP,0.007987,0.016512193
2021-04-16,XLP,0.005763,-0.013776498
2021-04-19,XLP,-0.003868,-0.03935609
2021-04-20,XLP,0.005464,0.06415237
2021-04-21,XLP,0.005006,0.027771166
2021-04-22,XLP,-0.0074,-0.020211458
2021-04-23,XLP,-0.002581,-0.014010076
2021-04-26,XLP,-0.011212,-0.008165017
2021-04-27,XLP,-0.000727,-0.044810828
2021-04-28,XLP,0.000727,-0.034907177
2021-04-29,XLP,0.010612,0.0043225028
2021-04-30,XLP,0.000863,-0.04208361
2021-05-03,XLP,0.008192,-0.05328082
2021-05-04,XLP,-0.005132,0.008956343
2021-05-05,XLP,-0.000716,0.03651882
2021-05-06,XLP,0.012905,0.032932658
2021-05-07,XLP,0.0,-0.028009258
2021-05-10,XLP,0.007644,0.027657254
2021-05-11,XLP,-0.00871,-0.012852952
2021-05-12,XLP,-0.013322,-0.012136571
2021-05-13,XLP,0.014076,-0.014531926
2021-05-14,XLP,0.004391,-0.038761202
2021-05-17,XLP,-0.00141,-0.013516315
2021-05-18,XLP,-0.003107,0.016975703
2021-05-19,XLP,-0.003258,0.033216625
2021-05-20,XLP,0.009238,0.01695686
2021-05-21,XLP,0.000141,0.004466741
2021-05-24,XLP,0.002957,-0.055587128
2021-05-25,XLP,0.000281,0.021201044
2021-05-26,XLP,-0.002105,0.038131393
2021-05-27,XLP,-0.006188,0.039192207
2021-05-28,XLP,0.002123,-0.034813847
2021-05-31,XLP,0.0,-0.03270269
2021-06-01,XLP,-0.003389,-0.022408683
2021-06-02,XLP,0.003684,-0.013874929
2021-06-03,XLP,0.006212,-0.05982987
2021-06-04,XLP,0.003508,-0.037989758
2021-06-07,XLP,-0.001678,-0.021227654
2021-06-08,XLP,-0.008403,0.021570982
2021-06-09,XLP,-0.004802,0.025027404
2021-06-10,XLP,0.006245,0.060512397
2021-06-11,XLP,0.000564,0.008071999
2021-06-14,XLP,-0.000564,0.02952045
2021-06-15,XLP,-0.002398,-0.0037660168
2021-06-16,XLP,-0.01329,0.079556994
2021-06-17,XLP,0.003582,0.026630217
2021-06-18,XLP,-0.017704,-0.014040871
2021-06-21,XLP,0.01139,-0.01158022
2021-06-22,XLP,0.001446,-0.0019296533
2021-06-23,XLP,-0.00621,0.024274025
2021-06-24,XLP,0.004941,0.039180797
2021-06-25,XLP,0.007664,0.026924385
2021-06-28,XLP,0.000861,-0.071302906
2021-06-29,XLP,-0.004445,-0.04693269
2021-06-30,XLP,0.007778,0.04130832
2021-07-01,XLP,-0.003001,-0.024746759
2021-07-02,XLP,0.002437,0.025049685
2021-07-05,XLP,0.0,-0.054226164
2021-07-06,XLP,-0.004147,-0.021692237
2021-07-07,XLP,0.005313,-0.009695813
2021-07-08,XLP,-0.003714,-0.021305472
2021-07-09,XLP,0.005735,0.0669718
2021-07-12,XLP,-0.001568,-0.013843317
2021-07-13,XLP,-0.000286,0.045407068
2021-07-14,XLP,0.008855,0.016273588
2021-07-15,XLP,0.004105,0.021579638
2021-07-16,XLP,0.001551,-0.025103468
2021-07-19,XLP,-0.002956,-0.030005796
2021-07-20,XLP,0.000282,-0.024872549
2021-07-21,XLP,-0.002541,-0.056250997
2021-07-22,XLP,-0.001698,-0.06560865
2021-07-23,XLP,0.012048,0.014651313
2021-07-26,XLP,0.001681,0.004595959
2021-07-27,XLP,0.002097,-0.04835411
2021-07-28,XLP,-0.00879,0.09637223
2021-07-29,XLP,0.004927,0.04088167
2021-07-30,XLP,0.001681,-0.029298438
2021-08-02,XLP,-0.004195,-0.010694798
2021-08-03,XLP,0.004494,0.033560846
2021-08-04,XLP,-0.013002,0.05566322
2021-08-05,XLP,0.004816,-0.05217784
2021-08-06,XLP,0.0,-0.020885663
2021-08-09,XLP,0.003665,0.007471363
2021-08-10,XLP,0.007163,-0.015810065
2021-08-11,XLP,0.003347,-0.0111507075
2021-08-12,XLP,-0.000556,0.00015786372
2021-08-13,XLP,0.008344,-0.018096486
2021-08-16,XLP,0.005792,0.018591125
2021-08-17,XLP,0.000548,0.022802832
2021-08-18,XLP,-0.012471,0.034049768
2021-08-19,XLP,0.008049,-0.028307486
2021-08-20,XLP,0.001652,-0.041093674
2021-08-23,XLP,-0.003161,-0.053190265
2021-08-24,XLP,-0.007583,0.027173666
2021-08-25,XLP,-0.001667,-0.038319338
2021-08-26,XLP,-0.004592,-0.07245239
2021-08-27,XLP,0.003495,0.011716814
2021-08-30,XLP,0.004458,-0.025103357
2021-08-31,XLP,0.002219,-0.05416407
2021-09-01,XLP,0.005259,-0.019586269
2021-09-02,XLP,0.003855,-0.019422421
2021-09-03,XLP,-0.001234,-0.015383037
2021-09-06,XLP,0.0,0.014514734
2021-09-07,XLP,-0.011534,0.0136912195
2021-09-08,XLP,0.008612,-0.018740755
2021-09-09,XLP,-0.005784,0.036333393
2021-09-10,XLP,-0.004294,0.03527844
2021-09-13,XLP,0.002504,0.019114617
2021-09-14,XLP,-0.004579,0.008434238
2021-09-15,XLP,0.003625,-0.013643927
2021-09-16,XLP,-0.003334,0.032091286
2021-09-17,XLP,-0.005436,0.0102696
2021-09-20,XLP,-0.009921,-0.014083247
2021-09-21,XLP,-0.001139,0.05729763
2021-09-22,XLP,0.002852,0.022297258
2021-09-23,XLP,0.003697,0.0053919395
2021-09-24,XLP,0.000425,-0.025720963
2021-09-27,XLP,-0.004531,0.047097076
2021-09-28,XLP,-0.011807,0.031068299
2021-09-29,XLP,0.009069,-0.023893492
2021-09-30,XLP,-0.017974,-0.017692797
2021-10-01,XLP,0.002615,-0.021547299
2021-10-04,XLP,-0.003187,0.022052417
2021-10-05,XLP,0.005087,0.020302054
2021-10-06,XLP,0.009689,-0.010450589
2021-10-07,XLP,0.00444,0.028245976
2021-10-08,XLP,-0.001141,0.038969327
2021-10-11,XLP,-0.000286,0.038398046
2021-10-12,XLP,0.000428,-0.018513072
2021-10-13,XLP,0.001856,0.040766787
2021-10-14,XLP,0.011255,0.0078119184
2021-10-15,XLP,-0.002395,0.038844895
2021-10-18,XLP,-0.005931,-0.12546384
2021-10-19,XLP,0.000426,0.030798456
2021-10-20,XLP,0.005822,-0.023390416
2021-10-21,XLP,-0.001271,-0.0465613
2021-10-22,XLP,0.007775,0.006416236
2021-10-25,XLP,-0.000701,-0.021274703
2021-10-26,XLP,0.003509,0.034326915
2021-10-27,XLP,-0.005875,0.02465303
2021-10-28,XLP,0.003518,-0.026340678
2021-10-29,XLP,-0.000981,-0.010240755
2021-11-01,XLP,0.001544,0.02567131
2021-11-02,XLP,0.006726,-0.0092703225
2021-11-03,XLP,0.009326,0.013011617
2021-11-04,XLP,0.000965,0.033188865
2021-11-05,XLP,0.005787,-0.041967686
2021-11-08,XLP,-0.007945,-0.057677545
2021-11-09,XLP,0.003452,-0.055857185
2021-11-10,XLP,0.003027,-0.034483243
2021-11-11,XLP,-0.000686,0.011643057
2021-11-12,XLP,0.0,-0.03312888
2021-11-15,XLP,0.004805,0.0017179303
2021-11-16,XLP,-0.006285,-0.032893863
2021-11-17,XLP,-0.0022,0.027240638
2021-11-18,XLP,-0.003583,0.017818164
2021-11-19,XLP,-0.003596,-0.008819013
2021-11-22,XLP,0.007911,0.01685253
2021-11-23,XLP,0.00661,-0.009485585
2021-11-24,XLP,-0.00301,0.020754276
2021-11-25,XLP,0.0,-0.027630877
2021-11-26,XLP,-0.012623,0.018806286
2021-11-29,XLP,0.002501,0.018896122
2021-11-30,XLP,-0.025645,0.0062825894
2021-12-01,XLP,-0.004837,0.021469358
2021-12-02,XLP,0.010579,-0.05713351
2021-12-03,XLP,0.012449,0.034000356
2021-12-06,XLP,0.017605,-0.010348885
2021-12-07,XLP,0.002197,-0.023186624
2021-12-08,XLP,-0.003151,-0.0068410253
2021-12-09,XLP,0.002749,-0.04831656
2021-12-10,XLP,0.016859,-0.08794472
2021-12-13,XLP,0.013075,-0.057588566
2021-12-14,XLP,0.000665,-0.0023329293
2021-12-15,XLP,0.010105,-0.014653892
2021-12-16,XLP,0.007108,0.057782017
2021-12-17,XLP,-0.017122,0.04996202
2021-12-20,XLP,0.000289,0.034758516
2021-12-21,XLP,-0.001338,-0.023952907
2021-12-22,XLP,0.006299,0.04466012
2021-12-23,XLP,0.002264,0.039956786
2021-12-24,XLP,0.0,0.03177506
2021-12-27,XLP,0.010631,-0.0057104356
2021-12-28,XLP,0.005654,0.063520044
2021-12-29,XLP,0.004576,0.01519304
2021-12-30,XLP,-0.003124,-0.023325035
2021-12-31,XLP,0.006789,-0.036826152
2021-01-01,XLE,0.0,0.046238646
2021-01-04,XLE,0.001583,0.02756287
2021-01-05,XLE,0.044784,-0.009960793
2021-01-06,XLE,0.030509,0.00083628594
2021-01-07,XLE,0.014681,-0.0035967042
2021-01-08,XLE,-0.001206,0.024244193
2021-01-11,XLE,0.015693,-0.034550168
2021-01-12,XLE,0.034942,0.009295894
2021-01-13,XLE,-0.007809,-0.0058269543
2021-01-14,XLE,0.02963,0.0038978986
2021-01-15,XLE,-0.038894,-0.0011792197
2021-01-18,XLE,0.0,-0.010122157
2021-01-19,XLE,0.020117,0.0010336153
2021-01-20,XLE,0.003669,-0.0047332323
2021-01-21,XLE,-0.033813,-0.027859004
2021-01-22,XLE,-0.005202,-0.014167663
2021-01-25,XLE,-0.010221,-0.014683432
2021-01-26,XLE,-0.021374,-0.020377114
2021-01-27,XLE,-0.013497,0.0029608754
2021-01-28,XLE,0.011691,0.017382573
2021-01-29,XLE,-0.033194,-0.019260556
2021-02-01,XLE,0.007121,-0.014320354
2021-02-02,XLE,0.010859,0.0064607537
2021-02-03,XLE,0.042718,-0.0036368396
2021-02-04,XLE,0.011021,-0.0028973883
2021-02-05,XLE,0.008531,0.017732188
2021-02-08,XLE,0.041823,0.040395226
2021-02-09,XLE,-0.0106,0.03665307
2021-02-10,XLE,0.019147,0.008990134
2021-02-11,XLE,-0.015433,0.02531499
2021-02-12,XLE,0.014766,0.05253094
2021-02-15,XLE,0.0,0.029471045
2021-02-16,XLE,0.025073,0.06850743
2021-02-17,XLE,0.01485,0.06901442
2021-02-18,XLE,-0.022595,0.030738706
2021-02-19,XLE,0.016733,0.006811887
2021-02-22,XLE,0.034647,-0.019037772
2021-02-23,XLE,0.016534,0.06703287
2021-02-24,XLE,0.035413,-0.006409126
2021-02-25,XLE,-0.019288,0.015807817
2021-02-26,XLE,-0.023723,0.07483825
2021-03-01,XLE,0.025961,0.022275215
2021-03-02,XLE,-0.005466,-0.035448857
2021-03-03,XLE,0.014655,0.21449491
2021-03-04,XLE,0.023872,0.010635564
2021-03-05,XLE,0.037422,-0.02017624
2021-03-08,XLE,0.001889,-0.014766697
2021-03-09,XLE,-0.017531,0.0010229426
2021-03-10,XLE,0.025326,-0.0018460564
2021-03-11,XLE,0.000374,-0.0054475917
2021-03-12,XLE,0.002058,-0.027707972
2021-03-15,XLE,-0.011387,-0.00924484
2021-03-16,XLE,-0.028512,-0.02007395
2021-03-17,XLE,0.007774,0.0048777866
2021-03-18,XLE,-0.044937,-0.016362874
2021-03-19,XLE,0.000202,-0.006861381
2021-03-22,XLE,-0.00949,-0.01573327
2021-03-23,XLE,-0.014627,-0.023246199
2021-03-24,XLE,0.025089,-0.07433401
2021-03-25,XLE,0.003671,-0.010087368
2021-03-26,XLE,0.024792,-0.02003055
2021-03-29,XLE,-0.011898,-0.028497912
2021-03-30,XLE,-0.008629,-0.013676824
2021-03-31,XLE,-0.006883,0.00386197
2021-04-01,XLE,0.025479,-0.025469564
2021-04-02,XLE,0.0,-0.0043713897
2021-04-05,XLE,-0.023852,0.0015378731
2021-04-06,XLE,-0.002647,-0.0027049074
2021-04-07,XLE,0.003471,-0.02277678
2021-04-08,XLE,-0.013021,0.034767218
2021-04-09,XLE,-0.006597,0.0009909412
2021-04-12,XLE,-0.007885,-0.022391021
2021-04-13,XLE,0.001046,-0.018077586
2021-04-14,XLE,0.027789,-0.01841551
2021-04-15,XLE,-0.008132,-0.0058575748
2021-04-16,XLE,-0.007993,-0.03598331
2021-04-19,XLE,-0.001033,-0.059733007
2021-04-20,XLE,-0.026474,-0.04840005
2021-04-21,XLE,0.012747,-0.007634759
2021-04-22,XLE,-0.011747,-0.009022948
2021-04-23,XLE,0.009128,-0.00075805996
2021-04-26,XLE,0.006731,-0.029274317
2021-04-27,XLE,0.012119,-0.031214949
2021-04-28,XLE,0.034476,-0.022103723
2021-04-29,XLE,0.011175,-0.096386634
2021-04-30,XLE,-0.025261,-0.018357335
2021-05-03,XLE,0.027536,-0.0680058
2021-05-04,XLE,0.000591,-0.010656916
2021-05-05,XLE,0.032296,-0.021675395
2021-05-06,XLE,0.005151,-0.0117153
2021-05-07,XLE,0.01784,-0.040600456
2021-05-10,XLE,0.000373,-0.007034944
2021-05-11,XLE,-0.025722,-0.054416668
2021-05-12,XLE,0.004783,-0.0017211696
2021-05-13,XLE,-0.012186,-0.007903619
2021-05-14,XLE,0.031033,-0.018779628
2021-05-17,XLE,0.023182,-0.014041752
2021-05-18,XLE,-0.023205,-0.049178667
2021-05-19,XLE,-0.024878,-0.038159855
2021-05-20,XLE,-0.001535,-0.03777703
2021-05-21,XLE,0.002113,-0.02285433
2021-05-24,XLE,0.009969,-0.00972603
2021-05-25,XLE,-0.020311,-0.040062297
2021-05-26,XLE,0.008913,-0.02532065
2021-05-27,XLE,0.000768,-0.036501747
2021-05-28,XLE,0.001919,-0.021035876
2021-05-31,XLE,0.0,-0.032214172
2021-06-01,XLE,0.038498,0.0072585717
2021-06-02,XLE,0.018628,-0.031572957
2021-06-03,XLE,0.002716,-0.01649738
2021-06-04,XLE,0.006681,-0.020772336
2021-06-07,XLE,-0.004305,-0.035238165
2021-06-08,XLE,0.008647,-0.022324732
2021-06-09,XLE,-0.006251,-0.019680904
2021-06-10,XLE,-0.001258,-0.01059327
2021-06-11,XLE,-0.003419,-0.030326009
2021-06-14,XLE,-0.004334,-0.0036074226
2021-06-15,XLE,0.019042,-0.01748078
2021-06-16,XLE,-0.005339,-0.03429896
2021-06-17,XLE,-0.033995,-0.0058295047
2021-06-18,XLE,-0.029635,-0.0074888817
2021-06-21,XLE,0.042189,0.0034908552
2021-06-22,XLE,0.006658,-0.01705354
2021-06-23,XLE,0.002756,-0.026912035
2021-06-24,XLE,0.008611,-0.020121995
2021-06-25,XLE,0.005268,0.0019539706
2021-06-28,XLE,-0.033791,-0.0017087141
2021-06-29,XLE,-0.004863,-0.0149227055
2021-06-30,XLE,0.012404,-0.0058379835
2021-07-01,XLE,0.017449,-0.061718185
2021-07-02,XLE,-0.002189,-0.0025262088
2021-07-05,XLE,0.0,-0.0064363535
2021-07-06,XLE,-0.032547,-0.023210067
2021-07-07,XLE,-0.016254,-0.017139131
2021-07-08,XLE,-0.005764,0.00040064668
2021-07-09,XLE,0.021256,-0.0165024
2021-07-12,XLE,-0.001514,-0.007172101
2021-07-13,XLE,-0.00758,-0.022871684
2021-07-14,XLE,-0.029788,0.0065474412
2021-07-15,XLE,-0.013974,0.0064269393
2021-07-16,XLE,-0.028343,-0.0078229355
2021-07-19,XLE,-0.035333,-0.05820832
2021-07-20,XLE,0.013416,-0.03546626
2021-07-21,XLE,0.034881,0.0021288202
2021-07-22,XLE,-0.011167,0.004798262
2021-07-23,XLE,-0.003696,-0.009765067
2021-07-26,XLE,0.024732,-0.013480662
2021-07-27,XLE,-0.009252,-0.016262287
2021-07-28,XLE,0.009135,-0.056594715
2021-07-29,XLE,0.009656,-0.06453478
2021-07-30,XLE,-0.015939,-0.010464897
2021-08-02,XLE,-0.007491,0.0017087075
2021-08-03,XLE,0.017136,-0.006905913
2021-08-04,XLE,-0.027076,0.0013539152
2021-08-05,XLE,0.011338,-0.013502752
2021-08-06,XLE,0.009172,-0.01702841
2021-08-09,XLE,-0.014138,-0.0040992745
2021-08-10,XLE,0.017619,-0.003381848
2021-08-11,XLE,0.007852,-0.0038324823
2021-08-12,XLE,-0.000999,-0.024000715
2021-08-13,XLE,-0.011798,-0.010772628
2021-08-16,XLE,-0.018414,-0.009044439
2021-08-17,XLE,-0.010307,0.005849884
2021-08-18,XLE,-0.020829,0.00039544876
2021-08-19,XLE,-0.025952,-0.013895819
2021-08-20,XLE,0.002184,-0.02672064
2021-08-23,XLE,0.037481,-0.004447894
2021-08-24,XLE,0.016593,0.0035759523
2021-08-25,XLE,0.007645,-0.020917928
2021-08-26,XLE,-0.015173,-0.012015536
2021-08-27,XLE,0.02665,-0.011444226
2021-08-30,XLE,-0.011762,-0.012478213
2021-08-31,XLE,-0.006772,-0.028790157
2021-09-01,XLE,-0.014669,-0.0074798367
2021-09-02,XLE,0.025372,-0.010477451
2021-09-03,XLE,-0.005726,-0.008929994
2021-09-06,XLE,0.0,-0.0067393687
2021-09-07,XLE,-0.005965,-0.008103613
2021-09-08,XLE,-0.012829,-0.0056874542
2021-09-09,XLE,0.002096,-0.014428549
2021-09-10,XLE,-0.000418,-0.0005766043
2021-09-13,XLE,0.028667,-0.005043519
2021-09-14,XLE,-0.014443,-0.012908692
2021-09-15,XLE,0.037358,-0.017422428
2021-09-16,XLE,-0.011341,0.002292073
2021-09-17,XLE,-0.007446,-0.011599673
2021-09-20,XLE,-0.030172,-0.013805035
2021-09-21,XLE,0.002328,-0.007671343
2021-09-22,XLE,0.030834,-0.004172821
2021-09-23,XLE,0.035034,-0.021410758
2021-09-24,XLE,0.007522,-0.004103156
2021-09-27,XLE,0.03556,-0.004843985
2021-09-28,XLE,0.003415,-0.005764147
2021-09-29,XLE,0.0,-0.0056801485
2021-09-30,XLE,-0.015126,-0.015596461
2021-10-01,XLE,0.033596,-0.0064047487
2021-10-04,XLE,0.016345,-0.015702678
2021-10-05,XLE,0.005848,0.0037006112
2021-10-06,XLE,-0.010538,0.004274653
2021-10-07,XLE,0.007712,-0.02477899
2021-10-08,XLE,0.030794,0.0052054813
2021-10-11,XLE,-0.003712,0.0029099346
2021-10-12,XLE,0.000887,-0.012868661
2021-10-13,XLE,-0.000886,0.007899979
2021-10-14,XLE,0.012243,0.012309085
2021-10-15,XLE,0.004908,-0.008234909
2021-10-18,XLE,0.000698,-0.0067937966
2021-10-19,XLE,0.01133,-0.015584329
2021-10-20,XLE,0.008101,-0.0015258171
2021-10-21,XLE,-0.018465,-0.0025280658
2021-10-22,XLE,0.009406,0.0052764905
2021-10-25,XLE,0.014668,-0.010547346
2021-10-26,XLE,0.005782,0.00430734
2021-10-27,XLE,-0.028745,0.020302381
2021-10-28,XLE,0.007138,0.008581838
2021-10-29,XLE,-0.006569,0.018852608
2021-11-01,XLE,0.017226,-0.0019663742
2021-11-02,XLE,-0.009408,-0.0013333557
2021-11-03,XLE,-0.008289,-0.0050874054
2021-11-04,XLE,0.001393,-0.0070395865
2021-11-05,XLE,0.013041,-0.027976174
2021-11-08,XLE,0.009097,-0.030359196
2021-11-09,XLE,0.004082,0.0130825555
2021-11-10,XLE,-0.026427,-0.0108611975
2021-11-11,XLE,0.003828,0.003978088
2021-11-12,XLE,-0.002427,-0.021011744
2021-11-15,XLE,0.008341,-0.0034728723
2021-11-16,XLE,0.001551,-0.007199796
2021-11-17,XLE,-0.015313,0.031234767
2021-11-18,XLE,-0.005941,0.01860716
2021-11-19,XLE,-0.039023,0.013159715
2021-11-22,XLE,0.017743,0.0024939515
2021-11-23,XLE,0.030733,-0.012081685
2021-11-24,XLE,0.009765,-0.006001965
2021-11-25,XLE,0.0,-0.017378401
2021-11-26,XLE,-0.040235,0.031023975
2021-11-29,XLE,0.005757,0.029583696
2021-11-30,XLE,-0.023435,0.027406026
2021-12-01,XLE,-0.010625,0.016359292
2021-12-02,XLE,0.029069,0.0088542765
2021-12-03,XLE,-0.007917,0.01035704
2021-12-06,XLE,0.014871,-0.00856294
2021-12-07,XLE,0.02341,0.0034196458
2021-12-08,XLE,-0.000175,0.009821855
2021-12-09,XLE,-0.007684,0.008233687
2021-12-10,XLE,0.007392,-0.0078026843
2021-12-13,XLE,-0.027778,0.034015045
2021-12-14,XLE,-0.004133,0.0068717487
2021-12-15,XLE,-0.004872,0.021182323
2021-12-16,XLE,0.006346,0.013792912
2021-12-17,XLE,-0.02036,-0.010566467
2021-12-20,XLE,-0.012231,0.017375533
2021-12-21,XLE,0.028485,-0.006649053
2021-12-22,XLE,0.00642,0.004941331
2021-12-23,XLE,0.000547,-0.00045243272
2021-12-24,XLE,0.0,-0.004420338
2021-12-27,XLE,0.021858,0.012060564
2021-12-28,XLE,-0.000713,0.008988161
2021-12-29,XLE,-0.006422,0.023280416
2021-12-30,XLE,-0.006104,0.011188559
2021-12-31,XLE,0.002529,0.022859046
2021-01-01,VIX,0.0,0.012815431
2021-01-04,VIX,0.17016,0.0070939297
2021-01-05,VIX,-0.062340964,0.006508745
2021-01-06,VIX,-0.010712263,0.014123078
2021-01-07,VIX,-0.11395114,0.010648443
2021-01-08,VIX,-0.03688103,0.007209732
2021-01-11,VIX,0.11054187,0.008315579
2021-01-12,VIX,-0.031641535,0.0020377934
2021-01-13,VIX,-0.049197447,0.0030092588
2021-01-14,VIX,0.045762494,0.0060299835
2021-01-15,VIX,0.045815956,0.0037251168
2021-01-18,VIX,0.0,0.01087947
2021-01-19,VIX,-0.046246156,0.010431683
2021-01-20,VIX,-0.074107975,0.0071633076
2021-01-21,VIX,-0.012121361,0.008663286
2021-01-22,VIX,0.027297555,0.008172475
2021-01-25,VIX,0.056778,0.0027246624
2021-01-26,VIX,-0.0073577478,0.011786295
2021-01-27,VIX,0.48021415,0.018118002
2021-01-28,VIX,-0.20840454,0.0069436403
2021-01-29,VIX,0.09105813,0.018188268
2021-02-01,VIX,-0.09006557,0.00640267
2021-02-02,VIX,-0.16813692,0.007876545
2021-02-03,VIX,-0.10945513,0.0127268145
2021-02-04,VIX,-0.05104062,0.013906025
2021-02-05,VIX,-0.042220153,0.0070284363
2021-02-08,VIX,0.017573476,0.004576887
2021-02-09,VIX,0.018195044,0.006029287
2021-02-10,VIX,0.016506564,0.010028359
2021-02-11,VIX,-0.03423091,0.012257203
2021-02-12,VIX,-0.062125746,0.0028390945
2021-02-15,VIX,0.0,0.007180868
2021-02-16,VIX,0.07195959,0.002580291
2021-02-17,VIX,0.0018621979,0.00059588463
2021-02-18,VIX,0.04501783,0.004626216
2021-02-19,VIX,-0.019758165,0.005296882
2021-02-22,VIX,0.061557893,0.0063082785
2021-02-23,VIX,-0.01460507,0.0020488368
2021-02-24,VIX,-0.07968218,0.0046914313
2021-02-25,VIX,0.30291227,0.0041372506
2021-02-26,VIX,-0.033078317,0.0012268028
2021-03-01,VIX,-0.17982021,0.005257122
2021-03-02,VIX,0.031614855,0.007181632
2021-03-03,VIX,0.1013275,-0.02633155
2021-03-04,VIX,0.06881788,0.0052296002
2021-03-05,VIX,-0.14717472,0.005419024
2021-03-08,VIX,0.03231879,0.007069253
2021-03-09,VIX,-0.05819824,0.007118232
2021-03-10,VIX,-0.06312462,0.010629584
2021-03-11,VIX,-0.029235274,0.004310055
2021-03-12,VIX,-0.057292663,0.0066469107
2021-03-15,VIX,-0.032419343,0.007260089
2021-03-16,VIX,-0.01205439,0.0054283487
2021-03-17,VIX,-0.0287052,0.006041448
2021-03-18,VIX,0.1152954,0.004582793
2021-03-19,VIX,-0.029628314,0.0027083256
2021-03-22,VIX,-0.10403549,0.004790029
2021-03-23,VIX,0.07251772,0.0042574964
2021-03-24,VIX,0.043380294,0.0061720912
2021-03-25,VIX,-0.06781432,0.0026324017
2021-03-26,VIX,-0.049143583,0.005229469
2021-03-29,VIX,0.09502093,0.009783229
2021-03-30,VIX,-0.056024563,0.0028549647
2021-03-31,VIX,-0.010766574,0.00047804258
2021-04-01,VIX,-0.11283396,0.0066199508
2021-04-02,VIX,0.0,0.0024473697
2021-04-05,VIX,0.03292011,0.002199594
2021-04-06,VIX,0.011657084,0.003290801
2021-04-07,VIX,-0.054435205,0.003389429
2021-04-08,VIX,-0.012313261,0.0059400075
2021-04-09,VIX,-0.015458096,0.0055779414
2021-04-12,VIX,0.013095425,0.0036511228
2021-04-13,VIX,-0.015494946,-0.00029416403
2021-04-14,VIX,0.02021472,0.0033305895
2021-04-15,VIX,-0.025031105,0.0062581766
2021-04-16,VIX,-0.019500922,0.002605781
2021-04-19,VIX,0.06203539,0.014190986
2021-04-20,VIX,0.077325135,0.004267389
2021-04-21,VIX,-0.06525255,0.0025434506
2021-04-22,VIX,0.066857256,0.0031933459
2021-04-23,VIX,-0.07661904,0.0066267652
2021-04-26,VIX,0.017729947,0.007259895
2021-04-27,VIX,-0.0045454623,8.325582e-05
2021-04-28,VIX,-0.016073825,0.0045715543
2021-04-29,VIX,0.018917158,0.0045348173
2021-04-30,VIX,0.05523215,0.006939875
2021-05-03,VIX,-0.016251711,0.0068161082
2021-05-04,VIX,0.06194094,0.0032484834
2021-05-05,VIX,-0.017085582,0.004790074
2021-05-06,VIX,-0.04049568,0.0050515155
2021-05-07,VIX,-0.0969973,0.0061105164
2021-05-10,VIX,0.16377638,0.0034007917
2021-05-11,VIX,0.10515703,0.0034085077
2021-05-12,VIX,0.23371024,0.0059158346
2021-05-13,VIX,-0.1763229,0.010811862
2021-05-14,VIX,-0.20674184,0.008814491
2021-05-17,VIX,0.047244705,0.0044907196
2021-05-18,VIX,0.0789499,0.0025538863
2021-05-19,VIX,0.038607735,0.0073403656
2021-05-20,VIX,-0.07050761,0.006787398
2021-05-21,VIX,-0.025479086,0.0038837155
2021-05-24,VIX,-0.090853624,0.010162182
2021-05-25,VIX,0.023631604,0.0067480775
2021-05-26,VIX,-0.08181356,0.008315954
2021-05-27,VIX,-0.036367644,0.0037695998
2021-05-28,VIX,0.00119403,0.0031108712
2021-05-31,VIX,0.0,0.0038005626
2021-06-01,VIX,0.06580562,0.0033452683
2021-06-02,VIX,-0.023743343,0.0037904154
2021-06-03,VIX,0.031534143,0.0069465707
2021-06-04,VIX,-0.09409141,0.0022592405
2021-06-07,VIX,0.0,0.0014639464
2021-06-08,VIX,0.03882243,0.0035992754
2021-06-09,VIX,0.04691936,0.0014952994
2021-06-10,VIX,-0.10542262,0.00013157277
2021-06-11,VIX,-0.028348355,0.003931223
2021-06-14,VIX,0.046200477,0.002199494
2021-06-15,VIX,0.03771773,0.0021308728
2021-06-16,VIX,0.06428144,0.008323279
2021-06-17,VIX,-0.022285044,-0.00027199005
2021-06-18,VIX,0.15374818,0.0062501547
2021-06-21,VIX,-0.1458918,0.009079633
2021-06-22,VIX,-0.07123126,0.0024154503
2021-06-23,VIX,-0.020619288,0.0021158333
2021-06-24,VIX,-0.021679386,0.0059074154
2021-06-25,VIX,-0.022159819,0.0018733466
2021-06-28,VIX,0.00892294,0.0015246471
2021-06-29,VIX,0.016362857,0.0030716024
2021-06-30,VIX,-0.011931067,0.0033003076
2021-07-01,VIX,-0.022358006,0.010389933
2021-07-02,VIX,-0.026842855,0.0021910998
2021-07-05,VIX,0.0,0.0015184416
2021-07-06,VIX,0.087011375,0.002668625
2021-07-07,VIX,-0.014706148,0.002869295
2021-07-08,VIX,0.15942773,0.0011905087
2021-07-09,VIX,-0.16066307,0.007509613
2021-07-12,VIX,-0.00061823806,0.0029185533
2021-07-13,VIX,0.057089698,0.006100095
2021-07-14,VIX,-0.047243465,0.0015541102
2021-07-15,VIX,0.040797498,0.0056424765
2021-07-16,VIX,0.08126296,-0.00022459586
2021-07-19,VIX,0.19845094,0.01005465
2021-07-20,VIX,-0.13137498,0.0068874867
2021-07-21,VIX,-0.096781105,0.0036345045
2021-07-22,VIX,-0.012359708,0.0033512763
2021-07-23,VIX,-0.028090125,0.002354466
2021-07-26,VIX,0.021852508,0.0039203404
2021-07-27,VIX,0.09644719,0.011128483
2021-07-28,VIX,-0.055761725,0.014701253
2021-07-29,VIX,-0.03388272,0.0067544766
2021-07-30,VIX,0.030052345,0.00384739
2021-08-02,VIX,0.06474409,0.006413748
2021-08-03,VIX,-0.07576956,0.0041558086
2021-08-04,VIX,-0.0038878138,0.0036831105
2021-08-05,VIX,-0.039153937,0.0056824335
2021-08-06,VIX,-0.06762972,0.004174803
2021-08-09,VIX,0.03468556,0.0026453915
2021-08-10,VIX,0.0041778632,0.0034884939
2021-08-11,VIX,-0.044451762,0.0036293133
2021-08-12,VIX,-0.029702025,0.0025336824
2021-08-13,VIX,-0.00902068,0.0027142353
2021-08-16,VIX,0.042451736,0.0038015437
2021-08-17,VIX,0.10529848,0.0013415404
2021-08-18,VIX,0.18594424,0.0016832529
2021-08-19,VIX,0.0046253554,0.0014403738
2021-08-20,VIX,-0.15492009,0.010678768
2021-08-23,VIX,-0.07901055,0.0039586034
2021-08-24,VIX,0.0040733255,0.0020080428
2021-08-25,VIX,-0.025288029,0.0023499627
2021-08-26,VIX,0.1151988,0.004995969
2021-08-27,VIX,-0.13931088,0.002235615
2021-08-30,VIX,-0.0122776255,0.002294317
2021-08-31,VIX,0.017753758,0.00254962
2021-09-01,VIX,-0.022707328,-0.00028531783
2021-09-02,VIX,0.018450707,0.0018945197
2021-09-03,VIX,0.0,0.0006715114
2021-09-06,VIX,0.0,0.0047353674
2021-09-07,VIX,0.10022854,0.0044944542
2021-09-08,VIX,-0.009972381,0.002987769
2021-09-09,VIX,0.045709807,0.00471074
2021-09-10,VIX,0.10828178,0.004069076
2021-09-13,VIX,-0.078413166,0.0025928102
2021-09-14,VIX,0.0046355994,0.008148678
2021-09-15,VIX,-0.068038985,0.0073986324
2021-09-16,VIX,0.027666533,0.000582109
2021-09-17,VIX,0.10744502,0.0030841692
2021-09-20,VIX,0.21144637,0.007075345
2021-09-21,VIX,-0.053937577,0.0052733156
2021-09-22,VIX,-0.15462972,0.0053060562
2021-09-23,VIX,-0.11353954,0.006433283
2021-09-24,VIX,-0.04838767,0.0024613347
2021-09-27,VIX,0.055341426,0.0003278953
2021-09-28,VIX,0.21457818,0.005766288
2021-09-29,VIX,-0.030126706,0.0030350704
2021-09-30,VIX,0.025384296,0.009808661
2021-10-01,VIX,-0.089922816,0.0035090805
2021-10-04,VIX,0.08211367,0.0025928663
2021-10-05,VIX,-0.0750465,0.0031618718
2021-10-06,VIX,-0.014184635,0.006173564
2021-10-07,VIX,-0.07205879,0.003331
2021-10-08,VIX,-0.040203795,0.004554935
2021-10-11,VIX,0.06347242,0.006155993
2021-10-12,VIX,-0.0075282664,0.011681974
2021-10-13,VIX,-0.062894195,0.00089417194
2021-10-14,VIX,-0.100365855,0.0012915231
2021-10-15,VIX,-0.033778846,0.009308367
2021-10-18,VIX,0.0006133088,0.005895621
2021-10-19,VIX,-0.038117703,0.0015360363
2021-10-20,VIX,-0.013466058,0.0034416753
2021-10-21,VIX,-0.03147801,0.001398694
2021-10-22,VIX,0.027597021,0.010678778
2021-10-25,VIX,-0.012390116,0.0033684324
2021-10-26,VIX,0.04741439,0.002210902
2021-10-27,VIX,0.06069824,0.0023235108
2021-10-28,VIX,-0.026859269,0.010732303
2021-10-29,VIX,-0.016468808,0.006763586
2021-11-01,VIX,0.009182801,0.004546705
2021-11-02,VIX,-0.02342894,0.0042914976
2021-11-03,VIX,-0.059767224,0.002383245
2021-11-04,VIX,0.022266801,0.0060909106
2021-11-05,VIX,0.06518598,0.0109387105
2021-11-08,VIX,0.043923974,0.010160157
2021-11-09,VIX,0.032002732,0.00452041
2021-11-10,VIX,0.052052286,0.00865267
2021-11-11,VIX,-0.058824323,0.0076685045
2021-11-12,VIX,-0.08075077,0.006243182
2021-11-15,VIX,0.012202714,0.008343065
2021-11-16,VIX,-0.007303745,0.008791902
2021-11-17,VIX,0.044212695,0.002054215
2021-11-18,VIX,0.02766747,0.0074217007
2021-11-19,VIX,0.018028658,0.006004907
2021-11-22,VIX,0.06798734,0.004665432
2021-11-23,VIX,0.010895049,0.010844244
2021-11-24,VIX,-0.042155873,0.0057330257
2021-11-25,VIX,0.0,0.007614885
2021-11-26,VIX,0.43202004,0.0007261439
2021-11-29,VIX,-0.2203522,0.004175396
2021-11-30,VIX,0.16909568,0.012054675
2021-12-01,VIX,0.13500144,0.006067005
2021-12-02,VIX,-0.1074335,0.004151386
2021-12-03,VIX,0.09286778,0.0068103042
2021-12-06,VIX,-0.12080357,0.008573871
2021-12-07,VIX,-0.2164515,0.005800952
2021-12-08,VIX,-0.09531018,0.00979828
2021-12-09,VIX,0.08104723,0.003852063
2021-12-10,VIX,-0.14377834,0.008822316
2021-12-13,VIX,0.08312476,0.0063636196
2021-12-14,VIX,0.074916534,0.01605439
2021-12-15,VIX,-0.12644309,0.011574864
2021-12-16,VIX,0.06424688,0.0098315375
2021-12-17,VIX,0.047469757,0.012587772
2021-12-20,VIX,0.05852255,0.0049164817
2021-12-21,VIX,-0.08482749,0.0035706996
2021-12-22,VIX,-0.12022533,0.002359184
2021-12-23,VIX,-0.036626123,0.0037301641
2021-12-24,VIX,0.0,0.0071768137
2021-12-27,VIX,-0.015713006,0.0031236743
2021-12-28,VIX,-0.00795007,0.0024500506
2021-12-29,VIX,-0.034216154,0.009944712
2021-12-30,VIX,0.02217127,0.008002368
2021-12-31,VIX,-0.0063676047,0.0033029139
2021-01-01,AGG,0.0,0.080610916
2021-01-04,AGG,-0.0012699489,-0.08154688
2021-01-05,AGG,-0.0010171216,0.15200758
2021-01-06,AGG,-0.004930725,-0.052322738
2021-01-07,AGG,-0.0010231924,-0.075405695
2021-01-08,AGG,-0.0011950493,0.04279294
2021-01-11,AGG,-0.0016241402,-0.1476854
2021-01-12,AGG,0.00085513946,0.1646715
2021-01-13,AGG,0.0031576727,-0.24149737
2021-01-14,AGG,-0.0019617048,0.21830603
2021-01-15,AGG,0.0010239782,-0.17080066
2021-01-18,AGG,0.0,0.088993795
2021-01-19,AGG,0.0013636753,0.13122702
2021-01-20,AGG,8.5167994e-05,0.08892012
2021-01-21,AGG,-0.0014488433,0.024252485
2021-01-22,AGG,0.0,0.22035912
2021-01-25,AGG,0.0025553678,0.18162173
2021-01-26,AGG,-0.00034033865,-0.08646087
2021-01-27,AGG,8.509552e-05,-0.044430822
2021-01-28,AGG,-0.000680967,0.18890822
2021-01-29,AGG,-0.0011075614,-0.07359696
2021-02-01,AGG,-0.00068218645,0.18384804
2021-02-02,AGG,-0.0015366231,0.07157997
2021-02-03,AGG,-0.001196786,-0.119402006
2021-02-04,AGG,-0.0004277709,-0.120358065
2021-02-05,AGG,-0.0012844118,-0.06736301
2021-02-08,AGG,0.0010276613,-1.3726126e-06
2021-02-09,AGG,0.0004278807,-0.004162043
2021-02-10,AGG,0.0009406936,0.06694291
2021-02-11,AGG,-0.0011974,-0.0019755901
2021-02-12,AGG,-0.0023133284,2.7000474e-06
2021-02-15,AGG,0.0,-0.12742828
2021-02-16,AGG,-0.0047289543,-4.4228254e-05
2021-02-17,AGG,0.001980284,-5.3526735e-05
2021-02-18,AGG,-0.00051621784,-0.04890102
2021-02-19,AGG,-0.0031029158,0.050317433
2021-02-22,AGG,-0.0031125739,-0.06637038
2021-02-23,AGG,0.0002597515,-0.0035802235
2021-02-24,AGG,-0.00034635034,0.07992419
2021-02-25,AGG,-0.009222268,0.10054639
2021-02-26,AGG,0.008095801,-0.0004927327
2021-03-01,AGG,-0.0021698573,0.012331919
2021-03-02,AGG,0.00017376195,-0.21431999
2021-03-03,AGG,-0.0036553566,2.0239033e-05
2021-03-04,AGG,-0.002881469,0.09189334
2021-03-05,AGG,-0.0006997901,0.051340025
2021-03-08,AGG,-0.00394547,-0.07301667
2021-03-09,AGG,0.003770446,-0.21275654
2021-03-10,AGG,0.0016614931,-0.038825978
2021-03-11,AGG,-8.737822e-05,0.046256453
2021-03-12,AGG,-0.005696024,-0.16761675
2021-03-15,AGG,0.0010540185,-0.17282215
2021-03-16,AGG,-0.0003512161,0.12554027
2021-03-17,AGG,-8.78233e-05,-0.060423907
2021-03-18,AGG,-0.003871881,-0.06892224
2021-03-19,AGG,0.0007931962,-0.1429593
2021-03-22,AGG,0.0019362795,-0.26927975
2021-03-23,AGG,0.0025466534,-0.22439884
2021-03-24,AGG,0.0012271015,0.077902704
2021-03-25,AGG,-0.0005257163,-0.07121444
2021-03-26,AGG,-0.001666594,0.10869526
2021-03-29,AGG,-0.0016693762,-0.1121963
2021-03-30,AGG,0.0007911045,-0.16036506
2021-03-31,AGG,0.00017571605,0.26911065
2021-04-01,AGG,0.0018431568,0.11259695
2021-04-02,AGG,0.0,-0.16029087
2021-04-05,AGG,-0.0020188726,-0.10787016
2021-04-06,AGG,0.0035084677,-0.17689294
2021-04-07,AGG,-0.0015772874,-0.13652818
2021-04-08,AGG,0.0024524843,-0.028440122
2021-04-09,AGG,-0.0011379055,-0.060772464
2021-04-12,AGG,-0.00026277755,-0.0602049
2021-04-13,AGG,0.0028867624,0.14361829
2021-04-14,AGG,-0.0007864727,0.05098509
2021-04-15,AGG,0.003926193,0.077364564
2021-04-16,AGG,-0.0026157482,-0.12304498
2021-04-19,AGG,-0.0007860606,-0.062744886
2021-04-20,AGG,0.0015715037,-0.05255004
2021-04-21,AGG,0.00095914904,0.10553497
2021-04-22,AGG,0.00026142652,0.040577576
2021-04-23,AGG,-0.00017427675,0.13221529
2021-04-26,AGG,-0.00087183964,0.074149325
2021-04-27,AGG,-0.0024452026,0.019812329
2021-04-28,AGG,0.00052447553,-0.10038181
2021-04-29,AGG,-0.00052447553,-0.030937113
2021-04-30,AGG,0.0010486761,0.111533776
2021-05-03,AGG,-0.0008738204,-0.059664343
2021-05-04,AGG,0.0012231349,-0.18105927
2021-05-05,AGG,0.0007855117,0.1406434
2021-05-06,AGG,0.0001744744,0.102787465
2021-05-07,AGG,-0.000261723,0.18648732
2021-05-10,AGG,-0.0015717782,-0.18149292
2021-05-11,AGG,-0.002187132,-0.03459141
2021-05-12,AGG,-0.003509391,-0.013759426
2021-05-13,AGG,0.0022825047,0.17170691
2021-05-14,AGG,0.0022773067,0.051561505
2021-05-17,AGG,-0.0008752736,-0.04146549
2021-05-18,AGG,-0.0012266715,-0.07330291
2021-05-19,AGG,-0.0014037553,-0.11992177
2021-05-20,AGG,0.0034182074,-0.073977344
2021-05-21,AGG,0.00043738793,-0.13837472
2021-05-24,AGG,0.00096158055,-0.13230506
2021-05-25,AGG,0.0024434954,0.054712743
2021-05-26,AGG,-0.00034870545,-0.1555461
2021-05-27,AGG,-0.0012214275,-0.06122729
2021-05-28,AGG,0.0,-0.23284985
2021-05-31,AGG,0.0,-0.06328372
2021-06-01,AGG,-0.0019224053,0.033484407
2021-06-02,AGG,0.0013111316,0.03946466
2021-06-03,AGG,-0.0023612762,0.07334619
2021-06-04,AGG,0.004106782,-0.13059525
2021-06-07,AGG,-0.00069783675,-0.06651744
2021-06-08,AGG,0.0018307838,-0.15433347
2021-06-09,AGG,0.0020013058,-0.10943333
2021-06-10,AGG,0.0020840578,-0.19367176
2021-06-11,AGG,-0.00043382068,-0.07086043
2021-06-14,AGG,-0.0025198779,-0.15071294
2021-06-15,AGG,0.00043491498,0.07239467
2021-06-16,AGG,-0.003222859,-0.046485525
2021-06-17,AGG,0.0031358912,0.078350134
2021-06-18,AGG,0.0026924931,-0.14160737
2021-06-21,AGG,-0.002605525,-0.14835846
2021-06-22,AGG,0.0010430248,-0.03845891
2021-06-23,AGG,-0.00052137644,-0.16595449
2021-06-24,AGG,0.0003476145,-0.13563842
2021-06-25,AGG,-0.0020004355,-0.2045009
2021-06-28,AGG,0.0028689436,0.16484486
2021-06-29,AGG,0.00052074296,0.030782783
2021-06-30,AGG,0.0006939024,0.14531526
2021-07-01,AGG,-0.0019093913,0.08869691
2021-07-02,AGG,0.0021694805,-0.23933688
2021-07-05,AGG,0.0,0.13446547
2021-07-06,AGG,0.0032022183,-0.20484984
2021-07-07,AGG,0.0017266688,-0.061352912
2021-07-08,AGG,0.0011207381,0.17812034
2021-07-09,AGG,-0.0032795405,-0.061154295
2021-07-12,AGG,-0.0006053007,-0.26100552
2021-07-13,AGG,-0.0021647841,-0.12980515
2021-07-14,AGG,0.0033750194,-0.058502853
2021-07-15,AGG,0.0021574982,0.018597675
2021-07-16,AGG,-0.00086244073,-0.10699971
2021-07-19,AGG,0.005249356,-0.11134525
2021-07-20,AGG,-0.00094457093,-0.20838208
2021-07-21,AGG,-0.0032699453,-0.17605008
2021-07-22,AGG,0.0023244813,0.11640766
2021-07-23,AGG,-0.00068817206,-0.32616317
2021-07-26,AGG,-0.0008608816,-0.16831228
2021-07-27,AGG,0.0023226815,-0.15064843
2021-07-28,AGG,0.0009447332,-0.14305012
2021-07-29,AGG,-0.0016323728,0.028447911
2021-07-30,AGG,0.0013748069,0.10336489
2021-08-02,AGG,0.00068669533,-0.15530927
2021-08-03,AGG,0.0003431709,0.032245826
2021-08-04,AGG,-8.5781685e-05,0.11132249
2021-08-05,AGG,-0.0022329106,-0.10529111
2021-08-06,AGG,-0.0044808346,-0.15489687
2021-08-09,AGG,-0.0018152747,0.082318716
2021-08-10,AGG,-0.0012986453,-0.23058127
2021-08-11,AGG,0.00095250475,0.10658729
2021-08-12,AGG,8.6546366e-05,0.04197454
2021-08-13,AGG,0.0036282002,-0.13168065
2021-08-16,AGG,0.00051724137,-0.13389507
2021-08-17,AGG,-0.0007759624,0.2420753
2021-08-18,AGG,8.624779e-05,-0.20245205
2021-08-19,AGG,0.0017233955,0.12841336
2021-08-20,AGG,8.609186e-05,0.009662264
2021-08-23,AGG,0.0,0.14329684
2021-08-24,AGG,-0.0014645706,-0.10103162
2021-08-25,AGG,-0.0018985163,-0.23811986
2021-08-26,AGG,8.6374435e-05,0.038023934
2021-08-27,AGG,0.0027600501,-0.14116853
2021-08-30,AGG,0.0011190979,0.02417985
2021-08-31,AGG,-0.0014636879,-0.17130709
2021-09-01,AGG,-0.0011207381,0.116862506
2021-09-02,AGG,0.001034572,0.123174675
2021-09-03,AGG,-0.0017248818,-0.052764878
2021-09-06,AGG,0.0,0.08513364
2021-09-07,AGG,-0.0026794604,0.11041397
2021-09-08,AGG,0.0016431015,0.16322269
2021-09-09,AGG,0.0031919968,-0.15440936
2021-09-10,AGG,-0.0019830158,0.1904882
2021-09-13,AGG,0.0012937171,0.097348
2021-09-14,AGG,0.0022384857,-0.090101615
2021-09-15,AGG,-0.00094644015,0.03256335
2021-09-16,AGG,-0.0017230986,0.041822154
2021-09-17,AGG,-0.00086266396,0.18360284
2021-09-20,AGG,0.0018968793,-0.08191512
2021-09-21,AGG,0.0004306076,-0.12402687
2021-09-22,AGG,0.00034435262,-0.121326685
2021-09-23,AGG,-0.004918255,-0.07203501
2021-09-24,AGG,-0.0017314523,0.08278483
2021-09-27,AGG,-0.0013873236,-0.087236114
2021-09-28,AGG,-0.0041735563,-0.24530734
2021-09-29,AGG,0.00069680344,-0.26528412
2021-09-30,AGG,-0.00017415534,-0.07281176
2021-10-01,AGG,0.0014793546,0.08473214
2021-10-04,AGG,-0.00069589424,-0.13527152
2021-10-05,AGG,-0.002352225,-0.04413218
2021-10-06,AGG,0.00043601485,-0.060429387
2021-10-07,AGG,-0.0027937857,0.11428566
2021-10-08,AGG,-0.0021880888,-0.22441407
2021-10-11,AGG,-0.0015783939,0.049912438
2021-10-12,AGG,0.003679051,-0.14826323
2021-10-13,AGG,0.0022707433,0.055021815
2021-10-14,AGG,0.001917379,0.12611605
2021-10-15,AGG,-0.0024409392,0.008594673
2021-10-18,AGG,-0.00069850695,-0.18247655
2021-10-19,AGG,-0.0028865098,-0.14593172
2021-10-20,AGG,-0.0007010165,-0.1927528
2021-10-21,AGG,-0.002106003,0.09882017
2021-10-22,AGG,0.001930672,-0.08873292
2021-10-25,AGG,0.00096393994,-0.18029304
2021-10-26,AGG,0.0018376728,-0.15306534
2021-10-27,AGG,0.0033167526,0.06579041
2021-10-28,AGG,-0.00078455306,0.08721482
2021-10-29,AGG,-0.00026165452,0.0045757648
2021-11-01,AGG,-0.002183121,0.19237898
2021-11-02,AGG,0.0020086465,-0.12289239
2021-11-03,AGG,-0.0020086465,-0.18161938
2021-11-04,AGG,0.0033164632,-0.22098732
2021-11-05,AGG,0.0039132186,-0.07691142
2021-11-08,AGG,-0.0018242633,-0.15096737
2021-11-09,AGG,0.002778503,0.05461029
2021-11-10,AGG,-0.0067861755,-0.031510048
2021-11-11,AGG,-0.0018349431,0.030145252
2021-11-12,AGG,-0.00017493221,-0.15209086
2021-11-15,AGG,-0.0036806632,-0.103491455
2021-11-16,AGG,-0.00035124694,-0.15769517
2021-11-17,AGG,0.002368526,0.03249801
2021-11-18,AGG,0.00087581016,-0.17059217
2021-11-19,AGG,0.0019240866,-0.2509275
2021-11-22,AGG,-0.004817176,-0.17082699
2021-11-23,AGG,-0.0039586592,-0.2219352
2021-11-24,AGG,0.0022891364,-0.12353357
2021-11-25,AGG,0.0,0.012833204
2021-11-26,AGG,0.0070981327,0.07020318
2021-11-29,AGG,0.00052378874,-0.19534613
2021-11-30,AGG,0.0016568567,-0.17351066
2021-12-01,AGG,-0.0012205755,-0.118914194
2021-12-02,AGG,-0.00017448961,0.11586302
2021-12-03,AGG,0.0040055783,-0.1411609
2021-12-06,AGG,-0.0034822007,-0.13408937
2021-12-07,AGG,-0.0015709552,0.11953771
2021-12-08,AGG,-0.0026237553,-0.32761198
2021-12-09,AGG,8.756951e-05,0.039192375
2021-12-10,AGG,0.00026266254,0.040928543
2021-12-13,AGG,0.0034955903,-0.0517357
2021-12-14,AGG,-0.0019210624,-0.29070592
2021-12-15,AGG,-0.0007869541,-0.039115667
2021-12-16,AGG,0.00034983383,-0.010306843
2021-12-17,AGG,0.0012234555,-0.1753918
2021-12-20,AGG,-0.0014858195,-0.18670486
2021-12-21,AGG,-0.00078750495,-0.307546
2021-12-22,AGG,0.00087496726,-0.07887343
2021-12-23,AGG,-0.0012251686,-0.05453069
2021-12-24,AGG,0.0,-0.12613498
2021-12-27,AGG,0.0005252561,0.012335618
2021-12-28,AGG,-0.00043769422,-0.053583447
2021-12-29,AGG,-0.0029814122,-0.23046578
2021-12-30,AGG,0.0021930796,-0.12750944
2021-12-31,AGG,-0.00035056967,-0.03330001
2021-01-01,DBC,0.0,-0.07236372
2021-01-04,DBC,-0.0054570395,-0.0204525
2021-01-05,DBC,0.02765775,-0.027688358
2021-01-06,DBC,0.0013297874,-0.005431474
2021-01-07,DBC,0.0046403795,0.18659773
2021-01-08,DBC,0.00790518,-0.02348684
2021-01-11,DBC,-0.0072440226,0.031193787
2021-01-12,DBC,0.01898584,-0.016976804
2021-01-13,DBC,-0.002597404,0.014388661
2021-01-14,DBC,0.009061551,-0.01059999
2021-01-15,DBC,-0.014276686,0.0016780251
2021-01-18,DBC,0.0,0.041520033
2021-01-19,DBC,0.0032626456,0.05684911
2021-01-20,DBC,0.0006512537,0.044781964
2021-01-21,DBC,-0.0006512537,0.05296369
2021-01-22,DBC,-0.017083202,0.023753034
2021-01-25,DBC,0.01054723,0.01724051
2021-01-26,DBC,0.0019652806,0.07375218
2021-01-27,DBC,-0.0026212335,-0.016165718
2021-01-28,DBC,-0.004603757,0.01568707
2021-01-29,DBC,0.0013175233,0.011466226
2021-02-01,DBC,0.018911552,0.01125741
2021-02-02,DBC,0.007722046,0.07953103
2021-02-03,DBC,0.007026538,0.06663416
2021-02-04,DBC,0.005079376,0.15909474
2021-02-05,DBC,0.0050537065,0.1406606
2021-02-08,DBC,0.015630202,0.35540166
2021-02-09,DBC,0.0037151745,0.2107604
2021-02-10,DBC,-0.001855862,0.18854396
2021-02-11,DBC,-0.0018593126,0.22162804
2021-02-12,DBC,0.012330612,0.3179454
2021-02-15,DBC,0.0,0.31808332
2021-02-16,DBC,0.01339034,0.34434807
2021-02-17,DBC,0.0030184146,0.33436128
2021-02-18,DBC,-0.0036231924,0.19677268
2021-02-19,DBC,-0.0006051437,0.1750779
2021-02-22,DBC,0.022149963,0.17470413
2021-02-23,DBC,0.004725348,0.21467061
2021-02-24,DBC,0.015204972,0.19871432
2021-02-25,DBC,-0.008158553,0.17668676
2021-02-26,DBC,-0.021289982,0.23487365
2021-03-01,DBC,-0.008403411,0.11567839
2021-03-02,DBC,0.0042105326,0.18486723
2021-03-03,DBC,0.005984458,2.8206365e-05
2021-03-04,DBC,0.015394028,0.08898902
2021-03-05,DBC,0.020355457,0.089974284
2021-03-08,DBC,-0.013913268,0.086738035
2021-03-09,DBC,0.0,0.25524604
2021-03-10,DBC,0.006400953,0.20629852
2021-03-11,DBC,0.014968616,0.18156433
2021-03-12,DBC,-0.0045819096,0.049041726
2021-03-15,DBC,-0.0034502621,0.15428923
2021-03-16,DBC,-0.0040404093,0.061522808
2021-03-17,DBC,0.0,0.17445353
2021-03-18,DBC,-0.048587754,0.017579554
2021-03-19,DBC,0.021622464,0.031678047
2021-03-22,DBC,-0.0017841219,0.11706153
2021-03-23,DBC,-0.02837498,0.044961546
2021-03-24,DBC,0.025991188,-0.019789128
2021-03-25,DBC,-0.022934016,0.07169986
2021-03-26,DBC,0.023530498,0.03936451
2021-03-29,DBC,0.0011918952,0.12360939
2021-03-30,DBC,-0.016211703,0.056206934
2021-03-31,DBC,0.0054331557,0.02033569
2021-04-01,DBC,0.016716808,0.076747335
2021-04-02,DBC,0.0,0.09121813
2021-04-05,DBC,-0.014912295,0.074000075
2021-04-06,DBC,0.003599284,0.12949364
2021-04-07,DBC,0.002989539,0.07533873
2021-04-08,DBC,0.0053587505,0.28671452
2021-04-09,DBC,-0.0035693077,0.15376882
2021-04-12,DBC,0.0005957701,0.10054503
2021-04-13,DBC,0.010663608,0.06226247
2021-04-14,DBC,0.02272163,0.028435705
2021-04-15,DBC,0.006316415,0.10754882
2021-04-16,DBC,-0.0017187056,0.084164046
2021-04-19,DBC,0.0011461319,0.0886975
2021-04-20,DBC,-0.0017196909,0.024914687
2021-04-21,DBC,-0.0040241503,0.10842634
2021-04-22,DBC,0.008032172,0.083630934
2021-04-23,DBC,0.00796817,0.14477016
2021-04-26,DBC,0.006779687,0.15690285
2021-04-27,DBC,0.008410479,0.1847106
2021-04-28,DBC,0.0016736406,0.13059895
2021-04-29,DBC,0.0066666915,0.08598537
2021-04-30,DBC,-0.008340332,0.117680386
2021-05-03,DBC,0.011105056,-0.06706745
2021-05-04,DBC,0.015342766,0.14885475
2021-05-05,DBC,0.0037991905,0.11301247
2021-05-06,DBC,0.00486356,0.092616186
2021-05-07,DBC,0.009656727,0.09876405
2021-05-10,DBC,-0.006964936,0.09718665
2021-05-11,DBC,0.010695289,0.19169547
2021-05-12,DBC,-0.001064396,0.1326554
2021-05-13,DBC,-0.0280796,0.1337224
2021-05-14,DBC,0.00818112,0.18278249
2021-05-17,DBC,0.012415814,0.11178389
2021-05-18,DBC,-0.00484002,0.13021757
2021-05-19,DBC,-0.020697907,0.086127356
2021-05-20,DBC,-0.010511854,0.13164136
2021-05-21,DBC,0.009410531,0.07993989
2021-05-24,DBC,0.013680104,0.17665023
2021-05-25,DBC,-0.0032661979,0.07362722
2021-05-26,DBC,0.0016344324,0.097487725
2021-05-27,DBC,0.015663296,0.08509446
2021-05-28,DBC,-0.0032206147,0.08699341
2021-05-31,DBC,0.0,0.15814257
2021-06-01,DBC,0.017586384,0.14852437
2021-06-02,DBC,0.0052687163,0.16075924
2021-06-03,DBC,-0.008443322,0.1317053
2021-06-04,DBC,0.011067307,0.08759229
2021-06-07,DBC,0.0015710923,0.14851455
2021-06-08,DBC,0.009893337,0.1406473
2021-06-09,DBC,-0.004674119,0.10068241
2021-06-10,DBC,0.0036373124,0.06166296
2021-06-11,DBC,-0.0031168857,0.14393783
2021-06-14,DBC,-0.005739645,0.124868035
2021-06-15,DBC,-0.004195077,0.06277538
2021-06-16,DBC,-0.0057971175,0.08264557
2021-06-17,DBC,-0.026239792,0.13587645
2021-06-18,DBC,0.0102565,0.13546203
2021-06-21,DBC,0.012276642,0.1823081
2021-06-22,DBC,0.0015902468,0.09543713
2021-06-23,DBC,0.0063358187,0.1398709
2021-06-24,DBC,0.0036774403,0.113726296
2021-06-25,DBC,-0.0042038946,0.09387694
2021-06-28,DBC,-0.00052673166,-0.030847557
2021-06-29,DBC,0.0047306265,0.10588179
2021-06-30,DBC,0.009394641,0.078107715
2021-07-01,DBC,0.003629768,0.13920222
2021-07-02,DBC,0.009273637,0.02974591
2021-07-05,DBC,0.0,0.098901086
2021-07-06,DBC,-0.027555682,0.08468495
2021-07-07,DBC,-0.012198507,0.0969474
2021-07-08,DBC,0.008501645,0.022336965
2021-07-09,DBC,0.011572986,0.11463149
2021-07-12,DBC,0.001567808,0.047891755
2021-07-13,DBC,0.008320381,0.06690139
2021-07-14,DBC,-0.009888189,0.040975396
2021-07-15,DBC,-0.0052438504,0.16472985
2021-07-16,DBC,0.0,0.044714555
2021-07-19,DBC,-0.040778182,0.13601953
2021-07-20,DBC,0.014678165,0.10260325
2021-07-21,DBC,0.019770881,0.05558678
2021-07-22,DBC,0.00790518,0.07182354
2021-07-23,DBC,0.0052356143,0.0046051997
2021-07-26,DBC,0.0072841113,0.1239726
2021-07-27,DBC,-0.0057187574,0.10225082
2021-07-28,DBC,0.004681413,0.13324553
2021-07-29,DBC,0.017490158,0.14598447
2021-07-30,DBC,-0.005625175,0.06269744
2021-08-02,DBC,-0.010827638,0.07953199
2021-08-03,DBC,-0.004676548,0.081228174
2021-08-04,DBC,-0.016277598,0.04368623
2021-08-05,DBC,0.014713876,0.12875387
2021-08-06,DBC,-0.0083814,0.084784955
2021-08-09,DBC,-0.01430488,0.074494354
2021-08-10,DBC,0.01798039,0.060812797
2021-08-11,DBC,0.008870395,0.08344712
2021-08-12,DBC,-0.0036429912,0.12952901
2021-08-13,DBC,-0.00575165,0.087094955
2021-08-16,DBC,-0.0026253625,0.060255103
2021-08-17,DBC,-0.011102414,0.07509977
2021-08-18,DBC,-0.011764841,0.04027842
2021-08-19,DBC,-0.01408474,0.06194425
2021-08-20,DBC,-0.023738349,0.028072115
2021-08-23,DBC,0.035669077,0.08581492
2021-08-24,DBC,0.0208063,0.057993814
2021-08-25,DBC,0.00893567,0.08717964
2021-08-26,DBC,-0.007880261,0.11561601
2021-08-27,DBC,0.012578783,0.073667526
2021-08-30,DBC,0.0036392035,0.04265452
2021-08-31,DBC,-0.004681413,0.09208196
2021-09-01,DBC,-0.004703432,0.06884755
2021-09-02,DBC,0.011458458,0.04306202
2021-09-03,DBC,0.0010351968,0.12033206
2021-09-06,DBC,0.0,0.10460775
2021-09-07,DBC,-0.011446535,0.08568843
2021-09-08,DBC,0.0072993026,0.11506017
2021-09-09,DBC,-0.0072993026,0.068319485
2021-09-10,DBC,0.012997324,0.054230273
2021-09-13,DBC,0.0077180727,0.11966655
2021-09-14,DBC,-0.00051268906,0.07476589
2021-09-15,DBC,0.016277064,0.1037132
2021-09-16,DBC,-0.0070886374,0.03805586
2021-09-17,DBC,-0.008163311,0.058413204
2021-09-20,DBC,-0.011852754,0.09604522
2021-09-21,DBC,0.0010362695,0.111113206
2021-09-22,DBC,0.011328649,0.04324206
2021-09-23,DBC,0.015244198,0.16812782
2021-09-24,DBC,0.0045283097,0.045756277
2021-09-27,DBC,0.0134631805,0.032065533
2021-09-28,DBC,-0.007956282,0.06425113
2021-09-29,DBC,0.0009980041,0.083867304
2021-09-30,DBC,0.0064628613,0.08934211
2021-10-01,DBC,0.013290867,0.05432747
2021-10-04,DBC,0.016008103,0.022936586
2021-10-05,DBC,0.0124344025,0.07333572
2021-10-06,DBC,-0.016774897,0.14728034
2021-10-07,DBC,0.012488155,0.023808993
2021-10-08,DBC,0.003335719,0.054553363
2021-10-11,DBC,0.0066382415,0.033661477
2021-10-12,DBC,0.0,0.024371097
2021-10-13,DBC,0.0056550573,0.037667934
2021-10-14,DBC,0.01028527,0.0087027345
2021-10-15,DBC,0.008337242,0.08981461
2021-10-18,DBC,-0.00601436,0.058457553
2021-10-19,DBC,0.0023174982,0.014891965
2021-10-20,DBC,0.011049836,0.08476628
2021-10-21,DBC,-0.015225207,-0.011380242
2021-10-22,DBC,0.004638227,0.06966819
2021-10-25,DBC,0.0050773243,0.025539095
2021-10-26,DBC,0.0013802624,0.048098974
2021-10-27,DBC,-0.018562017,0.0614793
2021-10-28,DBC,0.0051389975,-0.016205836
2021-10-29,DBC,-0.0051389975,-0.0034367498
2021-11-01,DBC,0.0074662035,0.012103336
2021-11-02,DBC,0.0027855171,0.046655547
2021-11-03,DBC,-0.025829095,0.0658199
2021-11-04,DBC,-0.0062037897,-0.0023390248
2021-11-05,DBC,0.013786765,0.002090176
2021-11-08,DBC,0.006119106,-0.0052649216
2021-11-09,DBC,0.0079458235,0.036174525
2021-11-10,DBC,-0.012649501,-0.024826078
2021-11-11,DBC,0.0070472457,0.0609989
2021-11-12,DBC,-0.0014054816,-0.010958017
2021-11-15,DBC,0.00046871338,0.017760294
2021-11-16,DBC,-0.0014067998,0.04025471
2021-11-17,DBC,-0.008955987,0.027193842
2021-11-18,DBC,0.0033089134,-0.0068148365
2021-11-19,DBC,-0.016175425,0.01746081
2021-11-22,DBC,0.0071684895,0.010217116
2021-11-23,DBC,0.017933467,0.03237
2021-11-24,DBC,-0.003748833,0.080494285
2021-11-25,DBC,0.0,0.027462194
2021-11-26,DBC,-0.06147592,-0.029247696
2021-11-29,DBC,0.0,-0.036243685
2021-11-30,DBC,-0.027842851,0.028931892
2021-12-01,DBC,-0.008765202,0.025093365
2021-12-02,DBC,0.008765202,0.028590728
2021-12-03,DBC,0.0010261673,0.008397193
2021-12-06,DBC,0.017285636,0.06712253
2021-12-07,DBC,0.0150077855,0.029968863
2021-12-08,DBC,0.0133170895,-0.018825084
2021-12-09,DBC,-0.0153051615,0.06940054
2021-12-10,DBC,0.011377812,-0.035020977
2021-12-13,DBC,-0.0049309763,0.041356176
2021-12-14,DBC,-0.008937498,0.0018309479
2021-12-15,DBC,0.0049751345,-0.044795893
2021-12-16,DBC,0.005937672,0.018351968
2021-12-17,DBC,-0.011910811,0.016029196
2021-12-20,DBC,-0.0070140567,0.0115533685
2021-12-21,DBC,0.020896282,0.0045654764
2021-12-22,DBC,0.011747565,-0.02137507
2021-12-23,DBC,0.0053385226,-0.00698905
2021-12-24,DBC,0.0,-0.009854636
2021-12-27,DBC,0.012506176,0.031019233
2021-12-28,DBC,-0.0019138762,0.06383257
2021-12-29,DBC,0.00477784,0.077517666
2021-12-30,DBC,-0.00477784,0.023262283
2021-12-31,DBC,-0.0048007774,-0.008879402
2021-01-01,HYG,0.0,-0.06141889
2021-01-04,HYG,-0.0020639843,0.023633005
2021-01-05,HYG,0.00034429334,-0.09543163
2021-01-06,HYG,-0.0018376025,-0.030632377
2021-01-07,HYG,0.0028697718,0.02301114
2021-01-08,HYG,0.001489033,0.07370102
2021-01-11,HYG,-0.005393942,-0.027089164
2021-01-12,HYG,0.0012650223,-0.03633108
2021-01-13,HYG,0.0029837065,0.033021435
2021-01-14,HYG,-0.00022920009,0.017887352
2021-01-15,HYG,-0.0016058732,-0.015844839
2021-01-18,HYG,0.0,-0.072299376
2021-01-19,HYG,0.0028658241,-0.0010982507
2021-01-20,HYG,0.0018298266,-0.15046051
2021-01-21,HYG,-0.0005714612,0.01420655
2021-01-22,HYG,-0.0019454146,-0.07722072
2021-01-25,HYG,0.00022906884,-0.05417505
2021-01-26,HYG,-0.0014898862,-0.08849805
2021-01-27,HYG,-0.0028714198,-0.105774544
2021-01-28,HYG,0.0029861054,-0.1143084
2021-01-29,HYG,-0.0026410993,0.019804081
2021-02-01,HYG,-0.0004600345,0.03746409
2021-02-02,HYG,0.0024128235,-0.124867365
2021-02-03,HYG,0.00080298254,-0.06234027
2021-02-04,HYG,0.0020618564,-0.031082842
2021-02-05,HYG,0.0014864791,-0.06089094
2021-02-08,HYG,0.0029663455,-0.1336322
2021-02-09,HYG,-0.0018244019,-0.059396893
2021-02-10,HYG,-0.00022828444,-0.16375929
2021-02-11,HYG,0.00045651678,-0.08099683
2021-02-12,HYG,0.0015961695,-0.07043877
2021-02-15,HYG,0.0,-0.038921688
2021-02-16,HYG,-0.0015961695,-0.012455769
2021-02-17,HYG,-0.00034236806,-0.079988
2021-02-18,HYG,-0.0013706456,-0.113928445
2021-02-19,HYG,0.00011429225,-0.059278335
2021-02-22,HYG,-0.003090485,-0.12481469
2021-02-23,HYG,0.0024045354,-0.087076634
2021-02-24,HYG,0.0010287479,-0.114145994
2021-02-25,HYG,-0.009527708,-0.16390245
2021-02-26,HYG,-0.003003352,-0.13723223
2021-03-01,HYG,0.007606352,-0.14978202
2021-03-02,HYG,-0.0014936522,-0.06582109
2021-03-03,HYG,-0.0032246946,1.5945545e-05
2021-03-04,HYG,-0.0038139313,-0.06376198
2021-03-05,HYG,0.0030061302,-0.13671906
2021-03-08,HYG,-0.0072997254,-0.101867184
2021-03-09,HYG,0.0013945383,0.0117537975
2021-03-10,HYG,0.0031306187,-0.097742
2021-03-11,HYG,0.0036977162,-0.11421744
2021-03-12,HYG,-0.0027720046,-0.06772428
2021-03-15,HYG,0.00011565373,0.026454434
2021-03-16,HYG,-0.00231562,-0.077449836
2021-03-17,HYG,0.0013900152,-0.043241143
2021-03-18,HYG,-0.0076691057,-0.068806626
2021-03-19,HYG,0.0038419047,-0.065602615
2021-03-22,HYG,0.0035956658,0.064567216
2021-03-23,HYG,0.0010414859,0.0867356
2021-03-24,HYG,0.00057813496,-0.10852158
2021-03-25,HYG,0.0017324021,-0.047604356
2021-03-26,HYG,0.002995739,0.041877408
2021-03-29,HYG,0.0005750762,-0.055529248
2021-03-30,HYG,-0.0024175455,0.046925418
2021-03-31,HYG,0.004829261,-0.021009663
2021-04-01,HYG,-0.001262554,-0.10101115
2021-04-02,HYG,0.0,0.06553697
2021-04-05,HYG,0.000459295,-0.07034775
2021-04-06,HYG,0.0017204799,-0.051975816
2021-04-07,HYG,-0.00034385925,0.09619084
2021-04-08,HYG,0.00034385925,-0.044200897
2021-04-09,HYG,-0.0006878368,-0.040586893
2021-04-12,HYG,-0.0010326431,-0.05682467
2021-04-13,HYG,0.0006885472,-0.18084636
2021-04-14,HYG,-0.0004589788,-0.07671539
2021-04-15,HYG,0.0040089395,-0.14507258
2021-04-16,HYG,-0.002059733,0.14888598
2021-04-19,HYG,-0.0016049527,-0.010452162
2021-04-20,HYG,-0.0017224555,0.12596999
2021-04-21,HYG,0.0033274083,-0.11405549
2021-04-22,HYG,-0.0018344421,-0.1888983
2021-04-23,HYG,0.0026359537,-0.049156178
2021-04-26,HYG,-0.00045792788,-0.05131662
2021-04-27,HYG,-0.0013750432,-0.06573412
2021-04-28,HYG,0.0019474203,-0.102338895
2021-04-29,HYG,0.0011437723,-0.020908844
2021-04-30,HYG,-0.00045735194,0.026897572
2021-05-03,HYG,-0.002977897,-0.03294855
2021-05-04,HYG,-0.0005736906,0.08936073
2021-05-05,HYG,0.0019492066,-0.17316234
2021-05-06,HYG,-0.00034370166,-0.13669929
2021-05-07,HYG,0.00068728527,-0.14912273
2021-05-10,HYG,-0.0022927902,0.090820715
2021-05-11,HYG,-0.0010334732,-0.09620868
2021-05-12,HYG,-0.0048370473,-0.17116511
2021-05-13,HYG,0.0035724612,-0.09974555
2021-05-14,HYG,0.003215806,-0.19458829
2021-05-17,HYG,-0.001836337,0.11874752
2021-05-18,HYG,-0.0024153213,-0.07387451
2021-05-19,HYG,-0.0026520626,-0.009175469
2021-05-20,HYG,0.0042629247,0.01880632
2021-05-21,HYG,0.0014934806,-0.1175969
2021-05-24,HYG,0.0011473154,-0.03765679
2021-05-25,HYG,0.000114659175,0.0033344002
2021-05-26,HYG,0.00034389866,0.09984462
2021-05-27,HYG,-0.00045855786,-0.1585485
2021-05-28,HYG,-0.00034405643,0.083725125
2021-05-31,HYG,0.0,-0.13467428
2021-06-01,HYG,-0.00034417486,-0.024213895
2021-06-02,HYG,0.0012613958,-0.01504698
2021-06-03,HYG,-0.0020649314,0.032543372
2021-06-04,HYG,0.0021795249,0.039386537
2021-06-07,HYG,0.00034370166,-0.15244958
2021-06-08,HYG,0.0006870492,-0.10613816
2021-06-09,HYG,0.0008009612,-0.040121816
2021-06-10,HYG,0.0018283629,0.0556735
2021-06-11,HYG,0.0003424462,-0.07899779
2021-06-14,HYG,-0.0009134506,-0.07871719
2021-06-15,HYG,-0.00011424002,-0.0891346
2021-06-16,HYG,-0.0013718992,-0.056817412
2021-06-17,HYG,0.00068618485,-0.13259967
2021-06-18,HYG,-0.00045740424,0.067805484
2021-06-21,HYG,0.0019425248,0.030167902
2021-06-22,HYG,0.00068469706,0.04114198
2021-06-23,HYG,-0.0010272214,0.060591504
2021-06-24,HYG,0.0030785042,-0.037586443
2021-06-25,HYG,0.0010240657,-0.08030682
2021-06-28,HYG,-0.000113733295,0.03770105
2021-06-29,HYG,0.0012503554,-0.06529358
2021-06-30,HYG,0.00011359119,-0.031547487
2021-07-01,HYG,-0.0013639466,0.015719255
2021-07-02,HYG,0.0015910902,0.09078704
2021-07-05,HYG,0.0,-0.19959748
2021-07-06,HYG,-0.00056795595,0.11620897
2021-07-07,HYG,0.0003408123,0.12372954
2021-07-08,HYG,-0.002160442,0.021747798
2021-07-09,HYG,0.0017059998,-0.09531721
2021-07-12,HYG,-0.0003409672,0.06296808
2021-07-13,HYG,-0.0029599294,-0.13595632
2021-07-14,HYG,0.0015948967,-0.09093564
2021-07-15,HYG,-0.0006832157,-0.2137331
2021-07-16,HYG,-0.0013678333,-0.11920228
2021-07-19,HYG,-0.006752529,-0.0025022987
2021-07-20,HYG,0.005040102,-0.014704131
2021-07-21,HYG,0.0023965775,0.059170656
2021-07-22,HYG,0.00056976813,-0.13864118
2021-07-23,HYG,0.0019347869,0.007495125
2021-07-26,HYG,-0.001479206,-0.058056302
2021-07-27,HYG,-0.0013673657,-0.06722607
2021-07-28,HYG,0.00079785724,-0.030360298
2021-07-29,HYG,0.002162409,-0.056649942
2021-07-30,HYG,-0.0013651879,-0.15478924
2021-08-02,HYG,-0.0057084295,-0.06980346
2021-08-03,HYG,0.0011442958,-0.16580859
2021-08-04,HYG,-0.0018315023,-0.10823244
2021-08-05,HYG,0.0022888542,-0.093928196
2021-08-06,HYG,-0.0011437723,-0.1056199
2021-08-09,HYG,-0.0022914768,-0.19415686
2021-08-10,HYG,-0.0022967397,-0.07448733
2021-08-11,HYG,0.0016082715,-0.25997543
2021-08-12,HYG,0.0017202826,0.060679223
2021-08-13,HYG,0.002174785,-0.11401334
2021-08-16,HYG,0.00034295514,-0.09201182
2021-08-17,HYG,-0.0022885923,-0.09826118
2021-08-18,HYG,-0.0022938421,-0.059249762
2021-08-19,HYG,-0.00011483034,-0.054289084
2021-08-20,HYG,0.0024086724,-0.14919433
2021-08-23,HYG,0.003088364,-0.05738244
2021-08-24,HYG,0.0013695506,-0.14494662
2021-08-25,HYG,0.0010259334,-0.12279156
2021-08-26,HYG,-0.00056983304,0.021309312
2021-08-27,HYG,0.0027322422,-0.1396884
2021-08-30,HYG,0.0012497872,-0.11388058
2021-08-31,HYG,0.00022706631,-0.020393522
2021-09-01,HYG,-0.0022729866,0.06194329
2021-09-02,HYG,0.0012507819,0.020550886
2021-09-03,HYG,0.00011362991,-0.1657268
2021-09-06,HYG,0.0,-0.13656324
2021-09-07,HYG,-0.00261676,-0.23920858
2021-09-08,HYG,0.0011385633,-0.15865237
2021-09-09,HYG,0.00090991816,0.03504556
2021-09-10,HYG,-0.0014790378,-0.11273632
2021-09-13,HYG,0.002501707,0.061990134
2021-09-14,HYG,-0.00045439057,-0.21105699
2021-09-15,HYG,0.0014760151,-0.11300094
2021-09-16,HYG,-0.00034042553,-0.065069824
2021-09-17,HYG,-0.0012492194,-0.14337172
2021-09-20,HYG,-0.0035289468,-0.2389731
2021-09-21,HYG,0.00170911,-0.13737154
2021-09-22,HYG,0.0018198367,0.06568822
2021-09-23,HYG,0.00045444217,0.05297574
2021-09-24,HYG,-0.0014776927,-0.17750305
2021-09-27,HYG,-0.0009104359,-0.0811727
2021-09-28,HYG,-0.0045646545,0.026199628
2021-09-29,HYG,0.0018283629,-0.062434305
2021-09-30,HYG,-0.001142335,0.086187005
2021-10-01,HYG,-0.00091480854,-0.10764349
2021-10-04,HYG,-0.0035528087,-0.122367755
2021-10-05,HYG,-0.00045934774,-0.116585195
2021-10-06,HYG,-0.00057448156,-0.16702782
2021-10-07,HYG,0.00011492272,-0.12204555
2021-10-08,HYG,-0.0029922912,-0.10458915
2021-10-11,HYG,-0.0031168857,-0.07796034
2021-10-12,HYG,0.0018482158,-0.15801728
2021-10-13,HYG,0.00265084,-0.123426504
2021-10-14,HYG,0.0056241183,-0.1383778
2021-10-15,HYG,-0.0017183119,-0.099865705
2021-10-18,HYG,-0.0004587156,-0.038325436
2021-10-19,HYG,0.0006879945,0.123646446
2021-10-20,HYG,0.00034381985,-0.17707534
2021-10-21,HYG,-0.002524095,-0.2693099
2021-10-22,HYG,-0.0024153213,-0.21311016
2021-10-25,HYG,0.0017258245,-0.11174767
2021-10-26,HYG,0.00022988506,0.107435614
2021-10-27,HYG,-0.000804829,-0.11286433
2021-10-28,HYG,0.0025272844,-0.15924011
2021-10-29,HYG,-0.002642313,-0.1821892
2021-11-01,HYG,-0.004265382,-0.107807405
2021-11-02,HYG,0.0024231246,-0.21371192
2021-11-03,HYG,0.0019572857,0.06485168
2021-11-04,HYG,0.0026420094,0.0375695
2021-11-05,HYG,0.0037785582,-0.061847143
2021-11-08,HYG,-0.0012579337,-0.15834795
2021-11-09,HYG,0.00080068636,0.03479342
2021-11-10,HYG,-0.0056183143,0.014991364
2021-11-11,HYG,-0.0017262218,-0.1603422
2021-11-12,HYG,0.0003454828,-0.08373977
2021-11-15,HYG,-0.0011520738,-0.04799561
2021-11-16,HYG,0.00046098884,-0.1945021
2021-11-17,HYG,-0.0010375238,-0.25322527
2021-11-18,HYG,-0.0008077079,-0.22099918
2021-11-19,HYG,-0.0008083608,0.009605306
2021-11-22,HYG,-0.00381967,0.0010117103
2021-11-23,HYG,-0.0013925963,-0.13530543
2021-11-24,HYG,-0.00023228803,-0.18295673
2021-11-25,HYG,0.0,-0.18509619
2021-11-26,HYG,-0.0072278236,-0.15678188
2021-11-29,HYG,0.006181859,-0.0118029
2021-11-30,HYG,-0.0041948324,-0.19920334
2021-12-01,HYG,-0.0031577128,-0.08974101
2021-12-02,HYG,0.0073525454,-0.16398424
2021-12-03,HYG,0.0,-0.2158099
2021-12-06,HYG,0.0044088713,-0.107162245
2021-12-07,HYG,0.0053111776,-0.23580576
2021-12-08,HYG,-0.00023033514,-0.059725404
2021-12-09,HYG,-0.004502172,0.017566323
2021-12-10,HYG,0.0023113382,-0.10564822
2021-12-13,HYG,0.0,-0.05628663
2021-12-14,HYG,-0.0017330026,-0.15242225
2021-12-15,HYG,0.003808649,-0.15182647
2021-12-16,HYG,-0.00415561,-0.1531757
2021-12-17,HYG,-0.00092581887,-0.23394299
2021-12-20,HYG,-0.001738224,0.033966802
2021-12-21,HYG,0.005321007,0.009364961
2021-12-22,HYG,0.0026499238,0.037100863
2021-12-23,HYG,0.0028724095,-0.083439834
2021-12-24,HYG,0.0,0.036632836
2021-12-27,HYG,0.001032051,-0.09708008
2021-12-28,HYG,-0.00045855786,-0.14511591
2021-12-29,HYG,-0.0016066104,-0.13791013
2021-12-30,HYG,-0.00045950603,-0.1745366
2021-12-31,HYG,-0.00022983222,-0.1426264
2021-01-01,LQD,0.0,0.022453047
2021-01-04,LQD,-0.005080574,-0.025533738
2021-01-05,LQD,-0.0032067662,-0.1110256
2021-01-06,LQD,-0.008135787,-0.03156337
2021-01-07,LQD,-0.00014719953,-0.13780214
2021-01-08,LQD,-0.00073632284,-0.12040474
2021-01-11,LQD,-0.0042813974,-0.07869578
2021-01-12,LQD,0.00214299,-0.115783684
2021-01-13,LQD,0.0077209105,0.037326757
2021-01-14,LQD,-0.0043310765,-0.1616336
2021-01-15,LQD,0.0015437207,0.07182016
2021-01-18,LQD,0.0,-0.09428167
2021-01-19,LQD,0.001761339,-0.0755952
2021-01-20,LQD,-0.00029334115,0.10479469
2021-01-21,LQD,-0.003968551,-0.14169371
2021-01-22,LQD,-0.0007366483,-0.10585278
2021-01-25,LQD,0.0042650257,-0.094923645
2021-01-26,LQD,-7.338103e-05,0.10365764
2021-01-27,LQD,-0.0017627621,0.005817422
2021-01-28,LQD,-0.0016185995,-0.04653625
2021-01-29,LQD,-0.0015474746,-0.16789424
2021-02-01,LQD,0.0,-0.215951
2021-02-02,LQD,-0.0026583977,0.06618837
2021-02-03,LQD,-0.0023689677,-0.10056953
2021-02-04,LQD,0.0017032626,-0.10619895
2021-02-05,LQD,-0.002667261,-0.0026909583
2021-02-08,LQD,0.0042937584,-7.1895406e-06
2021-02-09,LQD,-0.0015525083,-0.00256979
2021-02-10,LQD,0.002364766,-0.0009192384
2021-02-11,LQD,-0.0026607555,-0.0045633814
2021-02-12,LQD,-0.0032616782,-1.4722563e-05
2021-02-15,LQD,0.0,3.876333e-05
2021-02-16,LQD,-0.0070787524,-5.9482622e-06
2021-02-17,LQD,0.0049975864,-0.012160624
2021-02-18,LQD,-0.0019363974,-0.021654293
2021-02-19,LQD,-0.007257523,-0.11418664
2021-02-22,LQD,-0.006252139,-0.016743856
2021-02-23,LQD,0.0007553441,0.0009416051
2021-02-24,LQD,0.0015089787,-0.098355316
2021-02-25,LQD,-0.015958998,0.04127792
2021-02-26,LQD,0.013165595,0.00015253742
2021-03-01,LQD,-0.0010590017,0.03980742
2021-03-02,LQD,-0.0011358905,0.052978776
2021-03-03,LQD,-0.007453073,5.165488e-06
2021-03-04,LQD,-0.008201479,-0.0061443946
2021-03-05,LQD,-0.0013092535,0.0518554
2021-03-08,LQD,-0.009368656,0.08335591
2021-03-09,LQD,0.0075173755,0.05350196
2021-03-10,LQD,0.0046986416,0.108660825
2021-03-11,LQD,0.00061458093,0.0875473
2021-03-12,LQD,-0.01158672,0.076271646
2021-03-15,LQD,0.003412708,0.102793224
2021-03-16,LQD,-0.00069710705,-0.10876075
2021-03-17,LQD,0.0009293681,0.15110156
2021-03-18,LQD,-0.0057449113,0.065071404
2021-03-19,LQD,0.0014781968,0.13792886
2021-03-22,LQD,0.0035697694,-0.03065412
2021-03-23,LQD,0.0029393586,-0.09375387
2021-03-24,LQD,0.003007753,0.092560746
2021-03-25,LQD,-0.0011557577,0.052495904
2021-03-26,LQD,-0.0006940964,-0.11079034
2021-03-29,LQD,-0.0023944706,-0.06363818
2021-03-30,LQD,0.003088567,-0.045684062
2021-03-31,LQD,0.0026178025,-0.1723248
2021-04-01,LQD,0.0042967917,-0.042336624
2021-04-02,LQD,0.0,-0.098643355
2021-04-05,LQD,-0.004912129,0.087419525
2021-04-06,LQD,0.006671548,0.15897156
2021-04-07,LQD,-0.001989137,-0.07321522
2021-04-08,LQD,0.0036691679,-0.03312896
2021-04-09,LQD,-0.0020622502,0.1242561
2021-04-12,LQD,-0.00022940164,-0.018849382
2021-04-13,LQD,0.004425799,-0.013272918
2021-04-14,LQD,-0.0013714288,0.12449411
2021-04-15,LQD,0.0061566723,0.09423572
2021-04-16,LQD,-0.0068430924,-0.08878512
2021-04-19,LQD,-0.002597404,-0.13038932
2021-04-20,LQD,0.0019105122,-0.021139247
2021-04-21,LQD,0.0034297507,-0.06316596
2021-04-22,LQD,0.0009886308,0.08205612
2021-04-23,LQD,0.00083577103,-0.11514757
2021-04-26,LQD,-0.0004557885,-0.13819607
2021-04-27,LQD,-0.0044930205,-0.14980847
2021-04-28,LQD,0.0001526368,-0.048909087
2021-04-29,LQD,-0.0012217473,0.09672536
2021-04-30,LQD,0.0020608334,-0.15949842
2021-05-03,LQD,0.0004573868,-0.06414333
2021-05-04,LQD,0.00060952385,-0.12569678
2021-05-05,LQD,0.0012179342,0.07994035
2021-05-06,LQD,0.0019000575,0.06355733
2021-05-07,LQD,0.00037957868,-0.029561145
2021-05-10,LQD,-0.005403567,-0.057765517
2021-05-11,LQD,-0.003669729,0.013141558
2021-05-12,LQD,-0.0054529533,0.07112681
2021-05-13,LQD,0.0037664827,-0.024569651
2021-05-14,LQD,0.005432509,-0.038243446
2021-05-17,LQD,-0.0011452568,-0.09602231
2021-05-18,LQD,-0.0032903575,0.08529688
2021-05-19,LQD,-0.001764413,-0.031745836
2021-05-20,LQD,0.0068102954,-0.20114227
2021-05-21,LQD,0.0006861064,0.20692061
2021-05-24,LQD,0.0027397277,-0.09307689
2021-05-25,LQD,0.0037170534,-0.16698919
2021-05-26,LQD,-0.0005301625,-0.106172964
2021-05-27,LQD,-0.0030349037,0.17337887
2021-05-28,LQD,0.00083551713,-0.031883053
2021-05-31,LQD,0.0,-0.031639203
2021-06-01,LQD,-0.0018238473,-0.159885
2021-06-02,LQD,0.0015960482,-0.10604687
2021-06-03,LQD,-0.003956785,-0.13892096
2021-06-04,LQD,0.0070655565,-0.033573695
2021-06-07,LQD,-0.00083311246,0.06622735
2021-06-08,LQD,0.0037812947,0.10019134
2021-06-09,LQD,0.0036166406,-0.030273931
2021-06-10,LQD,0.004502484,-0.1366361
2021-06-11,LQD,0.0008232609,0.13238904
2021-06-14,LQD,-0.0036724792,0.1080015
2021-06-15,LQD,0.00075058173,0.084865086
2021-06-16,LQD,-0.0028552127,0.08771801
2021-06-17,LQD,0.005552652,0.110293865
2021-06-18,LQD,0.0052242824,-0.05549515
2021-06-21,LQD,-0.0058230846,-0.14239572
2021-06-22,LQD,0.0016458447,-0.088846475
2021-06-23,LQD,-0.0015709747,-0.0063814516
2021-06-24,LQD,0.0019446529,0.06970802
2021-06-25,LQD,-0.002618684,0.1841867
2021-06-28,LQD,0.004261211,-0.11804872
2021-06-29,LQD,0.0011928728,-0.045385506
2021-06-30,LQD,0.0011170274,-0.12314569
2021-07-01,LQD,-0.0027575945,-0.12890379
2021-07-02,LQD,0.0028320185,0.028348228
2021-07-05,LQD,0.0,-0.073065855
2021-07-06,LQD,0.0036400144,-0.09778053
2021-07-07,LQD,0.0034051407,-0.12904958
2021-07-08,LQD,0.0005171586,-0.22969177
2021-07-09,LQD,-0.004218947,-0.08118965
2021-07-12,LQD,-0.00051934563,-0.08298323
2021-07-13,LQD,-0.0037174765,0.17846513
2021-07-14,LQD,0.0046076183,-0.11731542
2021-07-15,LQD,0.0021479104,0.07225065
2021-07-16,LQD,-0.0014067303,0.15816855
2021-07-19,LQD,0.0071610804,-0.033687714
2021-07-20,LQD,-0.0013986531,-0.028998254
2021-07-21,LQD,-0.0035421776,-0.12920621
2021-07-22,LQD,0.0041313227,-0.18557543
2021-07-23,LQD,-0.0004418262,0.20340022
2021-07-26,LQD,-0.002212064,0.05211607
2021-07-27,LQD,0.004272252,-0.007346092
2021-07-28,LQD,0.0017625032,-0.005570393
2021-07-29,LQD,-0.0028656472,0.005847831
2021-07-30,LQD,0.00080909126,-0.12929326
2021-08-02,LQD,0.0011022524,-0.057600413
2021-08-03,LQD,0.0010276738,0.14053129
2021-08-04,LQD,0.0002200785,-0.19747294
2021-08-05,LQD,-0.0041161394,0.091693856
2021-08-06,LQD,-0.008209194,0.18659846
2021-08-09,LQD,-0.0043164464,0.13947128
2021-08-10,LQD,-0.002239977,0.052817665
2021-08-11,LQD,0.0015685107,0.029755494
2021-08-12,LQD,0.0014170118,-0.09652573
2021-08-13,LQD,0.0066850134,0.05809157
2021-08-16,LQD,0.0005920663,-0.016354218
2021-08-17,LQD,-0.0017772516,-0.1245832
2021-08-18,LQD,-0.00066728453,-0.019272717
2021-08-19,LQD,0.0022965525,-0.11130275
2021-08-20,LQD,0.00066575437,-0.09515218
2021-08-23,LQD,0.0007392076,0.06916328
2021-08-24,LQD,-0.0022933246,0.19125326
2021-08-25,LQD,-0.0025955741,0.09661429
2021-08-26,LQD,-0.00029706646,-0.049716417
2021-08-27,LQD,0.0055553643,0.1178753
2021-08-30,LQD,0.00169748,-0.102835275
2021-08-31,LQD,-0.002288584,-0.06878781
2021-09-01,LQD,-0.00044355734,-0.12807317
2021-09-02,LQD,0.00177305,-0.14892687
2021-09-03,LQD,-0.0036233263,-0.10573998
2021-09-06,LQD,0.0,-0.06600395
2021-09-07,LQD,-0.0047523663,0.07290582
2021-09-08,LQD,0.0031954844,-0.13050655
2021-09-09,LQD,0.006507936,0.14832343
2021-09-10,LQD,-0.0028789744,-0.13823946
2021-09-13,LQD,0.0024365943,-0.17870316
2021-09-14,LQD,0.003019037,0.14349666
2021-09-15,LQD,-0.0011770766,0.1435595
2021-09-16,LQD,-0.0013995804,-0.10028984
2021-09-17,LQD,-0.0022138597,-0.11928655
2021-09-20,LQD,0.003098033,0.10434761
2021-09-21,LQD,-7.365126e-05,0.17654406
2021-09-22,LQD,0.0027949414,-0.11017958
2021-09-23,LQD,-0.0069280937,-0.10937324
2021-09-24,LQD,-0.002147115,0.15422106
2021-09-27,LQD,-0.0005189606,-0.03683924
2021-09-28,LQD,-0.010735956,0.13149586
2021-09-29,LQD,-0.000224896,0.1595007
2021-09-30,LQD,-0.0026275306,-0.0910193
2021-10-01,LQD,0.00532295,-0.1945078
2021-10-04,LQD,-0.0016463372,-0.031044783
2021-10-05,LQD,-0.0041277404,-0.13004018
2021-10-06,LQD,0.0003007745,-0.0008802216
2021-10-07,LQD,-0.004445624,-0.07343552
2021-10-08,LQD,-0.004617198,0.09589891
2021-10-11,LQD,-0.0018984705,-0.12629685
2021-10-12,LQD,0.006364622,0.105615914
2021-10-13,LQD,0.005047662,0.06138861
2021-10-14,LQD,0.0047231787,-0.207586
2021-10-15,LQD,-0.003596587,-0.09739819
2021-10-18,LQD,-0.0008260429,-0.04055624
2021-10-19,LQD,-0.0054992796,-0.08979435
2021-10-20,LQD,-0.0024202098,0.12914646
2021-10-21,LQD,-0.0021224993,0.13296174
2021-10-22,LQD,0.0040137884,0.06932344
2021-10-25,LQD,0.00045337767,0.14610942
2021-10-26,LQD,0.0042968667,-0.10727829
2021-10-27,LQD,0.006074487,-0.09770671
2021-10-28,LQD,-0.0014964462,-0.12675965
2021-10-29,LQD,-0.00052428566,0.079172455
2021-11-01,LQD,-0.0037529129,-0.14347729
2021-11-02,LQD,0.0038278277,0.04960466
2021-11-03,LQD,-0.0025502564,-0.19072816
2021-11-04,LQD,0.005243458,-0.10396301
2021-11-05,LQD,0.0072949557,-0.10633036
2021-11-08,LQD,-0.0023018387,0.03398605
2021-11-09,LQD,0.0026726073,-0.08935654
2021-11-10,LQD,-0.010284017,-0.15405218
2021-11-11,LQD,-0.0028505009,-0.1789804
2021-11-12,LQD,-0.0010522361,0.03142034
2021-11-15,LQD,-0.0076241167,-0.13936418
2021-11-16,LQD,-0.0016684366,0.068523064
2021-11-17,LQD,0.0040147007,-0.10111269
2021-11-18,LQD,0.0022653488,0.05063123
2021-11-19,LQD,0.0037642142,-0.09024516
2021-11-22,LQD,-0.008754773,-0.2233455
2021-11-23,LQD,-0.0071510384,0.032875787
2021-11-24,LQD,0.004798364,-0.03193947
2021-11-25,LQD,0.0,-0.05509598
2021-11-26,LQD,0.00809721,-0.15536337
2021-11-29,LQD,0.0006780938,-0.09726467
2021-11-30,LQD,0.0021818464,0.028212951
2021-12-01,LQD,-0.0016547578,-0.04477332
2021-12-02,LQD,0.0023309158,0.07592091
2021-12-03,LQD,0.008301906,0.07763472
2021-12-06,LQD,-0.0050776694,0.087411605
2021-12-07,LQD,0.0004490682,0.09480723
2021-12-08,LQD,-0.0066819573,0.104127966
2021-12-09,LQD,-0.0008289687,-0.22016512
2021-12-10,LQD,0.0011302417,0.098817125
2021-12-13,LQD,0.004508235,-0.12584537
2021-12-14,LQD,-0.004508235,-0.03397944
2021-12-15,LQD,0.0012793981,-0.113431126
2021-12-16,LQD,-0.0019573898,0.008241379
2021-12-17,LQD,0.0023333721,-0.042423062
2021-12-20,LQD,-0.0043701096,-0.06220371
2021-12-21,LQD,0.0019613765,0.11182662
2021-12-22,LQD,0.0015813851,-0.11332068
2021-12-23,LQD,-0.0015060244,-0.12066277
2021-12-24,LQD,0.0,-0.12993892
2021-12-27,LQD,0.0029346498,-0.17047615
2021-12-28,LQD,-0.0012781476,0.029886926
2021-12-29,LQD,-0.005507162,0.018318383
2021-12-30,LQD,0.004001364,-0.04633475
2021-12-31,LQD,-0.0015080684,-0.052089673
2021-01-01,UUP,0.0,-0.10339584
2021-01-04,UUP,0.0008247423,-0.055380803
2021-01-05,UUP,-0.005787532,-0.10061133
2021-01-06,UUP,-0.0012445552,-0.07413172
2021-01-07,UUP,0.0057947184,-0.010688917
2021-01-08,UUP,0.0016494849,-0.07286128
2021-01-11,UUP,0.006161449,0.071659654
2021-01-12,UUP,-0.005337726,-0.08324204
2021-01-13,UUP,0.0032881247,0.07472568
2021-01-14,UUP,-0.0020538105,-0.16257863
2021-01-15,UUP,0.0065574003,0.03900492
2021-01-18,UUP,0.0,-0.10357545
2021-01-19,UUP,-0.0028635731,-0.11552828
2021-01-20,UUP,-0.0004097521,-0.0627516
2021-01-21,UUP,-0.0045183892,-0.042307884
2021-01-22,UUP,0.0020563446,-0.119172335
2021-01-25,UUP,0.00123178,-0.0690415
2021-01-26,UUP,-0.0028765174,-0.050270636
2021-01-27,UUP,0.0061538657,-0.105147384
2021-01-28,UUP,-0.0024570038,-0.09561558
2021-01-29,UUP,0.0012292565,-0.10409125
2021-02-01,UUP,0.0049019707,-0.12062842
2021-02-02,UUP,0.0012217473,-0.091493994
2021-02-03,UUP,-0.00040708325,-0.013766926
2021-02-04,UUP,0.004468827,-0.045026414
2021-02-05,UUP,-0.0056910724,-0.08274827
2021-02-08,UUP,-0.0004077472,-0.00061327434
2021-02-09,UUP,-0.005315899,-0.028855916
2021-02-10,UUP,-0.00041008816,-0.050188128
2021-02-11,UUP,-0.0004102564,-0.09503197
2021-02-12,UUP,0.0008203446,-0.003343347
2021-02-15,UUP,0.0,-0.0030550216
2021-02-16,UUP,0.0,-0.060149048
2021-02-17,UUP,0.0040916586,-1.271559e-05
2021-02-18,UUP,-0.0032719865,-0.01884348
2021-02-19,UUP,-0.0024610348,-0.010190025
2021-02-22,UUP,-0.0028788834,0.003333627
2021-02-23,UUP,0.00082338415,-0.0033823252
2021-02-24,UUP,-0.0016474469,-0.010833087
2021-02-25,UUP,0.003292184,-0.0015946265
2021-02-26,UUP,0.0073680235,-0.00013920288
2021-03-01,UUP,0.0008153282,-0.026213683
2021-03-02,UUP,-0.0036742233,0.092222914
2021-03-03,UUP,0.002858895,4.2951015e-05
2021-03-04,UUP,0.006504088,-0.039297577
2021-03-05,UUP,0.0036400445,-0.02601688
2021-03-08,UUP,0.0056360858,-0.022182522
2021-03-09,UUP,-0.0056360858,0.013429016
2021-03-10,UUP,-0.001616162,-0.09626223
2021-03-11,UUP,-0.0048642172,-0.084970586
2021-03-12,UUP,0.003245439,-0.013034938
2021-03-15,UUP,0.0020230636,-0.047828212
2021-03-16,UUP,0.0,-0.08012593
2021-03-17,UUP,-0.004862246,-0.076476686
2021-03-18,UUP,0.0060741226,0.01683412
2021-03-19,UUP,0.0004036327,-0.016259788
2021-03-22,UUP,-0.0020197947,0.08153395
2021-03-23,UUP,0.0060471864,0.07595453
2021-03-24,UUP,0.0024086724,-0.100650646
2021-03-25,UUP,0.0028028046,0.07222586
2021-03-26,UUP,-0.0012002402,-0.08210995
2021-03-29,UUP,0.0023990416,-0.013187088
2021-03-30,UUP,0.003985657,0.048799753
2021-03-31,UUP,-0.0007958616,-0.09005311
2021-04-01,UUP,-0.004388597,-0.048373334
2021-04-02,UUP,0.0,0.07569737
2021-04-05,UUP,-0.0032038474,0.06431925
2021-04-06,UUP,-0.0024096398,0.02185542
2021-04-07,UUP,0.0012055456,0.00041214042
2021-04-08,UUP,-0.004427457,0.01254288
2021-04-09,UUP,0.00080645166,-0.080749206
2021-04-12,UUP,-0.00040314454,-0.007838961
2021-04-13,UUP,-0.0036356333,0.017328165
2021-04-14,UUP,-0.001214821,-0.102276616
2021-04-15,UUP,0.0,-0.0513895
2021-04-16,UUP,-0.0012162986,-0.045470793
2021-04-19,UUP,-0.005695703,-0.0053192796
2021-04-20,UUP,0.0016306567,-0.060519237
2021-04-21,UUP,-0.0012227432,-0.054240584
2021-04-22,UUP,0.002850745,0.00809319
2021-04-23,UUP,-0.00570964,-0.06799347
2021-04-26,UUP,0.0,-0.069233894
2021-04-27,UUP,0.00040891435,0.038673267
2021-04-28,UUP,-0.0036862625,0.03079751
2021-04-29,UUP,0.0004102564,-0.06129616
2021-04-30,UUP,0.00816998,-0.11224213
2021-05-03,UUP,-0.0044852267,0.050701365
2021-05-04,UUP,0.0044852267,0.03603619
2021-05-05,UUP,-0.0004069176,-0.09161111
2021-05-06,UUP,-0.0048959707,-0.08117285
2021-05-07,UUP,-0.007389196,-0.08958866
2021-05-10,UUP,0.0,0.0049823048
2021-05-11,UUP,-0.0008244024,-0.07285786
2021-05-12,UUP,0.007395268,0.039937466
2021-05-13,UUP,-0.001638673,-0.06387333
2021-05-14,UUP,-0.004108469,-0.009290242
2021-05-17,UUP,-0.0012358394,-0.043010402
2021-05-18,UUP,-0.0045445235,-0.039904136
2021-05-19,UUP,0.0045445235,-0.02009122
2021-05-20,UUP,-0.004958688,0.009298213
2021-05-21,UUP,0.0033085225,0.023054939
2021-05-24,UUP,-0.002480365,0.08748731
2021-05-25,UUP,-0.0012424934,-0.09332543
2021-05-26,UUP,0.0037228584,-0.033639364
2021-05-27,UUP,-0.00082610495,-0.06677096
2021-05-28,UUP,0.00082610495,0.024114143
2021-05-31,UUP,0.0,-0.008682714
2021-06-01,UUP,-0.0016528929,-0.02231331
2021-06-02,UUP,0.0,-0.07396673
2021-06-03,UUP,0.0061843116,-0.05203184
2021-06-04,UUP,-0.0037059956,-0.0025933573
2021-06-07,UUP,-0.0016515281,0.060997784
2021-06-08,UUP,0.0012389016,-0.007866755
2021-06-09,UUP,0.00082508253,0.04396495
2021-06-10,UUP,-0.00082508253,0.09809708
2021-06-11,UUP,0.0049403147,-0.052480064
2021-06-14,UUP,-0.00082169275,0.009396184
2021-06-15,UUP,0.00082169275,-0.04578963
2021-06-16,UUP,0.008180005,-0.08861359
2021-06-17,UUP,0.007709513,-0.08287834
2021-06-18,UUP,0.0032284127,0.007277335
2021-06-21,UUP,-0.004846536,0.024615765
2021-06-22,UUP,-0.0016207459,-0.026937548
2021-06-23,UUP,0.0016207459,-0.02740739
2021-06-24,UUP,-0.0008100446,-0.04640867
2021-06-25,UUP,0.0004051043,0.03585594
2021-06-28,UUP,0.00040494028,-0.07472523
2021-06-29,UUP,0.0024262043,-0.036674898
2021-06-30,UUP,0.0028231516,-0.09185942
2021-07-01,UUP,0.002815204,-0.14941053
2021-07-02,UUP,-0.0040241503,0.034520634
2021-07-05,UUP,0.0,0.00485451
2021-07-06,UUP,0.0036224632,0.037916377
2021-07-07,UUP,0.0016057811,-0.084366456
2021-07-08,UUP,-0.004019298,-0.04384476
2021-07-09,UUP,-0.002419356,-0.008855974
2021-07-12,UUP,0.0012104097,0.11998168
2021-07-13,UUP,0.006030169,0.018327327
2021-07-14,UUP,-0.0048212227,0.076538555
2021-07-15,UUP,0.002815204,-0.039018974
2021-07-16,UUP,0.001204094,0.052553944
2021-07-19,UUP,0.0016032067,0.038700823
2021-07-20,UUP,0.0012007206,0.11635964
2021-07-21,UUP,-0.0024028847,0.049486093
2021-07-22,UUP,0.001202164,0.05268321
2021-07-23,UUP,0.0004004004,0.09488647
2021-07-26,UUP,-0.0032077013,0.047153853
2021-07-27,UUP,-0.0016077174,0.09755343
2021-07-28,UUP,-0.00281974,0.0039049007
2021-07-29,UUP,-0.0036371024,-0.12584426
2021-07-30,UUP,0.00283,-0.03641379
2021-08-02,UUP,-0.0012118765,0.02152008
2021-08-03,UUP,0.00040412205,-0.053634513
2021-08-04,UUP,0.001614857,-0.015815059
2021-08-05,UUP,0.0,-0.020159151
2021-08-06,UUP,0.0056315516,-0.0061196573
2021-08-09,UUP,0.002003607,-0.023608608
2021-08-10,UUP,0.0008003202,0.07071883
2021-08-11,UUP,-0.0020020027,0.052125517
2021-08-12,UUP,0.0012016825,-0.122255415
2021-08-13,UUP,-0.0048154187,0.07192509
2021-08-16,UUP,0.0008041818,0.060841493
2021-08-17,UUP,0.0060108374,-0.04982101
2021-08-18,UUP,0.0,0.11005617
2021-08-19,UUP,0.0047827912,-0.040592812
2021-08-20,UUP,-0.001193555,-0.080359004
2021-08-23,UUP,-0.005989237,-0.12624453
2021-08-24,UUP,-0.0008012821,0.065999836
2021-08-25,UUP,-0.0008019247,0.107142836
2021-08-26,UUP,0.0028039273,-0.124025255
2021-08-27,UUP,-0.0044097085,0.025710832
2021-08-30,UUP,0.0,-0.03783982
2021-08-31,UUP,0.0,0.049097747
2021-09-01,UUP,-0.0020108593,-0.09256047
2021-09-02,UUP,-0.002418381,-0.07122409
2021-09-03,UUP,-0.0020197947,0.1248441
2021-09-06,UUP,0.0,-0.061476734
2021-09-07,UUP,0.004840671,-0.036895055
2021-09-08,UUP,0.0016083638,-0.021074053
2021-09-09,UUP,-0.0024135169,-0.07741222
2021-09-10,UUP,0.0016096582,-0.059152372
2021-09-13,UUP,0.0,-0.10428513
2021-09-14,UUP,0.0,-0.020863641
2021-09-15,UUP,-0.002012478,-0.114073545
2021-09-16,UUP,0.004422118,-0.013657573
2021-09-17,UUP,0.0036036074,-0.045974102
2021-09-20,UUP,0.0003996004,0.036544103
2021-09-21,UUP,-0.00079936057,-0.035693623
2021-09-22,UUP,0.002794971,-0.004237941
2021-09-23,UUP,-0.003995211,-0.06205197
2021-09-24,UUP,0.0027983228,-0.03429005
2021-09-27,UUP,0.0011968883,0.11887825
2021-09-28,UUP,0.0035820934,-0.034681957
2021-09-29,UUP,0.007125921,0.07137969
2021-09-30,UUP,-0.0015791554,-0.0720178
2021-10-01,UUP,-0.0019774577,0.078273
2021-10-04,UUP,-0.0031720884,0.09694418
2021-10-05,UUP,0.001983734,0.08504238
2021-10-06,UUP,0.002770633,0.07362406
2021-10-07,UUP,-0.00039533505,-0.057531018
2021-10-08,UUP,-0.00079113926,0.07369356
2021-10-11,UUP,0.0027662534,-0.03814895
2021-10-12,UUP,0.0011831988,-0.033909276
2021-10-13,UUP,-0.005533611,-0.01682706
2021-10-14,UUP,0.0,0.09193001
2021-10-15,UUP,-0.0011897681,-0.051633973
2021-10-18,UUP,0.00039674668,0.07491251
2021-10-19,UUP,-0.0023828447,-0.030216796
2021-10-20,UUP,-0.0015917234,0.094778545
2021-10-21,UUP,0.0023866359,0.014969015
2021-10-22,UUP,-0.0019884675,-0.021266274
2021-10-25,UUP,0.0015910902,0.0527043
2021-10-26,UUP,0.0019853094,0.006356219
2021-10-27,UUP,-0.00039674668,0.012558208
2021-10-28,UUP,-0.005970167,-0.04501987
2021-10-29,UUP,0.007952328,-0.009013755
2021-11-01,UUP,-0.0031733466,-0.059743598
2021-11-02,UUP,0.0023809534,0.08121239
2021-11-03,UUP,-0.0023809534,0.07879528
2021-11-04,UUP,0.0051515866,-0.010671451
2021-11-05,UUP,-0.00079082645,-0.06717159
2021-11-08,UUP,-0.0019798067,0.0014927617
2021-11-09,UUP,-0.0011897681,-0.07184148
2021-11-10,UUP,0.010657295,-0.037085027
2021-11-11,UUP,0.0023529422,0.03325532
2021-11-12,UUP,-0.001175779,0.033146765
2021-11-15,UUP,0.0054751798,0.035333004
2021-11-16,UUP,0.00389257,0.046290703
2021-11-17,UUP,-0.001944391,0.1520013
2021-11-18,UUP,-0.0027285146,0.10696641
2021-11-19,UUP,0.0050613307,0.0897688
2021-11-22,UUP,0.0050358423,0.09112692
2021-11-23,UUP,-0.00038647343,0.057646193
2021-11-24,UUP,0.0038580294,0.083297975
2021-11-25,UUP,0.0,-0.010362672
2021-11-26,UUP,-0.007731001,0.053651888
2021-11-29,UUP,0.0019383607,0.08786191
2021-11-30,UUP,-0.0046583936,0.07594685
2021-12-01,UUP,0.0027200328,0.05502192
2021-12-02,UUP,0.00038797286,-0.106340334
2021-12-03,UUP,-0.00038797286,0.07709668
2021-12-06,UUP,0.0015509891,-0.01214018
2021-12-07,UUP,0.0003873717,-0.018613325
2021-12-08,UUP,-0.0046583936,0.059296858
2021-12-09,UUP,0.003495828,-0.031789687
2021-12-10,UUP,-0.0015521927,-0.069861606
2021-12-13,UUP,0.00310198,0.07412723
2021-12-14,UUP,0.0019338626,0.046359964
2021-12-15,UUP,-0.0015467907,0.03478235
2021-12-16,UUP,-0.0042660525,-0.044511348
2021-12-17,UUP,0.006971368,0.03486411
2021-12-20,UUP,-0.0011585249,0.0348238
2021-12-21,UUP,-0.0011598687,0.078295834
2021-12-22,UUP,-0.0038759739,0.021443015
2021-12-23,UUP,-0.0007770008,0.027508004
2021-12-24,UUP,0.0,-0.03013919
2021-12-27,UUP,0.00038857586,0.09054794
2021-12-28,UUP,0.0011648225,0.04438105
2021-12-29,UUP,-0.0027200328,0.1177809
2021-12-30,UUP,0.0015552102,0.07657442
2021-12-31,UUP,-0.0042826617,0.15738773
