date,ticker,returns,weights
2008-04-01,SPY,0.03516,0.023321534
2008-04-02,SPY,0.000659,0.10245487
2008-04-03,SPY,0.002487,-0.14735435
2008-04-04,SPY,-0.001095,0.12825495
2008-04-07,SPY,0.000511,0.0836174
2008-04-08,SPY,-0.001022,0.18496142
2008-04-09,SPY,-0.007236,0.15084375
2008-04-10,SPY,0.001399,0.16567613
2008-04-11,SPY,-0.019409,-0.16448629
2008-04-14,SPY,-0.003374,-0.055288635
2008-04-15,SPY,0.002332,0.14897235
2008-04-16,SPY,0.027094,0.07217937
2008-04-17,SPY,0.001461,0.091294676
2008-04-18,SPY,0.010434,0.10538779
2008-04-21,SPY,0.000506,-0.15334487
2008-04-22,SPY,-0.004403,-0.1601392
2008-04-23,SPY,-0.001595,-0.019981936
2008-04-24,SPY,0.004357,0.10024955
2008-04-25,SPY,0.009254,-0.039221898
2008-04-28,SPY,0.000215,-0.1536087
2008-04-29,SPY,-0.003939,0.15048839
2008-04-30,SPY,-0.005896,-0.035042327
2008-05-01,SPY,0.020686,0.18274128
2008-05-02,SPY,0.002764,0.17348014
2008-05-05,SPY,-0.004805,0.106927656
2008-05-06,SPY,0.008663,-0.018692132
2008-05-07,SPY,-0.017811,-0.10147697
2008-05-08,SPY,-0.00258,-0.16515699
2008-05-09,SPY,-0.001868,0.16466218
2008-05-12,SPY,0.011231,0.21403879
2008-05-13,SPY,0.000142,0.08205615
2008-05-14,SPY,0.002064,0.063039675
2008-05-15,SPY,0.012503,0.27988106
2008-05-16,SPY,0.000912,-0.15014403
2008-05-19,SPY,0.002734,-0.06528607
2008-05-20,SPY,-0.008109,0.10224377
2008-05-21,SPY,-0.016914,-0.1382168
2008-05-22,SPY,0.000143,0.09569497
2008-05-23,SPY,-0.013404,-0.18045297
2008-05-26,SPY,0.0,-0.10480296
2008-05-27,SPY,0.007411,-0.14376174
2008-05-28,SPY,0.004616,-0.04113946
2008-05-29,SPY,0.005025,-0.026238019
2008-05-30,SPY,0.0025,-0.15463687
2008-06-02,SPY,-0.010331,0.014486829
2008-06-03,SPY,-0.005832,-0.13857701
2008-06-04,SPY,-0.000507,-0.2016178
2008-06-05,SPY,0.019997,0.10413588
2008-06-06,SPY,-0.031894,-0.11617395
2008-06-09,SPY,0.002421,-0.18342316
2008-06-10,SPY,-0.004977,-0.01714418
2008-06-11,SPY,-0.014712,-0.24267328
2008-06-12,SPY,0.003808,-0.1589363
2008-06-13,SPY,0.012644,0.08891058
2008-06-16,SPY,0.000588,0.09083588
2008-06-17,SPY,-0.004845,0.14697361
2008-06-18,SPY,-0.009737,-0.07191519
2008-06-19,SPY,0.001266,-0.16823025
2008-06-20,SPY,-0.016149,0.28035071
2008-06-23,SPY,-0.000988,-0.14736165
2008-06-24,SPY,-0.001978,0.07737321
2008-06-25,SPY,0.004726,-0.10911217
2008-06-26,SPY,-0.02716,-0.15152393
2008-06-27,SPY,-0.005459,-0.094598815
2008-06-30,SPY,0.003529,-0.10490467
2008-07-01,SPY,0.003126,-0.2734405
2008-07-02,SPY,-0.017137,0.1808521
2008-07-03,SPY,0.00103,-0.060400363
2008-07-04,SPY,0.0,0.19223385
2008-07-07,SPY,-0.010213,0.010830643
2008-07-08,SPY,0.017757,0.24143416
2008-07-09,SPY,-0.019255,-0.21619739
2008-07-10,SPY,0.004087,0.0777407
2008-07-11,SPY,-0.011652,-0.069941826
2008-07-14,SPY,-0.009044,0.15719712
2008-07-15,SPY,-0.014097,0.094432406
2008-07-16,SPY,0.024547,-0.1177825
2008-07-17,SPY,0.010003,-0.06487906
2008-07-18,SPY,0.00623,0.084908865
2008-07-21,SPY,0.000556,0.18771707
2008-07-22,SPY,0.011345,0.19479819
2008-07-23,SPY,0.005413,-0.13428217
2008-07-24,SPY,-0.020754,0.17082414
2008-07-25,SPY,-0.000239,0.1532962
2008-07-28,SPY,-0.014664,-0.14704248
2008-07-29,SPY,0.021352,-0.2146596
2008-07-30,SPY,0.017818,0.17385747
2008-07-31,SPY,-0.013226,0.09801131
2008-08-01,SPY,-0.005283,-0.14013088
2008-08-04,SPY,-0.009274,-0.10516736
2008-08-05,SPY,0.026962,-0.15829833
2008-08-06,SPY,0.004441,0.08325247
2008-08-07,SPY,-0.014892,0.047716275
2008-08-08,SPY,0.018581,0.17883971
2008-08-11,SPY,0.010358,0.25550267
2008-08-12,SPY,-0.010405,-0.19846833
2008-08-13,SPY,-0.00603,0.22907329
2008-08-14,SPY,0.007544,0.20656125
2008-08-15,SPY,0.004863,-0.15399417
2008-08-18,SPY,-0.013674,-0.17685735
2008-08-19,SPY,-0.010904,-0.28794968
2008-08-20,SPY,0.004646,0.10698987
2008-08-21,SPY,0.001724,-0.1848537
2008-08-22,SPY,0.014476,-0.15001926
2008-08-25,SPY,-0.020285,0.20439038
2008-08-26,SPY,0.002913,0.032771833
2008-08-27,SPY,0.009734,0.12710507
2008-08-28,SPY,0.012128,-0.21587838
2008-08-29,SPY,-0.010754,-0.09404749
2008-09-01,SPY,0.0,0.011878505
2008-09-02,SPY,-0.006212,-0.23375794
2008-09-03,SPY,-0.000859,-0.14620309
2008-09-04,SPY,-0.030106,0.113049656
2008-09-05,SPY,0.003144,0.23215313
2008-09-08,SPY,0.020656,0.11671379
2008-09-09,SPY,-0.029687,-0.21062663
2008-09-10,SPY,0.004058,-0.09801247
2008-09-11,SPY,0.014468,-0.20031948
2008-09-12,SPY,0.004621,-0.1219634
2008-09-15,SPY,-0.047585,-0.049314834
2008-09-16,SPY,0.016737,0.10995829
2008-09-17,SPY,-0.044963,0.082044825
2008-09-18,SPY,0.029672,0.0925584
2008-09-19,SPY,0.039485,-0.15023297
2008-09-22,SPY,-0.022639,0.06497497
2008-09-23,SPY,-0.022752,-0.22977501
2008-09-24,SPY,0.003205,-0.18716584
2008-09-25,SPY,0.015639,-0.07125774
2008-09-26,SPY,0.000497,-0.21757327
2008-09-29,SPY,-0.078362,0.11709998
2008-09-30,SPY,0.04139,-0.11202576
2008-10-01,SPY,0.000603,-0.15138194
2008-10-02,SPY,-0.036274,-0.19291
2008-10-03,SPY,-0.0135,0.15375654
2008-10-06,SPY,-0.050933,-0.22529538
2008-10-07,SPY,-0.044786,-0.23979397
2008-10-08,SPY,-0.025192,0.08370175
2008-10-09,SPY,-0.069839,-0.05264716
2008-10-10,SPY,-0.024256,0.14812854
2008-10-13,SPY,0.145198,-0.1571331
2008-10-14,SPY,-0.0148,0.19420001
2008-10-15,SPY,-0.098448,0.20751874
2008-10-16,SPY,0.041657,0.1412998
2008-10-17,SPY,-0.005972,0.15204002
2008-10-20,SPY,0.060079,-0.22790359
2008-10-21,SPY,-0.029855,0.14843032
2008-10-22,SPY,-0.054454,0.15717983
2008-10-23,SPY,0.011584,-0.17545523
2008-10-24,SPY,-0.050714,0.16160496
2008-10-27,SPY,-0.035501,0.15816788
2008-10-28,SPY,0.116855,-0.25033602
2008-10-29,SPY,-0.007253,-0.20282853
2008-10-30,SPY,0.034594,0.18163237
2008-10-31,SPY,0.005504,0.28847915
2008-11-03,SPY,0.002892,0.23428723
2008-11-04,SPY,0.033982,0.14562471
2008-11-05,SPY,-0.042028,0.25544938
2008-11-06,SPY,-0.055411,0.18520509
2008-11-07,SPY,0.033018,0.019259421
2008-11-10,SPY,-0.013105,0.2890544
2008-11-11,SPY,-0.030876,0.21412122
2008-11-12,SPY,-0.044001,0.13869342
2008-11-13,SPY,0.06234,-0.20436968
2008-11-14,SPY,-0.049907,-0.22345947
2008-11-17,SPY,-0.013276,0.18012653
2008-11-18,SPY,0.018837,-0.15291874
2008-11-19,SPY,-0.064079,-0.056546956
2008-11-20,SPY,-0.074233,0.26174548
2008-11-21,SPY,0.053943,-0.09292329
2008-11-24,SPY,0.069291,-0.18615335
2008-11-25,SPY,0.007409,-0.15415187
2008-11-26,SPY,0.038641,-0.1499578
2008-11-27,SPY,0.0,0.21669081
2008-11-28,SPY,0.012588,-0.20348454
2008-12-01,SPY,-0.088578,-0.103470616
2008-12-02,SPY,0.038485,-0.024121666
2008-12-03,SPY,0.024041,0.13699219
2008-12-04,SPY,-0.023133,0.15144582
2008-12-05,SPY,0.030832,-0.047681294
2008-12-08,SPY,0.034914,-0.15161489
2008-12-09,SPY,-0.016484,-0.118032426
2008-12-10,SPY,0.006816,-0.15521511
2008-12-11,SPY,-0.024082,-0.21956833
2008-12-12,SPY,0.01194,0.19703227
2008-12-15,SPY,-0.013934,0.17635082
2008-12-16,SPY,0.047065,-0.0075874
2008-12-17,SPY,-0.009687,0.18361607
2008-12-18,SPY,-0.018683,-0.11653597
2008-12-19,SPY,-0.004263,-0.10831731
2008-12-22,SPY,-0.012813,0.07710983
2008-12-23,SPY,-0.010338,0.11973723
2008-12-24,SPY,0.005803,-0.12355944
2008-12-25,SPY,0.0,-0.07707231
2008-12-26,SPY,0.00577,0.20424384
2008-12-29,SPY,-0.002868,-0.11124938
2008-12-30,SPY,0.023703,-0.11914404
2008-12-31,SPY,0.014274,0.1269192
2008-04-01,IWM,0.036609,-0.059497986
2008-04-02,IWM,0.002401,-0.017072598
2008-04-03,IWM,0.002678,0.030215833
2008-04-04,IWM,0.000141,-0.05028883
2008-04-07,IWM,-0.002811,0.0036832793
2008-04-08,IWM,0.000846,0.01811005
2008-04-09,IWM,-0.017037,0.032405313
2008-04-10,IWM,0.009454,0.014055674
2008-04-11,IWM,-0.02455,-0.021782516
2008-04-14,IWM,-0.003055,0.012236117
2008-04-15,IWM,0.007004,0.03832845
2008-04-16,IWM,0.031734,0.03605542
2008-04-17,IWM,-0.003933,0.072177984
2008-04-18,IWM,0.010575,0.051434234
2008-04-21,IWM,0.00014,0.057374127
2008-04-22,IWM,-0.016462,0.03549236
2008-04-23,IWM,0.000709,0.06446192
2008-04-24,IWM,0.009639,-0.03946784
2008-04-25,IWM,0.009406,-0.013249971
2008-04-28,IWM,0.006676,0.0029705926
2008-04-29,IWM,-0.008842,-0.05608276
2008-04-30,IWM,-0.004739,0.016291818
2008-05-01,IWM,0.018908,-0.02362869
2008-05-02,IWM,-0.003162,-0.01639951
2008-05-05,IWM,-0.003447,0.030983808
2008-05-06,IWM,0.008164,-0.0048582796
2008-05-07,IWM,-0.017842,-0.030232057
2008-05-08,IWM,0.002096,0.048417285
2008-05-09,IWM,-0.002928,-0.034507107
2008-05-12,IWM,0.021958,-0.05761322
2008-05-13,IWM,0.005748,-0.053014193
2008-05-14,IWM,-0.001225,-0.0018696582
2008-05-15,IWM,0.002044,-0.039648205
2008-05-16,IWM,0.00544,-0.04762816
2008-05-19,IWM,0.000269,0.06761325
2008-05-20,IWM,-0.00365,0.031149253
2008-05-21,IWM,-0.014247,0.02307648
2008-05-22,IWM,0.007158,-0.04896366
2008-05-23,IWM,-0.01312,0.06015477
2008-05-26,IWM,0.0,-0.027119052
2008-05-27,IWM,0.015372,-0.023067102
2008-05-28,IWM,0.004637,0.0350283
2008-05-29,IWM,0.010182,0.059374496
2008-05-30,IWM,0.003494,-0.007238976
2008-06-02,IWM,-0.009107,0.068185404
2008-06-03,IWM,-0.002027,0.03683878
2008-06-04,IWM,0.00623,0.08009295
2008-06-05,IWM,0.025572,-0.0239326
2008-06-06,IWM,-0.029921,0.03565084
2008-06-09,IWM,-0.003247,0.06824704
2008-06-10,IWM,-0.007329,0.09446706
2008-06-11,IWM,-0.017364,0.01740833
2008-06-12,IWM,0.002087,0.064443596
2008-06-13,IWM,0.018051,-0.032273762
2008-06-16,IWM,0.006274,0.010115461
2008-06-17,IWM,-0.000813,0.049987834
2008-06-18,IWM,-0.008003,0.066370316
2008-06-19,IWM,0.008341,0.08016046
2008-06-20,IWM,-0.015867,-0.005896523
2008-06-23,IWM,-0.00937,0.025334463
2008-06-24,IWM,-0.016553,0.039175183
2008-06-25,IWM,0.011315,0.027790843
2008-06-26,IWM,-0.025734,0.021976393
2008-06-27,IWM,0.000574,0.089732096
2008-06-30,IWM,-0.009326,0.023813812
2008-07-01,IWM,0.000724,0.03595921
2008-07-02,IWM,-0.027976,-0.06547803
2008-07-03,IWM,-0.008818,-0.06049129
2008-07-04,IWM,0.0,0.020992875
2008-07-07,IWM,-0.009499,-0.051394794
2008-07-08,IWM,0.036231,-0.04551719
2008-07-09,IWM,-0.026737,0.054885563
2008-07-10,IWM,0.009811,0.066850595
2008-07-11,IWM,0.005531,0.02007149
2008-07-14,IWM,-0.016501,0.0042018793
2008-07-15,IWM,-0.004232,0.06135643
2008-07-16,IWM,0.036734,0.06119463
2008-07-17,IWM,0.001464,0.1045558
2008-07-18,IWM,0.007017,-0.0352132
2008-07-21,IWM,0.012195,-0.062992245
2008-07-22,IWM,0.0251,0.012795137
2008-07-23,IWM,0.006436,0.07283769
2008-07-24,IWM,-0.025302,-0.0028709136
2008-07-25,IWM,0.00813,-0.023028255
2008-07-28,IWM,-0.016978,0.044299874
2008-07-29,IWM,0.024467,0.045620695
2008-07-30,IWM,0.006041,0.03577533
2008-07-31,IWM,-0.00405,-0.04396756
2008-08-01,IWM,0.001262,-0.04001191
2008-08-04,IWM,-0.009242,0.062870935
2008-08-05,IWM,0.017102,0.049856767
2008-08-06,IWM,0.005003,-0.05870965
2008-08-07,IWM,-0.014934,0.024746304
2008-08-08,IWM,0.02639,-0.04359115
2008-08-11,IWM,0.023933,0.033171345
2008-08-12,IWM,-0.00748,0.043105226
2008-08-13,IWM,0.003633,0.043037243
2008-08-14,IWM,0.009654,0.02672713
2008-08-15,IWM,-0.002656,0.04670266
2008-08-18,IWM,-0.012916,0.06162758
2008-08-19,IWM,-0.016592,0.02166301
2008-08-20,IWM,0.001372,0.06789797
2008-08-21,IWM,-0.011507,0.05617132
2008-08-22,IWM,0.021064,0.13430259
2008-08-25,IWM,-0.021987,0.024817228
2008-08-26,IWM,0.001527,0.054363694
2008-08-27,IWM,0.011916,-0.0017495034
2008-08-28,IWM,0.020266,0.051352885
2008-08-29,IWM,-0.008589,0.03318428
2008-09-01,IWM,0.0,-0.008361502
2008-09-02,IWM,-0.000271,-0.025203932
2008-09-03,IWM,0.004062,0.0450651
2008-09-04,IWM,-0.031423,-0.02706386
2008-09-05,IWM,-0.002506,0.0036953124
2008-09-08,IWM,0.011725,-0.012470318
2008-09-09,IWM,-0.023041,-0.006216961
2008-09-10,IWM,0.009321,0.036797665
2008-09-11,IWM,0.006296,0.03540535
2008-09-12,IWM,0.004588,-0.03732539
2008-09-15,IWM,-0.044844,0.03544673
2008-09-16,IWM,0.028836,0.020744951
2008-09-17,IWM,-0.04507,0.099026196
2008-09-18,IWM,0.058997,0.056806594
2008-09-19,IWM,0.044568,0.053469468
2008-09-22,IWM,-0.040667,-0.030274883
2008-09-23,IWM,-0.013343,0.017133633
2008-09-24,IWM,-0.012681,-0.011287174
2008-09-25,IWM,0.005147,0.040239796
2008-09-26,IWM,0.004694,0.009822461
2008-09-29,IWM,-0.079003,0.038908288
2008-09-30,IWM,0.04535,-0.048362717
2008-10-01,IWM,-0.014412,0.05141654
2008-10-02,IWM,-0.051328,0.05994184
2008-10-03,IWM,-0.013841,-0.018876404
2008-10-06,IWM,-0.047528,0.04527453
2008-10-07,IWM,-0.06564,0.07562697
2008-10-08,IWM,-0.024014,0.0042955806
2008-10-09,IWM,-0.082079,0.031740356
2008-10-10,IWM,0.04921,-0.053344216
2008-10-13,IWM,0.086368,0.06309645
2008-10-14,IWM,-0.02808,-0.018312905
2008-10-15,IWM,-0.089744,0.03316139
2008-10-16,IWM,0.065463,0.05095804
2008-10-17,IWM,-0.028114,0.0750754
2008-10-20,IWM,0.047701,0.06570117
2008-10-21,IWM,-0.02761,0.056913324
2008-10-22,IWM,-0.050583,0.045069613
2008-10-23,IWM,-0.029709,0.10095236
2008-10-24,IWM,-0.037151,0.045402415
2008-10-27,IWM,-0.048972,0.071222216
2008-10-28,IWM,0.080027,0.06744718
2008-10-29,IWM,0.00516,0.03965345
2008-10-30,IWM,0.056057,-0.02756901
2008-10-31,IWM,0.04511,-0.012461047
2008-11-03,IWM,0.001302,0.026267415
2008-11-04,IWM,0.01152,0.06122248
2008-11-05,IWM,-0.052351,-0.00728509
2008-11-06,IWM,-0.038767,-0.033270605
2008-11-07,IWM,0.02077,0.06194277
2008-11-10,IWM,-0.023113,-0.024799721
2008-11-11,IWM,-0.021638,-0.024208969
2008-11-12,IWM,-0.058289,0.08135684
2008-11-13,IWM,0.082309,-0.050999325
2008-11-14,IWM,-0.074427,0.037177823
2008-11-17,IWM,-0.008545,0.06351831
2008-11-18,IWM,-0.004862,0.056941144
2008-11-19,IWM,-0.081501,-0.008787569
2008-11-20,IWM,-0.068424,0.023594545
2008-11-21,IWM,0.054763,-0.033148825
2008-11-24,IWM,0.070374,0.038605012
2008-11-25,IWM,0.016552,0.02036929
2008-11-26,IWM,0.059928,0.08509857
2008-11-27,IWM,0.0,-0.019777508
2008-11-28,IWM,0.010028,0.08669812
2008-12-01,IWM,-0.112379,0.06253174
2008-12-02,IWM,0.052594,0.09020824
2008-12-03,IWM,0.030296,0.084946096
2008-12-04,IWM,-0.033136,0.06814256
2008-12-05,IWM,0.0463,0.07524776
2008-12-08,IWM,0.044252,0.075793006
2008-12-09,IWM,-0.030972,0.02887303
2008-12-10,IWM,0.023602,0.061105598
2008-12-11,IWM,-0.050681,-0.010093246
2008-12-12,IWM,0.034414,0.030368267
2008-12-15,IWM,-0.032203,-0.022534622
2008-12-16,IWM,0.065007,0.06409813
2008-12-17,IWM,0.009104,0.07144742
2008-12-18,IWM,-0.006356,-0.020893821
2008-12-19,IWM,0.004953,-0.037733916
2008-12-22,IWM,-0.019302,0.055505935
2008-12-23,IWM,-0.014427,0.07620061
2008-12-24,IWM,0.00364,-0.02098242
2008-12-25,IWM,0.0,0.0681794
2008-12-26,IWM,0.014292,0.04568464
2008-12-29,IWM,-0.015352,0.08711793
2008-12-30,IWM,0.027766,0.05362405
2008-12-31,IWM,0.023275,0.043924857
2008-04-01,EEM,0.038398,-0.00016271071
2008-04-02,EEM,0.000789,0.06280185
2008-04-03,EEM,0.012102,0.01888717
2008-04-04,EEM,-0.004033,0.021779852
2008-04-07,EEM,0.013284,0.012929855
2008-04-08,EEM,-0.005496,0.019333385
2008-04-09,EEM,-0.015551,0.032831218
2008-04-10,EEM,0.014322,0.031048844
2008-04-11,EEM,-0.016308,0.018826423
2008-04-14,EEM,-0.002368,0.046063237
2008-04-15,EEM,0.011726,0.023159357
2008-04-16,EEM,0.029579,0.026025064
2008-04-17,EEM,-0.007251,-0.016929872
2008-04-18,EEM,0.015068,0.007399863
2008-04-21,EEM,0.005099,0.022927444
2008-04-22,EEM,-0.009273,0.01567363
2008-04-23,EEM,0.014384,0.012542987
2008-04-24,EEM,-0.012823,0.025711803
2008-04-25,EEM,0.007354,0.031695906
2008-04-28,EEM,-0.00191,0.033798333
2008-04-29,EEM,-0.017705,0.026406417
2008-04-30,EEM,0.020599,0.0048279525
2008-05-01,EEM,0.010637,0.026697848
2008-05-02,EEM,0.00958,0.021316184
2008-05-05,EEM,-0.000735,0.056866627
2008-05-06,EEM,0.011168,0.04054718
2008-05-07,EEM,-0.029762,0.017472193
2008-05-08,EEM,0.010293,0.00931887
2008-05-09,EEM,-0.008164,0.0063305036
2008-05-12,EEM,0.012857,0.018478667
2008-05-13,EEM,0.004769,0.05048528
2008-05-14,EEM,0.002406,0.050880607
2008-05-15,EEM,0.021272,0.022227008
2008-05-16,EEM,0.012733,0.0317842
2008-05-19,EEM,0.000193,0.01766425
2008-05-20,EEM,-0.01734,-0.013200474
2008-05-21,EEM,-0.010168,0.0137377605
2008-05-22,EEM,0.002916,-0.020052634
2008-05-23,EEM,-0.017445,0.02218749
2008-05-26,EEM,0.0,0.049360905
2008-05-27,EEM,-0.001614,0.009418383
2008-05-28,EEM,0.013473,0.028031845
2008-05-29,EEM,0.002193,0.028846554
2008-05-30,EEM,0.003449,0.027359534
2008-06-02,EEM,-0.011897,0.027930396
2008-06-03,EEM,-0.01806,0.010142988
2008-06-04,EEM,-0.008719,0.035086162
2008-06-05,EEM,0.031817,0.00030220475
2008-06-06,EEM,-0.03623,0.019618504
2008-06-09,EEM,-0.002557,0.022194074
2008-06-10,EEM,-0.023071,0.0008868959
2008-06-11,EEM,-0.014963,0.07413014
2008-06-12,EEM,0.005832,-0.016060378
2008-06-13,EEM,0.010808,0.037711665
2008-06-16,EEM,0.003399,0.0016722962
2008-06-17,EEM,0.004234,-0.011994607
2008-06-18,EEM,-0.004849,0.017972482
2008-06-19,EEM,0.001554,-0.007546131
2008-06-20,EEM,-0.032645,0.012468639
2008-06-23,EEM,0.002916,0.08015604
2008-06-24,EEM,-0.004433,0.032434955
2008-06-25,EEM,0.019795,0.014034625
2008-06-26,EEM,-0.03431,-0.009252715
2008-06-27,EEM,0.009669,-0.051329244
2008-06-30,EEM,0.007572,-0.021303741
2008-07-01,EEM,-0.017831,0.021439897
2008-07-02,EEM,-0.028507,-0.014338032
2008-07-03,EEM,-0.002857,0.025455227
2008-07-04,EEM,0.0,-0.0029046342
2008-07-07,EEM,-0.003562,0.023105968
2008-07-08,EEM,0.012279,0.011163625
2008-07-09,EEM,-0.020192,0.02263787
2008-07-10,EEM,0.018101,0.00055675
2008-07-11,EEM,-0.006696,0.0058847265
2008-07-14,EEM,-0.00124,0.004958933
2008-07-15,EEM,-0.01668,0.0064393575
2008-07-16,EEM,0.028876,0.025806954
2008-07-17,EEM,0.004678,0.004768503
2008-07-18,EEM,-0.008625,-0.024616014
2008-07-21,EEM,0.012395,0.008509398
2008-07-22,EEM,0.000608,0.015073861
2008-07-23,EEM,0.001444,-0.012306496
2008-07-24,EEM,-0.036958,-0.010940701
2008-07-25,EEM,0.006856,0.016897397
2008-07-28,EEM,-0.016905,0.014592403
2008-07-29,EEM,0.05541,0.017234718
2008-07-30,EEM,-0.01041,0.032366343
2008-07-31,EEM,-0.02241,-0.0194292
2008-08-01,EEM,-0.006784,0.030626599
2008-08-04,EEM,-0.030617,-0.010079845
2008-08-05,EEM,0.012877,0.010093013
2008-08-06,EEM,0.019909,0.032376815
2008-08-07,EEM,-0.034337,0.0123314485
2008-08-08,EEM,0.002435,0.020886205
2008-08-11,EEM,-0.010447,0.019585427
2008-08-12,EEM,-0.008348,0.010017352
2008-08-13,EEM,-0.000248,-0.025239235
2008-08-14,EEM,0.013125,-0.01328839
2008-08-15,EEM,-0.015644,-0.00029153697
2008-08-18,EEM,-0.016886,0.0062750657
2008-08-19,EEM,-0.008406,-0.019871792
2008-08-20,EEM,0.025544,0.00752894
2008-08-21,EEM,-0.00149,-0.018043563
2008-08-22,EEM,-0.000746,-0.05004389
2008-08-25,EEM,-0.020662,-0.005262285
2008-08-26,EEM,0.001779,-0.0205081
2008-08-27,EEM,0.021314,0.013320993
2008-08-28,EEM,0.006956,-0.017716916
2008-08-29,EEM,-0.011843,0.007874885
2008-09-01,EEM,0.0,-0.0076200506
2008-09-02,EEM,-0.030212,-0.010458142
2008-09-03,EEM,-0.016478,0.018200729
2008-09-04,EEM,-0.046073,-0.013897719
2008-09-05,EEM,0.01427,0.0126908785
2008-09-08,EEM,0.012446,0.01288127
2008-09-09,EEM,-0.05612,0.016640004
2008-09-10,EEM,0.016067,-0.020301329
2008-09-11,EEM,-0.014699,-0.017975524
2008-09-12,EEM,0.033371,-0.006291942
2008-09-15,EEM,-0.078544,0.0014359258
2008-09-16,EEM,0.008613,0.02484654
2008-09-17,EEM,-0.070966,0.014652099
2008-09-18,EEM,0.084311,-0.019791448
2008-09-19,EEM,0.124525,-0.02277746
2008-09-22,EEM,-0.065246,0.011941987
2008-09-23,EEM,-0.031146,0.019781783
2008-09-24,EEM,0.011481,-0.009602563
2008-09-25,EEM,0.051362,-0.011047838
2008-09-26,EEM,-0.034008,-0.0033053115
2008-09-29,EEM,-0.116792,0.015621402
2008-09-30,EEM,0.080987,0.038454555
2008-10-01,EEM,0.011999,-0.008084704
2008-10-02,EEM,-0.087623,-0.01100374
2008-10-03,EEM,-0.026307,-0.010051174
2008-10-06,EEM,-0.075195,-0.0029230602
2008-10-07,EEM,-0.077789,-0.0022524742
2008-10-08,EEM,0.0,0.04441867
2008-10-09,EEM,-0.073664,0.028805314
2008-10-10,EEM,0.011537,0.024070894
2008-10-13,EEM,0.227699,0.011160594
2008-10-14,EEM,-0.049768,0.042528003
2008-10-15,EEM,-0.161662,-0.017092658
2008-10-16,EEM,0.049146,0.022278074
2008-10-17,EEM,-0.031362,0.014149194
2008-10-20,EEM,0.070082,-0.020421399
2008-10-21,EEM,-0.079663,-0.023862023
2008-10-22,EEM,-0.105285,-0.0041604154
2008-10-23,EEM,0.027907,0.025702285
2008-10-24,EEM,-0.103167,0.027359923
2008-10-27,EEM,-0.026236,-0.0040074107
2008-10-28,EEM,0.209326,-0.038299553
2008-10-29,EEM,-0.031705,-0.019751346
2008-10-30,EEM,0.134956,0.013848059
2008-10-31,EEM,-0.008577,-0.0045575984
2008-11-03,EEM,-0.009044,0.011463353
2008-11-04,EEM,0.09127,0.027321072
2008-11-05,EEM,-0.127273,-0.011774242
2008-11-06,EEM,-0.050417,0.019013258
2008-11-07,EEM,0.081176,-0.00920307
2008-11-10,EEM,0.009334,0.019225962
2008-11-11,EEM,-0.062324,0.022567887
2008-11-12,EEM,-0.074185,0.030102203
2008-11-13,EEM,0.13849,0.023261996
2008-11-14,EEM,-0.096013,-0.012759588
2008-11-17,EEM,-0.016652,0.016736288
2008-11-18,EEM,-0.014645,0.012301269
2008-11-19,EEM,-0.086391,0.015982307
2008-11-20,EEM,-0.071683,-0.023655167
2008-11-21,EEM,0.144031,0.055687953
2008-11-24,EEM,0.060795,0.035685513
2008-11-25,EEM,-0.018953,0.021192806
2008-11-26,EEM,0.076357,-0.042493977
2008-11-27,EEM,0.0,-0.017359884
2008-11-28,EEM,-0.019231,-0.0095668845
2008-12-01,EEM,-0.096296,0.018768286
2008-12-02,EEM,0.063163,-0.043102816
2008-12-03,EEM,0.008163,0.0017049303
2008-12-04,EEM,-0.042735,-0.009848313
2008-12-05,EEM,0.059211,0.010508861
2008-12-08,EEM,0.063886,-0.01672117
2008-12-09,EEM,-0.013761,-0.007659081
2008-12-10,EEM,0.059619,0.04050111
2008-12-11,EEM,-0.025539,-0.028486932
2008-12-12,EEM,0.013923,0.037618916
2008-12-15,EEM,-0.013328,0.042844497
2008-12-16,EEM,0.07982,0.028176235
2008-12-17,EEM,-0.017437,0.01798387
2008-12-18,EEM,-0.021991,0.054769192
2008-12-19,EEM,0.00355,-0.017543554
2008-12-22,EEM,-0.037343,0.04596404
2008-12-23,EEM,-0.008149,0.0070430865
2008-12-24,EEM,0.007098,0.010179129
2008-12-25,EEM,0.0,0.034733336
2008-12-26,EEM,-0.003317,0.008387284
2008-12-29,EEM,-0.001664,0.025707904
2008-12-30,EEM,0.026667,0.037292082
2008-12-31,EEM,0.013393,0.017807228
2008-04-01,TLT,-0.016206,0.006527604
2008-04-02,TLT,0.00213,0.080580205
2008-04-03,TLT,0.002231,0.10923398
2008-04-04,TLT,0.009116,0.0672704
2008-04-07,TLT,-0.005252,0.11142027
2008-04-08,TLT,-0.003485,-0.006928386
2008-04-09,TLT,0.010385,0.02870853
2008-04-10,TLT,-0.003356,0.032213617
2008-04-11,TLT,0.006735,0.057463747
2008-04-14,TLT,-0.005853,0.09504461
2008-04-15,TLT,-0.012407,0.06393027
2008-04-16,TLT,-0.009795,-0.0012314629
2008-04-17,TLT,-0.00172,0.07460826
2008-04-18,TLT,-0.000862,0.031037068
2008-04-21,TLT,0.003988,0.059419192
2008-04-22,TLT,0.003436,0.03975764
2008-04-23,TLT,-0.003317,0.030119045
2008-04-24,TLT,-0.008481,0.12877265
2008-04-25,TLT,-0.005847,0.10324188
2008-04-28,TLT,0.003049,0.003347963
2008-04-29,TLT,0.0038,-0.020550055
2008-04-30,TLT,0.007193,0.10793565
2008-05-01,TLT,1.5e-05,0.032810558
2008-05-02,TLT,-0.01261,0.053486682
2008-05-05,TLT,0.0,-0.030533886
2008-05-06,TLT,-0.007204,0.025248
2008-05-07,TLT,0.004287,0.045101766
2008-05-08,TLT,0.008979,-0.02664054
2008-05-09,TLT,0.003689,0.10083079
2008-05-12,TLT,-0.001514,0.039854098
2008-05-13,TLT,-0.010935,-0.060782656
2008-05-14,TLT,0.000438,-0.025279611
2008-05-15,TLT,0.009082,-0.04501694
2008-05-16,TLT,-0.004121,0.049728077
2008-05-19,TLT,0.001328,0.05949099
2008-05-20,TLT,0.005198,0.059558813
2008-05-21,TLT,0.000216,-0.061152168
2008-05-22,TLT,-0.011789,-0.043324724
2008-05-23,TLT,0.004378,0.042735327
2008-05-26,TLT,0.0,0.1099506
2008-05-27,TLT,-0.006756,0.031437136
2008-05-28,TLT,-0.008887,-0.0028296427
2008-05-29,TLT,-0.007195,0.077122115
2008-05-30,TLT,0.006578,0.054715816
2008-06-02,TLT,0.00384,0.018328562
2008-06-03,TLT,0.007198,0.07190683
2008-06-04,TLT,-0.008906,-0.061537355
2008-06-05,TLT,-0.005991,0.09946885
2008-06-06,TLT,0.012946,0.042678855
2008-06-09,TLT,0.0,0.04959958
2008-06-10,TLT,-0.006501,0.054368634
2008-06-11,TLT,-0.002329,0.052188426
2008-06-12,TLT,-0.010004,0.10385415
2008-06-13,TLT,-0.002133,0.08616824
2008-06-16,TLT,0.000225,0.008407551
2008-06-17,TLT,0.002025,0.07762519
2008-06-18,TLT,0.00842,0.05053099
2008-06-19,TLT,-0.005902,-0.035792828
2008-06-20,TLT,0.005825,-0.007647962
2008-06-23,TLT,0.002116,0.090072215
2008-06-24,TLT,0.006609,0.07050076
2008-06-25,TLT,0.000499,0.11180221
2008-06-26,TLT,0.00673,0.12708804
2008-06-27,TLT,0.011726,0.08072968
2008-06-30,TLT,0.000217,0.15810724
2008-07-01,TLT,-0.002364,0.10228219
2008-07-02,TLT,0.005229,0.08496434
2008-07-03,TLT,-0.002168,0.09415796
2008-07-04,TLT,0.0,0.040472094
2008-07-07,TLT,0.004562,0.049750634
2008-07-08,TLT,0.006487,0.06406895
2008-07-09,TLT,0.004404,0.07683912
2008-07-10,TLT,-0.000107,0.10456872
2008-07-11,TLT,-0.014226,0.025138112
2008-07-14,TLT,0.008789,0.099797994
2008-07-15,TLT,-0.000323,0.11250176
2008-07-16,TLT,-0.018076,0.08899321
2008-07-17,TLT,-0.00515,0.08708712
2008-07-18,TLT,-0.003745,0.014504
2008-07-21,TLT,0.00387,0.03540935
2008-07-22,TLT,-0.004956,-0.07848324
2008-07-23,TLT,-0.001992,0.036437336
2008-07-24,TLT,0.009759,0.053256463
2008-07-25,TLT,-0.009995,-0.01737064
2008-07-28,TLT,0.010095,0.025476526
2008-07-29,TLT,-0.004064,0.064970516
2008-07-30,TLT,0.000992,-0.03346509
2008-07-31,TLT,0.009915,0.0654105
2008-08-01,TLT,0.002209,0.11479048
2008-08-04,TLT,-0.002294,0.16747645
2008-08-05,TLT,-0.007446,-0.008818792
2008-08-06,TLT,-0.004083,0.004802749
2008-08-07,TLT,0.016284,0.057071757
2008-08-08,TLT,0.002725,0.045881134
2008-08-11,TLT,-0.009565,0.033715706
2008-08-12,TLT,0.009328,0.050663132
2008-08-13,TLT,-0.003479,0.0755419
2008-08-14,TLT,0.006437,0.101441115
2008-08-15,TLT,0.008673,0.08791856
2008-08-18,TLT,0.003977,0.07692404
2008-08-19,TLT,-0.003854,0.07024802
2008-08-20,TLT,0.002794,0.013624452
2008-08-21,TLT,-0.001822,0.087062456
2008-08-22,TLT,-0.000644,-0.0059484886
2008-08-25,TLT,0.009991,0.03347867
2008-08-26,TLT,0.000851,0.11411905
2008-08-27,TLT,0.001701,-0.012777395
2008-08-28,TLT,0.000106,-0.0049691093
2008-08-29,TLT,-0.004456,0.068197615
2008-09-01,TLT,0.0,0.1136567
2008-09-02,TLT,0.009271,0.10999639
2008-09-03,TLT,0.004239,0.050582558
2008-09-04,TLT,0.007977,0.11166753
2008-09-05,TLT,-0.000482,0.08207407
2008-09-08,TLT,0.004189,-0.0555751
2008-09-09,TLT,0.009908,-0.076373644
2008-09-10,TLT,-0.006196,0.13186023
2008-09-11,TLT,-0.00052,0.057661865
2008-09-12,TLT,-0.012892,0.05925314
2008-09-15,TLT,0.032441,0.11706667
2008-09-16,TLT,-0.000204,-0.08361515
2008-09-17,TLT,0.005,0.17988501
2008-09-18,TLT,-0.014621,0.17608468
2008-09-19,TLT,-0.031736,0.08243522
2008-09-22,TLT,-0.000106,0.09445443
2008-09-23,TLT,-0.003831,0.05401949
2008-09-24,TLT,0.00438,-0.043637775
2008-09-25,TLT,-0.002021,0.14076763
2008-09-26,TLT,0.007248,-0.05449385
2008-09-29,TLT,0.029101,0.117618136
2008-09-30,TLT,-0.02437,0.016673649
2008-10-01,TLT,0.012542,0.12193057
2008-10-02,TLT,0.008039,-0.06319867
2008-10-03,TLT,0.008804,0.12244675
2008-10-06,TLT,0.018172,0.09756471
2008-10-07,TLT,-0.003025,-0.033230804
2008-10-08,TLT,-0.014362,0.05833128
2008-10-09,TLT,-0.008415,0.07641151
2008-10-10,TLT,-0.007037,-0.055090934
2008-10-13,TLT,-0.012819,0.03125857
2008-10-14,TLT,-0.00644,0.043180756
2008-10-15,TLT,0.009563,-0.0029291194
2008-10-16,TLT,-0.005168,0.03339448
2008-10-17,TLT,-0.006866,-0.08386135
2008-10-20,TLT,0.00799,0.047021862
2008-10-21,TLT,0.005284,-0.029831199
2008-10-22,TLT,0.02029,0.04021843
2008-10-23,TLT,0.007419,-0.0076609384
2008-10-24,TLT,-0.010637,0.004223439
2008-10-27,TLT,0.000724,-0.082573175
2008-10-28,TLT,-0.014566,-0.050116625
2008-10-29,TLT,-0.005032,0.021710198
2008-10-30,TLT,-0.009061,-0.06156484
2008-10-31,TLT,-0.012972,-0.045327853
2008-11-03,TLT,0.002693,-0.048081595
2008-11-04,TLT,0.018768,0.058110002
2008-11-05,TLT,0.011858,0.08910413
2008-11-06,TLT,-0.00722,0.051945742
2008-11-07,TLT,-0.006535,0.022991983
2008-11-10,TLT,0.004879,0.038234677
2008-11-11,TLT,0.002958,0.035555355
2008-11-12,TLT,0.00642,0.0566617
2008-11-13,TLT,-0.023951,0.07576609
2008-11-14,TLT,0.019824,0.06641077
2008-11-17,TLT,0.004413,0.018120285
2008-11-18,TLT,0.012867,-0.017400276
2008-11-19,TLT,0.025615,0.1089255
2008-11-20,TLT,0.051662,0.054125704
2008-11-21,TLT,-0.014459,0.007693503
2008-11-24,TLT,-0.015643,-0.06645543
2008-11-25,TLT,0.029415,0.09904375
2008-11-26,TLT,0.001342,-0.057887975
2008-11-27,TLT,0.0,0.042428184
2008-11-28,TLT,0.012353,0.009305442
2008-12-01,TLT,0.038167,0.06847275
2008-12-02,TLT,0.003839,-0.019122565
2008-12-03,TLT,0.002823,-0.0105915135
2008-12-04,TLT,0.019704,0.08662121
2008-12-05,TLT,-0.016207,0.07918368
2008-12-08,TLT,-0.002172,-0.01629561
2008-12-09,TLT,0.019775,0.06782427
2008-12-10,TLT,-0.002402,0.02119675
2008-12-11,TLT,0.001962,-0.012673461
2008-12-12,TLT,0.0,0.042412132
2008-12-15,TLT,0.011391,0.061914306
2008-12-16,TLT,0.024725,-0.008796172
2008-12-17,TLT,0.027134,0.045772593
2008-12-18,TLT,0.020983,-0.0829406
2008-12-19,TLT,0.001064,0.07953518
2008-12-22,TLT,-0.007689,0.049768325
2008-12-23,TLT,-0.001319,0.05821521
2008-12-24,TLT,-0.002146,0.112640016
2008-12-25,TLT,0.0,0.06771827
2008-12-26,TLT,0.003309,0.07695726
2008-12-29,TLT,-0.001194,0.06859803
2008-12-30,TLT,0.009524,0.117061004
2008-12-31,TLT,-0.020919,-0.013791895
2008-04-01,USO,-0.003687,-0.014380087
2008-04-02,USO,0.033555,0.024905344
2008-04-03,USO,-0.001552,0.03502909
2008-04-04,USO,0.014704,0.03355416
2008-04-07,USO,0.024152,0.047028694
2008-04-08,USO,0.002991,0.015760574
2008-04-09,USO,0.019612,0.0003145081
2008-04-10,USO,-0.008099,0.029829705
2008-04-11,USO,0.003402,0.055167355
2008-04-14,USO,0.01311,0.02721565
2008-04-15,USO,0.02008,0.0080568455
2008-04-16,USO,0.007765,0.04026244
2008-04-17,USO,0.002387,-0.009364967
2008-04-18,USO,0.015373,-0.009609488
2008-04-21,USO,0.006291,0.012923867
2008-04-22,USO,0.007417,0.01233238
2008-04-23,USO,0.001052,0.040852737
2008-04-24,USO,-0.020803,0.04902757
2008-04-25,USO,0.026395,0.033812463
2008-04-28,USO,0.000314,0.06820073
2008-04-29,USO,-0.028216,0.06563162
2008-04-30,USO,-0.005269,0.015976222
2008-05-01,USO,-0.022919,0.03768562
2008-05-02,USO,0.033415,0.0071012424
2008-05-05,USO,0.03576,-0.002324344
2008-05-06,USO,0.016953,0.06596371
2008-05-07,USO,0.014434,0.048237044
2008-05-08,USO,0.008617,0.06604408
2008-05-09,USO,0.014504,0.017432354
2008-05-12,USO,-0.019683,0.034980368
2008-05-13,USO,0.015982,-0.025047595
2008-05-14,USO,-0.014649,0.011286066
2008-05-15,USO,-1e-04,0.044045076
2008-05-16,USO,0.020557,0.037022684
2008-05-19,USO,0.005182,0.032212216
2008-05-20,USO,0.014591,0.03608168
2008-05-21,USO,0.038447,0.03252024
2008-05-22,USO,-0.024744,-0.0072456617
2008-05-23,USO,0.012496,0.013474861
2008-05-26,USO,0.0,0.034834962
2008-05-27,USO,-0.025152,0.061317854
2008-05-28,USO,0.015922,0.05828794
2008-05-29,USO,-0.034554,0.07631843
2008-05-30,USO,0.007823,0.047420427
2008-06-02,USO,-9.7e-05,0.07947843
2008-06-03,USO,-0.02329,0.06151653
2008-06-04,USO,-0.016592,0.059972636
2008-06-05,USO,0.050212,0.04191098
2008-06-06,USO,0.079076,0.05633751
2008-06-09,USO,-0.027815,0.022454286
2008-06-10,USO,-0.018615,0.042032413
2008-06-11,USO,0.037096,0.05095509
2008-06-12,USO,0.002523,0.033843663
2008-06-13,USO,-0.018603,0.050654802
2008-06-16,USO,-0.001923,0.0019280859
2008-06-17,USO,-0.002844,0.06652261
2008-06-18,USO,0.020335,0.043348506
2008-06-19,USO,-0.035891,-0.0028107152
2008-06-20,USO,0.020859,0.022502549
2008-06-23,USO,0.016309,0.048431043
2008-06-24,USO,0.00027,0.04269813
2008-06-25,USO,-0.022082,0.042215556
2008-06-26,USO,0.042581,0.026856244
2008-06-27,USO,0.005569,0.054006964
2008-06-30,USO,-0.000791,0.044729408
2008-07-01,USO,0.008182,0.027027411
2008-07-02,USO,0.019635,0.03289636
2008-07-03,USO,-0.000171,0.02299105
2008-07-04,USO,0.0,-0.018079933
2008-07-07,USO,-0.016008,0.024465455
2008-07-08,USO,-0.043758,0.012473876
2008-07-09,USO,-0.002456,0.009580678
2008-07-10,USO,0.042772,0.029460456
2008-07-11,USO,0.026675,-0.008355343
2008-07-14,USO,0.000767,0.036757722
2008-07-15,USO,-0.043327,0.0074994876
2008-07-16,USO,-0.027938,0.040324204
2008-07-17,USO,-0.03405,0.04389018
2008-07-18,USO,-0.010329,0.0603666
2008-07-21,USO,0.021352,-0.014437049
2008-07-22,USO,-0.031405,-0.007888096
2008-07-23,USO,-0.03194,0.045344703
2008-07-24,USO,0.014397,-0.0033630794
2008-07-25,USO,-0.021585,0.036940504
2008-07-28,USO,0.012793,-0.039032105
2008-07-29,USO,-0.024866,0.009123668
2008-07-30,USO,0.041718,0.0011736325
2008-07-31,USO,-0.020954,0.010646347
2008-08-01,USO,0.010501,0.047113907
2008-08-04,USO,-0.034838,0.051413283
2008-08-05,USO,-0.019791,0.04314389
2008-08-06,USO,-0.001778,0.040586937
2008-08-07,USO,0.010691,0.06000898
2008-08-08,USO,-0.038989,0.058951378
2008-08-11,USO,-0.001834,0.039712436
2008-08-12,USO,-0.011026,0.06753463
2008-08-13,USO,0.024702,0.037067045
2008-08-14,USO,-0.010773,0.043050274
2008-08-15,USO,-0.010136,0.08722339
2008-08-18,USO,-0.005882,0.044322032
2008-08-19,USO,0.016217,0.003990671
2008-08-20,USO,0.013371,0.06953821
2008-08-21,USO,0.04501,0.029183345
2008-08-22,USO,-0.057733,0.030328047
2008-08-25,USO,0.006051,0.02008796
2008-08-26,USO,0.008593,0.050214708
2008-08-27,USO,0.018743,0.01506495
2008-08-28,USO,-0.02373,-0.018196529
2008-08-29,USO,-0.005568,-0.03413662
2008-09-01,USO,0.0,0.03722275
2008-09-02,USO,-0.039625,0.014822579
2008-09-03,USO,-0.008409,0.008284433
2008-09-04,USO,-0.016056,-0.006360639
2008-09-05,USO,-0.011032,-0.010070816
2008-09-08,USO,-0.001511,0.012915082
2008-09-09,USO,-0.041662,-0.05715113
2008-09-10,USO,0.007529,0.014934099
2008-09-11,USO,-0.017838,0.023213392
2008-09-12,USO,0.0,0.0544871
2008-09-15,USO,-0.063689,0.045666322
2008-09-16,USO,-0.017169,-0.029203877
2008-09-17,USO,0.033471,0.04853414
2008-09-18,USO,0.021548,-0.02538766
2008-09-19,USO,0.043703,-0.005012881
2008-09-22,USO,0.06039,0.030529605
2008-09-23,USO,-0.017005,0.040185247
2008-09-24,USO,-0.014745,0.03170934
2008-09-25,USO,0.021565,0.03307579
2008-09-26,USO,-0.005537,0.0070140716
2008-09-29,USO,-0.105788,-0.019602403
2008-09-30,USO,0.063822,0.065453604
2008-10-01,USO,-0.029509,0.028229253
2008-10-02,USO,-0.047368,0.0660901
2008-10-03,USO,-0.007518,0.03128372
2008-10-06,USO,-0.048372,0.041252207
2008-10-07,USO,0.012289,0.050508015
2008-10-08,USO,-0.003173,0.07598899
2008-10-09,USO,-0.036812,0.048041083
2008-10-10,USO,-0.04454,0.006955578
2008-10-13,USO,0.019248,-0.06651708
2008-10-14,USO,-0.040572,0.054663822
2008-10-15,USO,-0.066123,-0.03284671
2008-10-16,USO,-0.022888,-0.021662302
2008-10-17,USO,0.000506,0.044436652
2008-10-20,USO,0.04093,-0.04277946
2008-10-21,USO,-0.049029,0.0025727921
2008-10-22,USO,-0.065339,-0.023768617
2008-10-23,USO,0.030402,-0.0354604
2008-10-24,USO,-0.063604,-0.03877208
2008-10-27,USO,-0.040566,0.020289239
2008-10-28,USO,0.046608,0.030989962
2008-10-29,USO,0.046223,-0.030017678
2008-10-30,USO,-0.030172,0.07333805
2008-10-31,USO,0.029444,-0.05316937
2008-11-03,USO,-0.055765,-0.02171092
2008-11-04,USO,0.093161,-0.05819336
2008-11-05,USO,-0.061694,0.05306558
2008-11-06,USO,-0.068536,0.079056084
2008-11-07,USO,-0.002193,0.086957045
2008-11-10,USO,0.023781,-0.031023387
2008-11-11,USO,-0.060902,0.01777609
2008-11-12,USO,-0.049054,0.045827974
2008-11-13,USO,0.071038,-0.009844165
2008-11-14,USO,-0.057551,-0.009999859
2008-11-17,USO,-0.022087,0.021462735
2008-11-18,USO,-0.008636,-0.033861358
2008-11-19,USO,-0.033728,0.064991504
2008-11-20,USO,-0.08576,0.023077905
2008-11-21,USO,0.036662,0.03872257
2008-11-24,USO,0.076341,0.030550003
2008-11-25,USO,-0.062769,0.060382217
2008-11-26,USO,0.076886,0.011911261
2008-11-27,USO,0.0,0.03708845
2008-11-28,USO,-0.055007,-0.021235062
2008-12-01,USO,-0.052269,-0.039330382
2008-12-02,USO,-0.034846,-0.010713842
2008-12-03,USO,-0.011688,-0.035262875
2008-12-04,USO,-0.069382,-0.016301235
2008-12-05,USO,-0.032759,-0.0597094
2008-12-08,USO,0.054599,-0.026162827
2008-12-09,USO,-0.046235,-0.066489495
2008-12-10,USO,0.039478,0.012533061
2008-12-11,USO,0.079028,0.04326461
2008-12-12,USO,-0.013975,-0.021342726
2008-12-15,USO,-0.033045,-0.046765678
2008-12-16,USO,-0.010885,-0.058152445
2008-12-17,USO,-0.044731,0.01573742
2008-12-18,USO,-0.059753,-0.035202876
2008-12-19,USO,0.010083,0.06650811
2008-12-22,USO,-0.073503,-0.064943664
2008-12-23,USO,-0.020568,-0.01559291
2008-12-24,USO,-0.032533,0.040201634
2008-12-25,USO,0.0,-0.06708613
2008-12-26,USO,0.002619,-0.018457236
2008-12-29,USO,0.062543,0.008572962
2008-12-30,USO,-0.023286,-0.11291947
2008-12-31,USO,0.096026,-0.03973024
2008-04-01,GLD,-0.039267,-0.083444804
2008-04-02,GLD,0.027747,-0.004327417
2008-04-03,GLD,0.00168,0.023283375
2008-04-04,GLD,0.009282,0.030087765
2008-04-07,GLD,0.010194,-0.018963188
2008-04-08,GLD,-0.008994,-0.02816178
2008-04-09,GLD,0.021472,-0.03161427
2008-04-10,GLD,-0.005634,-0.025270952
2008-04-11,GLD,-0.005121,0.023352293
2008-04-14,GLD,-0.002081,-0.0034518326
2008-04-15,GLD,0.006037,-0.0665814
2008-04-16,GLD,0.017565,-0.04923473
2008-04-17,GLD,-0.007612,-0.044048756
2008-04-18,GLD,-0.020959,-0.06083779
2008-04-21,GLD,-0.004083,-0.044519667
2008-04-22,GLD,0.000222,-0.0775389
2008-04-23,GLD,-0.011632,-0.07366942
2008-04-24,GLD,-0.022416,-0.0033498101
2008-04-25,GLD,0.000573,0.02346696
2008-04-28,GLD,0.004813,-0.024552092
2008-04-29,GLD,-0.021439,-0.0081899725
2008-04-30,GLD,0.009789,-0.11949887
2008-05-01,GLD,-0.030698,-0.028882679
2008-05-02,GLD,0.007025,-0.076676756
2008-05-05,GLD,0.019981,-0.05434224
2008-05-06,GLD,0.004173,-0.06447949
2008-05-07,GLD,-0.00935,-0.033501904
2008-05-08,GLD,0.016546,-0.08184053
2008-05-09,GLD,0.002063,0.035358373
2008-05-12,GLD,-0.004919,-0.032696955
2008-05-13,GLD,-0.018392,0.055641133
2008-05-14,GLD,-0.002226,0.03395962
2008-05-15,GLD,0.021127,-0.010028295
2008-05-16,GLD,0.024139,0.032909416
2008-05-19,GLD,0.003254,-0.051093504
2008-05-20,GLD,0.016892,-0.057050657
2008-05-21,GLD,0.011661,-0.07428011
2008-05-22,GLD,-0.010657,-0.07114577
2008-05-23,GLD,0.002748,0.012278927
2008-05-26,GLD,0.0,0.045590475
2008-05-27,GLD,-0.020498,0.014387681
2008-05-28,GLD,-0.002462,-0.03846747
2008-05-29,GLD,-0.029504,-0.03437377
2008-05-30,GLD,0.010866,0.019782634
2008-06-02,GLD,0.005832,-0.04896387
2008-06-03,GLD,-0.012278,0.030528724
2008-06-04,GLD,-0.002647,-0.051134575
2008-06-05,GLD,-0.002308,0.01749878
2008-06-06,GLD,0.030191,0.024817092
2008-06-09,GLD,-0.012048,-0.016887533
2008-06-10,GLD,-0.027697,-0.015527779
2008-06-11,GLD,0.017183,0.044283636
2008-06-12,GLD,-0.016318,-0.020941857
2008-06-13,GLD,0.002687,0.022857979
2008-06-16,GLD,0.013748,-0.06547851
2008-06-17,GLD,0.002758,-0.022443438
2008-06-18,GLD,0.011805,-0.06197913
2008-06-19,GLD,0.001586,-0.07771865
2008-06-20,GLD,0.005994,-0.044612862
2008-06-23,GLD,-0.020911,-0.0020272862
2008-06-24,GLD,0.004363,-0.003996003
2008-06-25,GLD,-0.000572,-0.053477358
2008-06-26,GLD,0.036491,0.028639384
2008-06-27,GLD,0.009491,-0.04160989
2008-06-30,GLD,-0.000765,0.05622965
2008-07-01,GLD,0.013786,-0.0025490245
2008-07-02,GLD,0.005504,0.021560485
2008-07-03,GLD,-0.011914,-0.015031382
2008-07-04,GLD,0.0,-0.050637122
2008-07-07,GLD,-0.009016,-0.016200714
2008-07-08,GLD,-0.004056,-0.017306603
2008-07-09,GLD,0.007044,-0.009116509
2008-07-10,GLD,0.022186,-0.02344565
2008-07-11,GLD,0.017428,-0.011297826
2008-07-14,GLD,0.007881,0.024582835
2008-07-15,GLD,0.002711,-0.034974396
2008-07-16,GLD,-0.017989,-0.014058484
2008-07-17,GLD,-0.00233,-0.027680501
2008-07-18,GLD,-0.000531,-0.03604527
2008-07-21,GLD,0.010088,0.029121969
2008-07-22,GLD,-0.021657,0.0045848857
2008-07-23,GLD,-0.026757,-0.056105863
2008-07-24,GLD,0.008391,-0.028401112
2008-07-25,GLD,0.003942,-0.02639159
2008-07-28,GLD,0.000436,-0.0426802
2008-07-29,GLD,-0.012428,0.032166395
2008-07-30,GLD,-0.011811,-0.02170027
2008-07-31,GLD,0.006256,-0.025824655
2008-08-01,GLD,-0.005662,0.029213313
2008-08-04,GLD,-0.015965,0.016487623
2008-08-05,GLD,-0.023372,-0.0491418
2008-08-06,GLD,0.006506,-0.08403762
2008-08-07,GLD,-0.006348,-0.025630005
2008-08-08,GLD,-0.019282,0.030820202
2008-08-11,GLD,-0.039086,-0.016053991
2008-08-12,GLD,-0.007519,0.024843037
2008-08-13,GLD,0.012916,-0.011850464
2008-08-14,GLD,-0.027097,0.020010483
2008-08-15,GLD,-0.021676,-0.014566985
2008-08-18,GLD,0.015072,-0.023014328
2008-08-19,GLD,0.020723,-0.010786524
2008-08-20,GLD,-0.004637,-0.03182265
2008-08-21,GLD,0.027979,-0.014275071
2008-08-22,GLD,-0.014824,-0.05646509
2008-08-25,GLD,-0.00185,-0.034721337
2008-08-26,GLD,0.003707,-0.031636927
2008-08-27,GLD,0.0016,-0.04466437
2008-08-28,GLD,0.010079,-0.05234204
2008-08-29,GLD,-0.005719,0.022380574
2008-09-01,GLD,0.0,-0.009822939
2008-09-02,GLD,-0.030718,0.035827234
2008-09-03,GLD,-0.003914,0.024327723
2008-09-04,GLD,-0.006338,0.045130838
2008-09-05,GLD,0.007527,0.018535467
2008-09-08,GLD,-0.001519,-0.060561165
2008-09-09,GLD,-0.030053,0.004653861
2008-09-10,GLD,-0.029677,0.023914978
2008-09-11,GLD,-0.01536,-0.03131283
2008-09-12,GLD,0.033799,0.03464932
2008-09-15,GLD,0.026605,-0.033058763
2008-09-16,GLD,-0.009928,-0.058748394
2008-09-17,GLD,0.112905,-0.05479611
2008-09-18,GLD,-0.031126,-0.012936574
2008-09-19,GLD,0.038406,-0.009492929
2008-09-22,GLD,0.037218,0.030277124
2008-09-23,GLD,-0.009643,0.04540349
2008-09-24,GLD,-0.018229,-0.032257058
2008-09-25,GLD,-0.002999,-0.030120566
2008-09-26,GLD,0.002198,-0.040868428
2008-09-29,GLD,0.033818,-0.00142324
2008-09-30,GLD,-0.05024,-0.015268467
2008-10-01,GLD,0.01058,0.024866248
2008-10-02,GLD,-0.04234,-0.014939037
2008-10-03,GLD,0.003158,-0.029611861
2008-10-06,GLD,0.020463,-0.0025309261
2008-10-07,GLD,0.035477,0.010806041
2008-10-08,GLD,0.024636,-0.012967459
2008-10-09,GLD,0.005368,0.013119518
2008-10-10,GLD,-0.074305,-0.018285755
2008-10-13,GLD,-0.01478,-0.016364336
2008-10-14,GLD,0.002561,-0.018268863
2008-10-15,GLD,0.013504,0.014361706
2008-10-16,GLD,-0.048253,-0.019159839
2008-10-17,GLD,-0.026233,0.018693237
2008-10-20,GLD,0.016708,-0.029390208
2008-10-21,GLD,-0.031503,0.053838033
2008-10-22,GLD,-0.056782,-0.03866004
2008-10-23,GLD,-0.014782,-0.041700736
2008-10-24,GLD,0.022081,-0.013893313
2008-10-27,GLD,-0.000415,0.02391166
2008-10-28,GLD,0.022305,-0.02700047
2008-10-29,GLD,0.002846,-0.035608217
2008-10-30,GLD,-0.017432,0.006591056
2008-10-31,GLD,-0.018842,0.01402933
2008-11-03,GLD,-0.003364,-0.019799039
2008-11-04,GLD,0.061584,-0.017927377
2008-11-05,GLD,-0.035488,0.01974174
2008-11-06,GLD,-0.007967,-0.01874983
2008-11-07,GLD,0.003877,-0.045220926
2008-11-10,GLD,0.014897,0.037446626
2008-11-11,GLD,-0.020794,-0.018893097
2008-11-12,GLD,-0.028453,-0.049701363
2008-11-13,GLD,0.030714,-0.032200843
2008-11-14,GLD,0.015939,-0.040065974
2008-11-17,GLD,-0.008868,-0.04001293
2008-11-18,GLD,-0.001927,-0.033622317
2008-11-19,GLD,-0.003448,-0.03522625
2008-11-20,GLD,0.016468,0.021592045
2008-11-21,GLD,0.073519,-0.01302096
2008-11-24,GLD,0.026126,0.01118104
2008-11-25,GLD,-0.000494,-0.030584216
2008-11-26,GLD,-0.006059,0.019445477
2008-11-27,GLD,0.0,0.023295138
2008-11-28,GLD,-0.000871,-0.031697378
2008-12-01,GLD,-0.058025,-0.046864066
2008-12-02,GLD,0.017184,0.008844086
2008-12-03,GLD,-0.010006,0.018280473
2008-12-04,GLD,-0.008926,0.03532967
2008-12-05,GLD,-0.01298,0.031548895
2008-12-08,GLD,0.022477,0.009507082
2008-12-09,GLD,0.001772,0.029807402
2008-12-10,GLD,0.044805,-0.038964167
2008-12-11,GLD,0.011285,0.020683032
2008-12-12,GLD,0.001984,-0.024722828
2008-12-15,GLD,0.022151,-0.01823222
2008-12-16,GLD,0.022518,-0.0103067765
2008-12-17,GLD,0.011485,0.005068273
2008-12-18,GLD,-0.018261,-0.023971459
2008-12-19,GLD,-0.014785,-0.0025936004
2008-12-22,GLD,0.010045,-0.015688077
2008-12-23,GLD,-0.009945,-0.009159133
2008-12-24,GLD,0.010045,-0.0012615387
2008-12-25,GLD,0.0,-0.018876392
2008-12-26,GLD,0.025641,0.014034471
2008-12-29,GLD,0.008762,-0.010252761
2008-12-30,GLD,-0.005211,0.022767823
2008-12-31,GLD,0.007218,-0.01892009
2008-04-01,XLF,0.070366,-0.010776379
2008-04-02,XLF,-0.000751,-0.036582418
2008-04-03,XLF,0.004511,0.023539
2008-04-04,XLF,-0.013473,0.008863593
2008-04-07,XLF,0.00607,-0.06207966
2008-04-08,XLF,-0.011312,-0.04498287
2008-04-09,XLF,-0.016781,-0.026626484
2008-04-10,XLF,-0.006206,-0.050962985
2008-04-11,XLF,-0.019126,0.014854399
2008-04-14,XLF,-0.023478,-0.01568137
2008-04-15,XLF,0.010187,-0.07858795
2008-04-16,XLF,0.027027,-0.043982014
2008-04-17,XLF,0.017282,-0.060697436
2008-04-18,XLF,0.022008,-0.07222152
2008-04-21,XLF,-0.015489,-0.03246518
2008-04-22,XLF,-0.013814,-0.026065817
2008-04-23,XLF,-0.006615,-0.046210766
2008-04-24,XLF,0.036036,-0.02496469
2008-04-25,XLF,0.018904,0.00038651185
2008-04-28,XLF,0.002597,0.028159598
2008-04-29,XLF,-0.012213,-0.022544166
2008-04-30,XLF,-0.002997,-0.0054761907
2008-05-01,XLF,0.034198,-0.035532076
2008-05-02,XLF,0.006904,-0.02168519
2008-05-05,XLF,-0.017322,-0.056191556
2008-05-06,XLF,0.01065,-0.031961393
2008-05-07,XLF,-0.035974,0.025722986
2008-05-08,XLF,-0.020354,0.014308145
2008-05-09,XLF,0.0,-0.020741958
2008-05-12,XLF,0.011928,-0.018680373
2008-05-13,XLF,-0.009125,0.029773772
2008-05-14,XLF,0.006907,-0.038909413
2008-05-15,XLF,0.009909,-0.045913618
2008-05-16,XLF,-0.004151,0.021603495
2008-05-19,XLF,-0.009473,-0.006196413
2008-05-20,XLF,-0.023336,-0.04323825
2008-05-21,XLF,-0.02546,-0.010439969
2008-05-22,XLF,0.005627,-0.02624054
2008-05-23,XLF,-0.014788,0.023083404
2008-05-26,XLF,0.0,0.027697196
2008-05-27,XLF,0.005274,0.028601788
2008-05-28,XLF,-0.00565,-0.010628687
2008-05-29,XLF,0.017857,-0.022459967
2008-05-30,XLF,-0.012759,0.03203639
2008-06-02,XLF,-0.014943,-0.06893787
2008-06-03,XLF,-0.00328,0.020516742
2008-06-04,XLF,-0.00617,-0.025274897
2008-06-05,XLF,0.019868,-0.026554862
2008-06-06,XLF,-0.053166,0.027020428
2008-06-09,XLF,-0.013716,0.0058845016
2008-06-10,XLF,0.003042,-0.051977683
2008-06-11,XLF,-0.029029,0.018801276
2008-06-12,XLF,0.02722,-0.033937715
2008-06-13,XLF,0.015639,-0.031300012
2008-06-16,XLF,0.00941,-0.016551193
2008-06-17,XLF,-0.029237,-0.06687544
2008-06-18,XLF,-0.016587,-0.036003016
2008-06-19,XLF,0.010652,-0.023165533
2008-06-20,XLF,-0.017144,-0.060582466
2008-06-23,XLF,-0.03156,-0.018874966
2008-06-24,XLF,0.011639,-0.020023577
2008-06-25,XLF,-0.002301,-0.02755161
2008-06-26,XLF,-0.035978,0.027677933
2008-06-27,XLF,-0.015789,-0.022157958
2008-06-30,XLF,-0.01507,-0.001568093
2008-07-01,XLF,0.002961,0.027443001
2008-07-02,XLF,-0.015256,-0.018515084
2008-07-03,XLF,-0.003498,0.001689758
2008-07-04,XLF,0.0,-0.03694604
2008-07-07,XLF,-0.033099,-0.028156297
2008-07-08,XLF,0.064834,-0.035480224
2008-07-09,XLF,-0.05699,0.031518888
2008-07-10,XLF,-0.007231,-0.01387401
2008-07-11,XLF,-0.028096,0.012349324
2008-07-14,XLF,-0.051392,-0.039829213
2008-07-15,XLF,-0.031038,-0.037197478
2008-07-16,XLF,0.131043,-0.026512763
2008-07-17,XLF,0.043254,-0.030236425
2008-07-18,XLF,0.020237,0.003500631
2008-07-21,XLF,0.00387,-0.024748541
2008-07-22,XLF,0.083855,-0.054021984
2008-07-23,XLF,-0.001334,0.014629024
2008-07-24,XLF,-0.067231,-0.036210194
2008-07-25,XLF,-0.003819,-0.03510792
2008-07-28,XLF,-0.046957,0.007151717
2008-07-29,XLF,0.080945,0.029317359
2008-07-30,XLF,0.015349,-0.04867923
2008-07-31,XLF,-0.009162,-0.010149282
2008-08-01,XLF,0.0,0.025149224
2008-08-04,XLF,-0.008322,-0.014838777
2008-08-05,XLF,0.050816,-0.010726556
2008-08-06,XLF,-0.010204,-0.0406689
2008-08-07,XLF,-0.049305,-0.029266488
2008-08-08,XLF,0.034418,-0.034205534
2008-08-11,XLF,0.016864,-0.056661878
2008-08-12,XLF,-0.05065,0.012901846
2008-08-13,XLF,-0.028801,-0.04846012
2008-08-14,XLF,0.031113,-0.041855067
2008-08-15,XLF,0.007072,-0.009851069
2008-08-18,XLF,-0.038389,-0.0102002425
2008-08-19,XLF,-0.029211,0.031128602
2008-08-20,XLF,0.020562,-0.056858744
2008-08-21,XLF,-0.018182,-0.014936798
2008-08-22,XLF,0.038038,-0.021463389
2008-08-25,XLF,-0.035198,-0.05742405
2008-08-26,XLF,0.007996,-0.059665423
2008-08-27,XLF,0.019336,-0.029397333
2008-08-28,XLF,0.04037,0.009555189
2008-08-29,XLF,0.001403,0.014011813
2008-09-01,XLF,0.0,-0.018415285
2008-09-02,XLF,0.014006,0.03307632
2008-09-03,XLF,0.015654,-0.0122025395
2008-09-04,XLF,-0.048957,-0.01726021
2008-09-05,XLF,0.036225,-0.03686283
2008-09-08,XLF,0.043238,-0.06727576
2008-09-09,XLF,-0.063933,0.031756576
2008-09-10,XLF,-0.012247,-0.0135476375
2008-09-11,XLF,0.02289,0.01586851
2008-09-12,XLF,-0.013986,0.025391215
2008-09-15,XLF,-0.0974,-0.017875114
2008-09-16,XLF,0.074908,-0.03609772
2008-09-17,XLF,-0.096004,-0.045742653
2008-09-18,XLF,0.078706,-0.019011578
2008-09-19,XLF,0.127916,0.026404172
2008-09-22,XLF,-0.081769,-0.018659309
2008-09-23,XLF,-0.00292,0.037357837
2008-09-24,XLF,-0.011225,0.020753158
2008-09-25,XLF,0.027641,0.0037337835
2008-09-26,XLF,0.027378,0.023751577
2008-09-29,XLF,-0.131837,-0.016492877
2008-09-30,XLF,0.071082,-0.0047282423
2008-10-01,XLF,0.039216,0.01728582
2008-10-02,XLF,-0.049831,0.015146133
2008-10-03,XLF,-0.043788,-0.011743922
2008-10-06,XLF,-0.052183,0.031683307
2008-10-07,XLF,-0.105618,0.03026889
2008-10-08,XLF,-0.040201,-0.039285533
2008-10-09,XLF,-0.104058,-0.02421489
2008-10-10,XLF,0.102995,-0.030137183
2008-10-13,XLF,0.078146,0.031442385
2008-10-14,XLF,0.064496,-0.050456207
2008-10-15,XLF,-0.108482,-0.035542537
2008-10-16,XLF,0.022654,-0.030705715
2008-10-17,XLF,-0.028481,-0.04320179
2008-10-20,XLF,0.049511,0.01772587
2008-10-21,XLF,-0.030416,-0.03036715
2008-10-22,XLF,-0.06274,-0.02716595
2008-10-23,XLF,-0.010246,-0.031939365
2008-10-24,XLF,-0.064872,-0.041805655
2008-10-27,XLF,-0.027306,-0.053338178
2008-10-28,XLF,0.157056,0.009229796
2008-10-29,XLF,-0.061639,0.025795156
2008-10-30,XLF,0.034941,-0.024289995
2008-10-31,XLF,0.048616,-0.035410404
2008-11-03,XLF,0.005795,-0.034371585
2008-11-04,XLF,0.056338,-0.0335611
2008-11-05,XLF,-0.091515,-0.037237853
2008-11-06,XLF,-0.068712,-0.019648436
2008-11-07,XLF,0.018625,-0.036921203
2008-11-10,XLF,-0.029536,-0.035330918
2008-11-11,XLF,-0.034783,-0.0312299
2008-11-12,XLF,-0.061562,-0.03480076
2008-11-13,XLF,0.0728,0.033721175
2008-11-14,XLF,-0.050708,0.025778351
2008-11-17,XLF,-0.063629,-0.0366402
2008-11-18,XLF,-0.014262,0.017861573
2008-11-19,XLF,-0.104681,0.011363954
2008-11-20,XLF,-0.107414,-0.032734033
2008-11-21,XLF,0.030884,-0.016541349
2008-11-24,XLF,0.151859,-0.03265285
2008-11-25,XLF,0.058296,-0.01809586
2008-11-26,XLF,0.04661,-0.026187832
2008-11-27,XLF,0.0,-0.026322
2008-11-28,XLF,0.025101,-0.007918927
2008-12-01,XLF,-0.166667,0.008679012
2008-12-02,XLF,0.081517,-0.011788459
2008-12-03,XLF,0.051709,-0.035987157
2008-12-04,XLF,-0.010833,-0.050953284
2008-12-05,XLF,0.079191,-0.0082009835
2008-12-08,XLF,0.067135,-0.019460434
2008-12-09,XLF,-0.040234,0.012655907
2008-12-10,XLF,-0.01753,0.021424469
2008-12-11,XLF,-0.076804,0.018521348
2008-12-12,XLF,0.019328,-0.013497024
2008-12-15,XLF,-0.04122,-0.02400496
2008-12-16,XLF,0.11178,-0.022756463
2008-12-17,XLF,-0.009281,-0.023105908
2008-12-18,XLF,-0.028884,0.018698351
2008-12-19,XLF,-0.002203,0.03284703
2008-12-22,XLF,-0.035159,-0.026604094
2008-12-23,XLF,-0.023729,-0.04110451
2008-12-24,XLF,0.021701,0.009191042
2008-12-25,XLF,0.0,0.0040734075
2008-12-26,XLF,0.00085,-0.030643946
2008-12-29,XLF,-0.008489,-0.017348325
2008-12-30,XLF,0.038527,-0.034350872
2008-12-31,XLF,0.032152,-0.02871834
2008-04-01,XLB,0.031865,0.019523552
2008-04-02,XLB,0.006755,-0.049253646
2008-04-03,XLB,0.018212,-0.036996175
2008-04-04,XLB,0.009885,-0.03126475
2008-04-07,XLB,-0.00536,0.017167974
2008-04-08,XLB,0.009372,-0.038289167
2008-04-09,XLB,-0.010678,-0.029681718
2008-04-10,XLB,0.002581,-0.041033544
2008-04-11,XLB,-0.012872,0.053799603
2008-04-14,XLB,-0.004979,-0.06028152
2008-04-15,XLB,0.00548,0.028569227
2008-04-16,XLB,0.047867,0.020256473
2008-04-17,XLB,-0.004975,0.06835668
2008-04-18,XLB,0.005455,-0.0027268424
2008-04-21,XLB,0.002486,0.03586892
2008-04-22,XLB,-0.007892,0.036875654
2008-04-23,XLB,-0.015682,0.07065583
2008-04-24,XLB,-0.014546,0.03943053
2008-04-25,XLB,0.028585,0.011860011
2008-04-28,XLB,-0.005695,-0.0067901085
2008-04-29,XLB,-0.03299,0.012806575
2008-04-30,XLB,0.002369,0.04239061
2008-05-01,XLB,-0.007091,0.0011788061
2008-05-02,XLB,0.010236,-0.04189872
2008-05-05,XLB,0.02262,-0.07227877
2008-05-06,XLB,0.008064,-0.056822788
2008-05-07,XLB,-0.0112,0.013246874
2008-05-08,XLB,0.017106,0.010268887
2008-05-09,XLB,-0.0125,0.011812923
2008-05-12,XLB,0.020483,-0.021435872
2008-05-13,XLB,0.005638,-0.034314882
2008-05-14,XLB,0.005607,0.004506363
2008-05-15,XLB,0.011374,0.01769489
2008-05-16,XLB,0.012348,0.030946327
2008-05-19,XLB,-0.002614,0.040400896
2008-05-20,XLB,0.005241,0.01501203
2008-05-21,XLB,-0.029329,0.05181005
2008-05-22,XLB,-0.004476,0.030386453
2008-05-23,XLB,-0.013714,0.040323287
2008-05-26,XLB,0.0,0.02551136
2008-05-27,XLB,-0.004559,0.030070545
2008-05-28,XLB,0.02496,0.040409464
2008-05-29,XLB,-0.006702,0.036454618
2008-05-30,XLB,0.001125,-0.01000416
2008-06-02,XLB,-0.007639,-0.030886548
2008-06-03,XLB,0.001132,0.032129515
2008-06-04,XLB,-0.004297,0.016373279
2008-06-05,XLB,0.033613,-0.007170025
2008-06-06,XLB,-0.029444,0.0474509
2008-06-09,XLB,0.015169,-0.011656064
2008-06-10,XLB,-0.012712,-0.0051486157
2008-06-11,XLB,-0.017845,-0.04669525
2008-06-12,XLB,-0.00046,0.057551596
2008-06-13,XLB,0.02485,0.010096793
2008-06-16,XLB,-0.000898,-0.0062742005
2008-06-17,XLB,0.005393,0.05480077
2008-06-18,XLB,-0.006705,0.02761577
2008-06-19,XLB,0.0018,0.023975875
2008-06-20,XLB,-0.020145,-0.020402486
2008-06-23,XLB,0.006449,0.0017302646
2008-06-24,XLB,-0.018993,-0.034589715
2008-06-25,XLB,0.003032,0.02999012
2008-06-26,XLB,-0.024651,-0.0113609675
2008-06-27,XLB,-0.000954,0.031380977
2008-06-30,XLB,-0.004057,-0.008304652
2008-07-01,XLB,-0.018452,-0.008414803
2008-07-02,XLB,-0.042725,0.031892654
2008-07-03,XLB,0.006121,0.03544572
2008-07-04,XLB,0.0,-0.03821018
2008-07-07,XLB,0.00507,0.013651077
2008-07-08,XLB,-0.010593,0.012484841
2008-07-09,XLB,0.001784,-0.008197396
2008-07-10,XLB,0.003817,-0.024679162
2008-07-11,XLB,-0.000761,-0.013719427
2008-07-14,XLB,0.011162,0.01740742
2008-07-15,XLB,-0.009784,-0.021160824
2008-07-16,XLB,0.0038,-0.029964235
2008-07-17,XLB,0.00631,0.016545637
2008-07-18,XLB,-0.006772,0.022544181
2008-07-21,XLB,0.020707,-0.026294263
2008-07-22,XLB,0.001484,-0.0506537
2008-07-23,XLB,-0.012599,0.026132291
2008-07-24,XLB,-0.025269,-0.013394209
2008-07-25,XLB,0.00154,-0.008203976
2008-07-28,XLB,-0.001281,0.0145830875
2008-07-29,XLB,0.019759,-0.02280152
2008-07-30,XLB,0.023654,0.0021599173
2008-07-31,XLB,-0.007375,0.04297755
2008-08-01,XLB,-0.018078,0.015251099
2008-08-04,XLB,-0.04338,0.02751907
2008-08-05,XLB,0.0116,0.016565392
2008-08-06,XLB,0.009904,0.02736706
2008-08-07,XLB,-0.003097,0.009666254
2008-08-08,XLB,-0.004142,0.0149777075
2008-08-11,XLB,0.0013,-0.013888088
2008-08-12,XLB,0.008307,0.041334663
2008-08-13,XLB,0.021627,0.023314662
2008-08-14,XLB,-0.002016,0.026137773
2008-08-15,XLB,-0.006313,0.039269254
2008-08-18,XLB,-0.009149,0.013974414
2008-08-19,XLB,-0.006155,0.021204356
2008-08-20,XLB,0.017548,0.0283863
2008-08-21,XLB,0.008623,0.037134387
2008-08-22,XLB,-0.000503,0.031864993
2008-08-25,XLB,-0.021635,0.023969248
2008-08-26,XLB,0.0054,0.025718214
2008-08-27,XLB,0.009207,-0.0104771955
2008-08-28,XLB,0.014192,0.012441816
2008-08-29,XLB,-0.006747,0.020930134
2008-09-01,XLB,0.0,0.03516956
2008-09-02,XLB,-0.025157,0.036312427
2008-09-03,XLB,-0.005161,0.029563406
2008-09-04,XLB,-0.035538,0.021156253
2008-09-05,XLB,0.001076,-0.017232198
2008-09-08,XLB,-0.001881,0.04843166
2008-09-09,XLB,-0.031763,-0.02184777
2008-09-10,XLB,0.008618,0.045056246
2008-09-11,XLB,0.017089,0.012045846
2008-09-12,XLB,0.031978,0.030350516
2008-09-15,XLB,-0.041492,0.026436418
2008-09-16,XLB,0.010959,-0.03986906
2008-09-17,XLB,-0.018699,-0.00593619
2008-09-18,XLB,-0.000276,-0.013198677
2008-09-19,XLB,0.063331,0.01963479
2008-09-22,XLB,-0.0128,0.032494355
2008-09-23,XLB,-0.023287,0.031230904
2008-09-24,XLB,-0.019778,0.03404951
2008-09-25,XLB,-0.002764,0.0334389
2008-09-26,XLB,-0.023282,-0.009945493
2008-09-29,XLB,-0.072077,-0.051559903
2008-09-30,XLB,0.021407,0.052257452
2008-10-01,XLB,-0.016467,0.03412237
2008-10-02,XLB,-0.071842,0.013466346
2008-10-03,XLB,-0.009839,0.05595811
2008-10-06,XLB,-0.049354,0.043117546
2008-10-07,XLB,-0.051568,0.043521423
2008-10-08,XLB,0.032329,-0.0023180281
2008-10-09,XLB,-0.064057,0.043090235
2008-10-10,XLB,-0.023574,0.014943633
2008-10-13,XLB,0.140576,-0.027255416
2008-10-14,XLB,-0.02902,0.02590925
2008-10-15,XLB,-0.124121,0.023384796
2008-10-16,XLB,0.006825,0.017526649
2008-10-17,XLB,0.026715,-0.023835704
2008-10-20,XLB,0.050485,-0.018648377
2008-10-21,XLB,-0.042144,-0.046614505
2008-10-22,XLB,-0.054805,-0.042066887
2008-10-23,XLB,-0.022866,-0.035108317
2008-10-24,XLB,-0.043042,-0.048072454
2008-10-27,XLB,-0.074236,-0.024080435
2008-10-28,XLB,0.125943,0.026912643
2008-10-29,XLB,0.041056,0.012258268
2008-10-30,XLB,0.031388,0.008234543
2008-10-31,XLB,0.011315,-0.021966979
2008-11-03,XLB,-0.00463,-0.043001484
2008-11-04,XLB,0.046899,-0.053661965
2008-11-05,XLB,-0.041836,0.027922256
2008-11-06,XLB,-0.054482,0.04069804
2008-11-07,XLB,0.016347,0.037800524
2008-11-10,XLB,0.000402,-0.016841972
2008-11-11,XLB,-0.039791,0.0251987
2008-11-12,XLB,-0.063625,-0.027987182
2008-11-13,XLB,0.081359,0.056292295
2008-11-14,XLB,-0.060769,0.022430338
2008-11-17,XLB,-0.020687,-0.0304488
2008-11-18,XLB,-0.011236,-0.051393222
2008-11-19,XLB,-0.06,0.049113166
2008-11-20,XLB,-0.038685,-0.01736182
2008-11-21,XLB,0.011066,-0.0112025915
2008-11-24,XLB,0.057711,-0.030238928
2008-11-25,XLB,0.036689,0.05332047
2008-11-26,XLB,0.045826,-0.044548735
2008-11-27,XLB,0.0,0.05464376
2008-11-28,XLB,0.004338,-0.046039045
2008-12-01,XLB,-0.084665,-0.0784239
2008-12-02,XLB,0.038697,0.01970756
2008-12-03,XLB,-0.001817,-0.0186225
2008-12-04,XLB,-0.020027,-0.023271589
2008-12-05,XLB,0.018579,-0.030405957
2008-12-08,XLB,0.075239,-0.042543598
2008-12-09,XLB,-0.010602,0.015264785
2008-12-10,XLB,0.030862,-0.030518906
2008-12-11,XLB,-0.043243,0.040424075
2008-12-12,XLB,0.003911,-0.011011023
2008-12-15,XLB,-0.002165,-0.029847367
2008-12-16,XLB,0.061171,0.03514596
2008-12-17,XLB,0.000818,-0.02301693
2008-12-18,XLB,-0.038399,0.024673924
2008-12-19,XLB,-0.020278,0.034094095
2008-12-22,XLB,-0.036435,-0.022404019
2008-12-23,XLB,-0.003645,-0.044580724
2008-12-24,XLB,0.000914,0.030800048
2008-12-25,XLB,0.0,-0.05013931
2008-12-26,XLB,0.012334,-0.024047857
2008-12-29,XLB,-0.018051,-0.035872214
2008-12-30,XLB,0.027114,-0.069710314
2008-12-31,XLB,0.01745,-0.032178976
2008-04-01,XLK,0.029018,0.1305121
2008-04-02,XLK,0.012148,-0.03757579
2008-04-03,XLK,-0.000429,0.025761513
2008-04-04,XLK,-0.003431,-0.010328049
2008-04-07,XLK,0.000861,-0.013442421
2008-04-08,XLK,-0.006019,-0.07031398
2008-04-09,XLK,-0.004325,-0.06276785
2008-04-10,XLK,0.008254,-0.0597593
2008-04-11,XLK,-0.026713,0.009034048
2008-04-14,XLK,-0.003984,-0.033585876
2008-04-15,XLK,0.0,-0.04422917
2008-04-16,XLK,0.040889,-0.04983583
2008-04-17,XLK,-0.000427,0.02266753
2008-04-18,XLK,0.017514,-0.060009006
2008-04-21,XLK,0.006297,-0.024494326
2008-04-22,XLK,-0.005006,-0.02205742
2008-04-23,XLK,0.006289,0.042843167
2008-04-24,XLK,0.012083,-0.045505613
2008-04-25,XLK,-0.011939,-0.03787785
2008-04-28,XLK,0.0,0.039503668
2008-04-29,XLK,0.009583,-0.046189252
2008-04-30,XLK,-0.017747,0.029614585
2008-05-01,XLK,0.042017,-0.045626666
2008-05-02,XLK,-0.000403,-0.030508485
2008-05-05,XLK,-0.004437,-0.03997912
2008-05-06,XLK,0.012156,0.0397114
2008-05-07,XLK,-0.017614,0.055303518
2008-05-08,XLK,0.00163,0.09844414
2008-05-09,XLK,-0.003255,-0.051820204
2008-05-12,XLK,0.016327,-0.06400219
2008-05-13,XLK,0.0,-0.097448446
2008-05-14,XLK,0.002008,-0.111301206
2008-05-15,XLK,0.019238,-0.06040787
2008-05-16,XLK,-0.002359,0.04984823
2008-05-19,XLK,0.005124,0.028721213
2008-05-20,XLK,-0.015686,0.036924727
2008-05-21,XLK,-0.026295,0.0281928
2008-05-22,XLK,0.003682,0.026097426
2008-05-23,XLK,-0.002038,0.043042928
2008-05-26,XLK,0.0,0.026660006
2008-05-27,XLK,0.01634,0.029608596
2008-05-28,XLK,0.005627,0.04850941
2008-05-29,XLK,0.007194,0.040713187
2008-05-30,XLK,0.005952,0.06984711
2008-06-02,XLK,-0.014201,0.06015685
2008-06-03,XLK,-0.005602,0.07189381
2008-06-04,XLK,0.002012,0.058101036
2008-06-05,XLK,0.020482,-0.02665926
2008-06-06,XLK,-0.027155,0.06809319
2008-06-09,XLK,-0.002023,-0.020599123
2008-06-10,XLK,-0.004459,0.014382499
2008-06-11,XLK,-0.025651,0.04108196
2008-06-12,XLK,0.011283,0.061798744
2008-06-13,XLK,0.010744,-0.039510828
2008-06-16,XLK,0.002453,-0.09004754
2008-06-17,XLK,-0.004078,-0.00959222
2008-06-18,XLK,-0.010647,-0.02226417
2008-06-19,XLK,0.003725,0.03824389
2008-06-20,XLK,-0.017791,-0.04447618
2008-06-23,XLK,-0.009263,-0.04231219
2008-06-24,XLK,-0.001275,0.003963353
2008-06-25,XLK,0.008511,0.01695334
2008-06-26,XLK,-0.018987,0.038778752
2008-06-27,XLK,-0.013333,0.14238457
2008-06-30,XLK,-0.001308,-0.005836222
2008-07-01,XLK,-0.006984,0.08874819
2008-07-02,XLK,-0.013187,-0.04815319
2008-07-03,XLK,-0.004454,-0.043602616
2008-07-04,XLK,0.0,-0.038016643
2008-07-07,XLK,0.011186,-0.038698696
2008-07-08,XLK,0.010177,-0.064013764
2008-07-09,XLK,-0.029785,0.041401573
2008-07-10,XLK,0.012641,0.035608727
2008-07-11,XLK,-0.009363,-0.012723352
2008-07-14,XLK,-0.007651,-0.030557653
2008-07-15,XLK,-0.002268,-0.01547512
2008-07-16,XLK,0.014545,-0.023243142
2008-07-17,XLK,0.010305,0.058357775
2008-07-18,XLK,0.011086,0.062357713
2008-07-21,XLK,-0.019737,-0.07248815
2008-07-22,XLK,-0.005369,-0.09392663
2008-07-23,XLK,0.017994,0.08339336
2008-07-24,XLK,-0.02563,-0.056173943
2008-07-25,XLK,0.014059,-0.06734224
2008-07-28,XLK,-0.02102,0.028767547
2008-07-29,XLK,0.020101,0.043188054
2008-07-30,XLK,0.006717,-0.054987814
2008-07-31,XLK,-0.005783,-0.020865513
2008-08-01,XLK,-0.011186,-0.021175226
2008-08-04,XLK,0.004977,0.017577553
2008-08-05,XLK,0.01891,0.050156508
2008-08-06,XLK,0.014141,0.02303036
2008-08-07,XLK,-0.001743,0.013414742
2008-08-08,XLK,0.019206,-0.044199813
2008-08-11,XLK,0.006424,-0.030899884
2008-08-12,XLK,0.002128,0.06323697
2008-08-13,XLK,-0.003822,-0.039184276
2008-08-14,XLK,0.007673,-0.039217442
2008-08-15,XLK,0.003807,0.039868657
2008-08-18,XLK,-0.012642,0.034918033
2008-08-19,XLK,-0.017499,0.048721936
2008-08-20,XLK,0.002172,-0.040189594
2008-08-21,XLK,-0.003901,-0.020066075
2008-08-22,XLK,0.013925,0.0716212
2008-08-25,XLK,-0.012876,-0.049573563
2008-08-26,XLK,-0.003913,0.0040379483
2008-08-27,XLK,0.009603,-0.023282949
2008-08-28,XLK,0.006053,0.031718288
2008-08-29,XLK,-0.022346,-0.059437178
2008-09-01,XLK,0.0,-0.0477766
2008-09-02,XLK,-0.005714,0.0355773
2008-09-03,XLK,-0.013263,0.025231758
2008-09-04,XLK,-0.035842,-0.044621963
2008-09-05,XLK,0.0,-0.07566459
2008-09-08,XLK,0.012082,-0.06569216
2008-09-09,XLK,-0.017447,0.017802963
2008-09-10,XLK,-0.004673,-0.020132408
2008-09-11,XLK,0.016432,0.031202946
2008-09-12,XLK,0.004619,0.004281386
2008-09-15,XLK,-0.048276,-0.041348767
2008-09-16,XLK,0.018841,0.007825395
2008-09-17,XLK,-0.055477,0.02635038
2008-09-18,XLK,0.042671,-0.033622272
2008-09-19,XLK,0.007256,0.041011766
2008-09-22,XLK,-0.025899,-0.046586763
2008-09-23,XLK,-0.000492,0.07423931
2008-09-24,XLK,0.002463,-0.0032569824
2008-09-25,XLK,0.017199,0.04219397
2008-09-26,XLK,0.004831,0.06909619
2008-09-29,XLK,-0.086538,-0.022863952
2008-09-30,XLK,0.044737,-0.061990097
2008-10-01,XLK,-0.009068,0.016708989
2008-10-02,XLK,-0.039146,0.06854964
2008-10-03,XLK,-0.014286,0.026533006
2008-10-06,XLK,-0.055287,0.047419373
2008-10-07,XLK,-0.051136,0.069010176
2008-10-08,XLK,-0.008982,-0.07297256
2008-10-09,XLK,-0.033233,-0.06180567
2008-10-10,XLK,-0.00625,-0.07002525
2008-10-13,XLK,0.116981,-0.054373134
2008-10-14,XLK,-0.033784,-0.11157344
2008-10-15,XLK,-0.075175,-0.07608478
2008-10-16,XLK,0.0523,-0.1110302
2008-10-17,XLK,-0.009581,-0.0681391
2008-10-20,XLK,0.039903,0.062521756
2008-10-21,XLK,-0.052326,-0.06807626
2008-10-22,XLK,-0.052147,-0.10917984
2008-10-23,XLK,0.022654,-0.048661206
2008-10-24,XLK,-0.046835,-0.10348246
2008-10-27,XLK,-0.020584,-0.088704586
2008-10-28,XLK,0.138983,0.06238222
2008-10-29,XLK,-0.03869,0.0646619
2008-10-30,XLK,0.037152,-0.027200423
2008-10-31,XLK,-0.00597,-0.091627955
2008-11-03,XLK,0.0,-0.089876786
2008-11-04,XLK,0.042042,-0.09409166
2008-11-05,XLK,-0.060519,-0.098900504
2008-11-06,XLK,-0.055215,-0.070390776
2008-11-07,XLK,0.028571,0.04586538
2008-11-10,XLK,-0.010859,-0.13610914
2008-11-11,XLK,-0.021573,-0.11383252
2008-11-12,XLK,-0.046967,-0.057532378
2008-11-13,XLK,0.062286,-0.0017968148
2008-11-14,XLK,-0.045747,0.07030953
2008-11-17,XLK,-0.028359,-0.09227574
2008-11-18,XLK,0.013899,-0.00012555551
2008-11-19,XLK,-0.055518,-0.03333146
2008-11-20,XLK,-0.042816,-0.07999467
2008-11-21,XLK,0.053071,-0.03450586
2008-11-24,XLK,0.048956,-0.04973364
2008-11-25,XLK,0.013727,-0.064304195
2008-11-26,XLK,0.031144,0.049234383
2008-11-27,XLK,0.0,-0.08203174
2008-11-28,XLK,0.001313,0.085586205
2008-12-01,XLK,-0.072131,0.043587618
2008-12-02,XLK,0.035336,0.039535612
2008-12-03,XLK,0.028669,-0.044412814
2008-12-04,XLK,-0.040478,-0.08549606
2008-12-05,XLK,0.039419,-0.048844688
2008-12-08,XLK,0.046574,0.101609275
2008-12-09,XLK,-0.006357,0.0096047325
2008-12-10,XLK,-0.008317,-0.037685294
2008-12-11,XLK,-0.02129,0.11462437
2008-12-12,XLK,0.011866,-0.09697835
2008-12-15,XLK,-0.011075,-0.06592169
2008-12-16,XLK,0.052042,-0.07808107
2008-12-17,XLK,-0.019411,-0.09506117
2008-12-18,XLK,-0.028097,-0.039024852
2008-12-19,XLK,0.008575,-0.0037636752
2008-12-22,XLK,-0.013752,-0.06805673
2008-12-23,XLK,-0.013944,-0.062482223
2008-12-24,XLK,0.006734,0.035136215
2008-12-25,XLK,0.0,-0.032889683
2008-12-26,XLK,-0.001338,-0.07667991
2008-12-29,XLK,0.00067,0.01740454
2008-12-30,XLK,0.018742,-0.003428545
2008-12-31,XLK,0.012484,-0.054351475
2008-04-01,XLV,0.016041,-0.010092631
2008-04-02,XLV,-0.006947,-0.04032903
2008-04-03,XLV,-0.00318,0.045821182
2008-04-04,XLV,0.007974,-0.039323192
2008-04-07,XLV,0.011392,-0.005949781
2008-04-08,XLV,-0.003442,-0.007314029
2008-04-09,XLV,-0.00471,-0.06914372
2008-04-10,XLV,0.007886,-0.057431895
2008-04-11,XLV,-0.013146,0.031548828
2008-04-14,XLV,-0.00444,-0.037708525
2008-04-15,XLV,-0.000956,-0.04269179
2008-04-16,XLV,0.005421,-0.020451175
2008-04-17,XLV,-0.006343,-0.062563986
2008-04-18,XLV,0.009575,-0.10548827
2008-04-21,XLV,-0.003162,-0.0056780702
2008-04-22,XLV,-0.010466,0.013875034
2008-04-23,XLV,0.003205,-0.021976087
2008-04-24,XLV,0.003195,-0.036222253
2008-04-25,XLV,0.013057,-0.049496524
2008-04-28,XLV,0.005973,0.07511892
2008-04-29,XLV,-0.010938,0.061780557
2008-04-30,XLV,-0.005371,-0.1508546
2008-05-01,XLV,0.017789,-0.034263995
2008-05-02,XLV,0.000312,-0.11981558
2008-05-05,XLV,-0.002808,0.023861174
2008-05-06,XLV,-0.001877,-0.0309799
2008-05-07,XLV,-0.008777,-0.057018235
2008-05-08,XLV,-0.003795,-0.062179204
2008-05-09,XLV,-0.000952,-0.044223286
2008-05-12,XLV,0.007626,-0.06485554
2008-05-13,XLV,-0.009461,-0.08372418
2008-05-14,XLV,0.008278,-0.027397368
2008-05-15,XLV,-0.002842,-0.04815287
2008-05-16,XLV,0.0038,-0.020204483
2008-05-19,XLV,0.006309,-0.11727292
2008-05-20,XLV,-0.002821,0.010956027
2008-05-21,XLV,-0.008802,-0.11490095
2008-05-22,XLV,0.010783,0.026174951
2008-05-23,XLV,-0.016316,-0.037676774
2008-05-26,XLV,0.0,-0.06449112
2008-05-27,XLV,0.004147,0.038332198
2008-05-28,XLV,-0.000953,-0.11681887
2008-05-29,XLV,0.021622,-0.05864404
2008-05-30,XLV,-0.001556,0.052218035
2008-06-02,XLV,-0.011845,-0.075583644
2008-06-03,XLV,0.006625,0.017246073
2008-06-04,XLV,0.000313,-0.0036490806
2008-06-05,XLV,0.008772,0.07838337
2008-06-06,XLV,-0.024224,0.0055350824
2008-06-09,XLV,-0.005411,-0.09962896
2008-06-10,XLV,-0.0096,-0.15645656
2008-06-11,XLV,-0.010016,0.06837844
2008-06-12,XLV,-0.008486,-0.020629067
2008-06-13,XLV,0.0158,0.0061023533
2008-06-16,XLV,0.00324,-0.12543873
2008-06-17,XLV,-0.002584,-0.02157361
2008-06-18,XLV,-0.011334,-0.07923877
2008-06-19,XLV,0.00131,-0.053899974
2008-06-20,XLV,-0.013988,-0.06749516
2008-06-23,XLV,0.007333,-0.0248467
2008-06-24,XLV,0.00364,-0.041886795
2008-06-25,XLV,0.01121,-0.032060463
2008-06-26,XLV,-0.020215,-0.0392012
2008-06-27,XLV,0.006656,-0.015825305
2008-06-30,XLV,0.010909,0.010167222
2008-07-01,XLV,0.0,0.064817436
2008-07-02,XLV,-0.006867,-0.09378913
2008-07-03,XLV,0.004281,0.007022209
2008-07-04,XLV,0.0,-0.094394535
2008-07-07,XLV,-0.006557,-0.036204275
2008-07-08,XLV,0.026403,-0.079356335
2008-07-09,XLV,0.004823,-0.051210277
2008-07-10,XLV,0.00544,-0.044225294
2008-07-11,XLV,-0.019096,0.03382736
2008-07-14,XLV,0.006814,-0.05515385
2008-07-15,XLV,0.004834,-0.05003089
2008-07-16,XLV,0.007056,0.042471226
2008-07-17,XLV,0.009873,0.10406424
2008-07-18,XLV,-0.000315,0.015814157
2008-07-21,XLV,-0.017666,-0.06397568
2008-07-22,XLV,0.013809,-0.06021882
2008-07-23,XLV,0.004435,-0.027076196
2008-07-24,XLV,-0.000946,0.03209098
2008-07-25,XLV,0.005997,-0.054159824
2008-07-28,XLV,-0.008158,-0.04566212
2008-07-29,XLV,0.010123,0.034575835
2008-07-30,XLV,-0.000313,-0.092269726
2008-07-31,XLV,0.00094,-0.07755509
2008-08-01,XLV,-0.007512,-0.055077218
2008-08-04,XLV,0.008515,0.030355806
2008-08-05,XLV,0.03252,0.082196854
2008-08-06,XLV,0.003937,-0.079962745
2008-08-07,XLV,-0.012066,0.044248335
2008-08-08,XLV,0.017405,0.01295013
2008-08-11,XLV,0.0009,-0.02593612
2008-08-12,XLV,-0.002099,0.07993197
2008-08-13,XLV,0.000601,-0.014929148
2008-08-14,XLV,-0.000601,0.012621507
2008-08-15,XLV,0.009916,0.06452566
2008-08-18,XLV,-0.008331,0.051970128
2008-08-19,XLV,-0.0045,0.018788053
2008-08-20,XLV,-0.006329,-0.053251572
2008-08-21,XLV,-0.00637,0.03998072
2008-08-22,XLV,0.016789,-0.023039166
2008-08-25,XLV,-0.016211,-0.06643111
2008-08-26,XLV,-0.001221,-0.0070266677
2008-08-27,XLV,0.001528,-0.040313248
2008-08-28,XLV,0.005796,-0.051780358
2008-08-29,XLV,-0.010919,-0.08605027
2008-09-01,XLV,0.0,-0.07872886
2008-09-02,XLV,-0.00184,0.0012132474
2008-09-03,XLV,0.005837,-0.03812862
2008-09-04,XLV,-0.021991,-0.07002075
2008-09-05,XLV,-0.005309,-0.066946015
2008-09-08,XLV,0.016641,-0.06053564
2008-09-09,XLV,-0.008647,-0.020459289
2008-09-10,XLV,-0.00405,-0.03177107
2008-09-11,XLV,0.004066,0.023996953
2008-09-12,XLV,0.009346,0.06840936
2008-09-15,XLV,-0.027778,0.03363856
2008-09-16,XLV,-0.001587,0.02028015
2008-09-17,XLV,-0.015898,-0.02166265
2008-09-18,XLV,0.012924,-0.04627344
2008-09-19,XLV,0.010922,0.04038035
2008-09-22,XLV,-0.023772,-0.038995773
2008-09-23,XLV,-0.023701,0.03777693
2008-09-24,XLV,0.009312,0.04768023
2008-09-25,XLV,0.018122,-0.058785718
2008-09-26,XLV,-0.001942,0.024369795
2008-09-29,XLV,-0.022374,-0.039861422
2008-09-30,XLV,-0.003317,-0.049004756
2008-10-01,XLV,0.006656,-0.03380177
2008-10-02,XLV,0.001653,-0.022014914
2008-10-03,XLV,-0.021452,0.0073319017
2008-10-06,XLV,-0.037437,0.033788007
2008-10-07,XLV,-0.024177,-0.0058113597
2008-10-08,XLV,-0.017953,-0.13064948
2008-10-09,XLV,-0.076782,-0.09202471
2008-10-10,XLV,-0.04396,-0.0849872
2008-10-13,XLV,0.120547,-0.05039539
2008-10-14,XLV,0.020333,-0.0776743
2008-10-15,XLV,-0.097826,0.013016858
2008-10-16,XLV,0.052209,0.021181209
2008-10-17,XLV,-0.003817,0.0075840806
2008-10-20,XLV,0.04023,0.060588114
2008-10-21,XLV,-0.002947,-0.009061304
2008-10-22,XLV,-0.024751,-0.081490226
2008-10-23,XLV,-0.023106,-0.012921894
2008-10-24,XLV,-0.00349,-0.0911263
2008-10-27,XLV,-0.042802,-0.043684725
2008-10-28,XLV,0.063008,0.08346985
2008-10-29,XLV,-0.006883,0.08362878
2008-10-30,XLV,0.023489,-0.04330747
2008-10-31,XLV,0.000752,-0.12709007
2008-11-03,XLV,0.007519,-0.1058597
2008-11-04,XLV,0.01306,-0.08485997
2008-11-05,XLV,-0.014733,-0.037016105
2008-11-06,XLV,-0.024299,0.03803425
2008-11-07,XLV,0.012644,0.06855384
2008-11-10,XLV,-0.007189,-0.09113442
2008-11-11,XLV,-0.017912,-0.08996213
2008-11-12,XLV,-0.022119,0.031231401
2008-11-13,XLV,0.053571,0.08215037
2008-11-14,XLV,-0.038041,0.06708869
2008-11-17,XLV,-0.017228,-0.03349445
2008-11-18,XLV,0.006773,0.050320074
2008-11-19,XLV,-0.040364,0.098313786
2008-11-20,XLV,-0.028454,-0.046429146
2008-11-21,XLV,0.001273,0.05768588
2008-11-24,XLV,0.019924,-0.04364933
2008-11-25,XLV,0.00665,-0.015901582
2008-11-26,XLV,0.01569,-0.010323827
2008-11-27,XLV,0.0,-0.054224808
2008-11-28,XLV,0.013008,0.05043345
2008-12-01,XLV,-0.051364,-0.044376504
2008-12-02,XLV,0.025804,-0.033997636
2008-12-03,XLV,0.023918,0.01558962
2008-12-04,XLV,-0.018929,0.006363315
2008-12-05,XLV,0.034072,0.05275329
2008-12-08,XLV,0.00794,0.062637314
2008-12-09,XLV,-0.015754,0.040554248
2008-12-10,XLV,-0.002801,0.055269465
2008-12-11,XLV,0.006019,0.11024865
2008-12-12,XLV,0.001994,-0.06860351
2008-12-15,XLV,-0.00199,-0.076832496
2008-12-16,XLV,0.039489,-0.032090493
2008-12-17,XLV,-0.00614,-0.04191601
2008-12-18,XLV,0.007336,0.028478356
2008-12-19,XLV,0.006051,0.04216064
2008-12-22,XLV,-0.006899,-0.033993978
2008-12-23,XLV,0.000386,0.024995184
2008-12-24,XLV,-0.003472,0.05534407
2008-12-25,XLV,0.0,0.041412752
2008-12-26,XLV,0.000774,-0.03328567
2008-12-29,XLV,-0.001547,0.07774534
2008-12-30,XLV,0.019372,-0.001998432
2008-12-31,XLV,0.009122,-0.08232153
2008-04-01,XLI,0.022727,0.15580834
2008-04-02,XLI,0.004444,0.14323263
2008-04-03,XLI,-0.004425,0.15083317
2008-04-04,XLI,0.003922,0.11698186
2008-04-07,XLI,-0.00625,0.06793501
2008-04-08,XLI,-0.000786,0.14133385
2008-04-09,XLI,-0.009704,0.06808847
2008-04-10,XLI,0.004237,0.120517
2008-04-11,XLI,-0.039293,-0.003598374
2008-04-14,XLI,0.000549,0.12732592
2008-04-15,XLI,0.004664,0.05123365
2008-04-16,XLI,0.027854,0.09681748
2008-04-17,XLI,-0.01169,-0.014110835
2008-04-18,XLI,0.030107,0.024689576
2008-04-21,XLI,-0.003393,0.06316203
2008-04-22,XLI,-0.015973,0.08908958
2008-04-23,XLI,0.000532,0.05396721
2008-04-24,XLI,0.006383,0.00992204
2008-04-25,XLI,0.014006,0.060800932
2008-04-28,XLI,0.005734,0.1549096
2008-04-29,XLI,-0.009329,0.091528125
2008-04-30,XLI,0.007063,0.017880317
2008-05-01,XLI,0.006494,0.051979024
2008-05-02,XLI,0.003871,0.10222814
2008-05-05,XLI,-0.002571,0.067949764
2008-05-06,XLI,0.003866,0.15205638
2008-05-07,XLI,-0.015404,0.032885697
2008-05-08,XLI,0.00339,0.062049583
2008-05-09,XLI,-0.006237,-0.019675894
2008-05-12,XLI,0.015952,0.076313965
2008-05-13,XLI,0.006692,0.05869719
2008-05-14,XLI,0.001023,0.06015257
2008-05-15,XLI,0.005875,0.0112031475
2008-05-16,XLI,-0.002539,-0.028897962
2008-05-19,XLI,0.011202,-0.037591025
2008-05-20,XLI,-0.015861,-0.05327212
2008-05-21,XLI,-0.016884,0.011761753
2008-05-22,XLI,-0.002342,-0.07452772
2008-05-23,XLI,-0.014345,-0.035643987
2008-05-26,XLI,0.0,-0.025561485
2008-05-27,XLI,0.010585,0.06005502
2008-05-28,XLI,0.006808,-0.040890988
2008-05-29,XLI,0.003901,0.017274044
2008-05-30,XLI,0.006218,0.08460581
2008-06-02,XLI,-0.008496,0.033348978
2008-06-03,XLI,-0.003376,-0.067131266
2008-06-04,XLI,-0.003908,0.04288967
2008-06-05,XLI,0.007324,0.09448713
2008-06-06,XLI,-0.038951,-0.06566039
2008-06-09,XLI,0.010268,0.09310251
2008-06-10,XLI,-0.005884,0.10498951
2008-06-11,XLI,-0.018832,0.04914335
2008-06-12,XLI,0.003564,-0.031590424
2008-06-13,XLI,0.011475,0.013113211
2008-06-16,XLI,-0.005403,0.0905424
2008-06-17,XLI,-0.002173,-0.099943355
2008-06-18,XLI,-0.014426,0.03573654
2008-06-19,XLI,0.01298,0.017323652
2008-06-20,XLI,-0.016595,0.004921549
2008-06-23,XLI,0.00195,0.07496074
2008-06-24,XLI,-0.011954,0.052765578
2008-06-25,XLI,-0.007316,0.065552406
2008-06-26,XLI,-0.01644,0.066317275
2008-06-27,XLI,-0.028818,-0.07875035
2008-06-30,XLI,0.009199,0.054607805
2008-07-01,XLI,-0.000588,-0.011076482
2008-07-02,XLI,-0.030597,0.011564543
2008-07-03,XLI,0.013961,0.04487784
2008-07-04,XLI,0.0,-0.014151791
2008-07-07,XLI,-0.001197,0.026546631
2008-07-08,XLI,0.023075,0.010296585
2008-07-09,XLI,-0.027827,0.048844326
2008-07-10,XLI,0.015366,-0.0135764945
2008-07-11,XLI,-0.018101,0.049013574
2008-07-14,XLI,0.004533,-0.03141579
2008-07-15,XLI,-0.019856,0.04840381
2008-07-16,XLI,0.02302,0.05331791
2008-07-17,XLI,0.027603,-0.068666816
2008-07-18,XLI,0.00146,-0.017586684
2008-07-21,XLI,0.000875,0.034533054
2008-07-22,XLI,0.012234,-0.016124828
2008-07-23,XLI,0.00777,-0.0036605657
2008-07-24,XLI,-0.024843,-0.03832792
2008-07-25,XLI,0.00937,0.022521462
2008-07-28,XLI,-0.022919,-0.050445307
2008-07-29,XLI,0.037708,0.044696834
2008-07-30,XLI,0.011731,-0.03979809
2008-07-31,XLI,-0.030543,-0.003301383
2008-08-01,XLI,-0.000875,0.061739977
2008-08-04,XLI,-0.00438,0.041479714
2008-08-05,XLI,0.027859,-0.013905053
2008-08-06,XLI,0.019116,0.061813373
2008-08-07,XLI,-0.033595,0.014953397
2008-08-08,XLI,0.034473,0.030199623
2008-08-11,XLI,0.00252,-0.030860478
2008-08-12,XLI,-0.009776,-0.014872477
2008-08-13,XLI,-0.003667,-0.010839841
2008-08-14,XLI,0.003681,-0.018070681
2008-08-15,XLI,0.005642,0.030443864
2008-08-18,XLI,-0.01122,0.05127882
2008-08-19,XLI,-0.012482,0.038239364
2008-08-20,XLI,-0.008044,-0.005797546
2008-08-21,XLI,0.002317,0.06788991
2008-08-22,XLI,0.019648,-0.023361728
2008-08-25,XLI,-0.015585,-0.03312476
2008-08-26,XLI,-0.000288,-0.006215425
2008-08-27,XLI,0.002879,-0.026289849
2008-08-28,XLI,0.022394,0.048423097
2008-08-29,XLI,-0.010952,-0.026985765
2008-09-01,XLI,0.0,0.037761647
2008-09-02,XLI,0.000284,0.04744893
2008-09-03,XLI,-0.00738,-0.006737616
2008-09-04,XLI,-0.034315,0.009780406
2008-09-05,XLI,-0.000296,-0.014804704
2008-09-08,XLI,0.015995,0.01213282
2008-09-09,XLI,-0.029446,0.03772024
2008-09-10,XLI,0.004205,-0.016147807
2008-09-11,XLI,0.023033,0.023695672
2008-09-12,XLI,-0.002632,0.062846616
2008-09-15,XLI,-0.040164,0.022124501
2008-09-16,XLI,0.003054,-0.014750566
2008-09-17,XLI,-0.0338,-0.020657703
2008-09-18,XLI,0.020485,-0.030211108
2008-09-19,XLI,0.027992,-0.03354444
2008-09-22,XLI,-0.026578,-0.04620451
2008-09-23,XLI,-0.022029,0.0021143495
2008-09-24,XLI,-0.002221,-0.0013024468
2008-09-25,XLI,0.007949,0.04841461
2008-09-26,XLI,-0.004101,0.039112482
2008-09-29,XLI,-0.033893,0.02840381
2008-09-30,XLI,0.009836,0.04885693
2008-10-01,XLI,-0.023701,-0.0048166257
2008-10-02,XLI,-0.05986,0.048186846
2008-10-03,XLI,-0.015918,-0.04698127
2008-10-06,XLI,-0.02624,-0.0154222455
2008-10-07,XLI,-0.033223,-0.04182078
2008-10-08,XLI,-0.015273,0.012902819
2008-10-09,XLI,-0.056999,-0.02428982
2008-10-10,XLI,-0.032072,-0.015271761
2008-10-13,XLI,0.107052,0.0055595036
2008-10-14,XLI,-0.000384,-0.05913153
2008-10-15,XLI,-0.09405,-0.03955522
2008-10-16,XLI,0.020339,-0.05181396
2008-10-17,XLI,-0.021595,-0.066001296
2008-10-20,XLI,0.04966,0.06700276
2008-10-21,XLI,-0.008896,-0.040709756
2008-10-22,XLI,-0.046104,0.047277693
2008-10-23,XLI,0.002566,0.017524753
2008-10-24,XLI,-0.057594,-0.043918893
2008-10-27,XLI,-0.038479,-0.04850493
2008-10-28,XLI,0.102637,0.035121594
2008-10-29,XLI,0.00427,0.050057575
2008-10-30,XLI,0.036139,-0.0742167
2008-10-31,XLI,0.033238,-0.042732254
2008-11-03,XLI,-0.017077,0.0061025494
2008-11-04,XLI,0.043636,0.029904053
2008-11-05,XLI,-0.041812,0.0028338628
2008-11-06,XLI,-0.046869,-0.051112328
2008-11-07,XLI,0.010174,-0.1138484
2008-11-10,XLI,0.00042,-0.05344759
2008-11-11,XLI,-0.022232,-0.065913126
2008-11-12,XLI,-0.047619,-0.050984636
2008-11-13,XLI,0.053604,0.0824105
2008-11-14,XLI,-0.042326,0.0674525
2008-11-17,XLI,-0.020089,0.0189127
2008-11-18,XLI,0.000911,0.0640563
2008-11-19,XLI,-0.064634,-0.064518966
2008-11-20,XLI,-0.026764,-0.027709015
2008-11-21,XLI,0.0295,-0.0758399
2008-11-24,XLI,0.050024,0.06298331
2008-11-25,XLI,0.014339,0.07355438
2008-11-26,XLI,0.031464,0.11221075
2008-11-27,XLI,0.0,-0.061700307
2008-11-28,XLI,0.021662,0.011531839
2008-12-01,XLI,-0.082216,0.049902827
2008-12-02,XLI,0.046205,-0.057658818
2008-12-03,XLI,0.017125,-0.10437161
2008-12-04,XLI,-0.019938,-0.0849091
2008-12-05,XLI,0.024503,-0.089796185
2008-12-08,XLI,0.025946,-0.042024307
2008-12-09,XLI,-0.017634,-0.09601917
2008-12-10,XLI,0.0162,0.07646689
2008-12-11,XLI,-0.043085,-0.056311082
2008-12-12,XLI,0.002702,-0.038027905
2008-12-15,XLI,-0.000449,-0.05951021
2008-12-16,XLI,0.049416,-0.11290068
2008-12-17,XLI,0.000428,-0.08344777
2008-12-18,XLI,-0.035088,-0.025920693
2008-12-19,XLI,0.010974,0.008396702
2008-12-22,XLI,-0.0155,-0.07614234
2008-12-23,XLI,-0.003149,0.009989172
2008-12-24,XLI,0.006318,-0.04653353
2008-12-25,XLI,0.0,-0.036017824
2008-12-26,XLI,0.007623,-0.052821774
2008-12-29,XLI,-0.018692,-0.07627518
2008-12-30,XLI,0.037188,-0.037153162
2008-12-31,XLI,0.024049,-0.05763181
2008-04-01,XLU,0.02583,-0.09221515
2008-04-02,XLU,0.012847,0.01180023
2008-04-03,XLU,-0.005327,0.028650278
2008-04-04,XLU,-0.00102,0.016931571
2008-04-07,XLU,0.00434,-0.0073951697
2008-04-08,XLU,0.006609,-0.022956477
2008-04-09,XLU,-0.002525,-0.007676663
2008-04-10,XLU,-0.007089,0.00079062564
2008-04-11,XLU,0.001275,0.011036723
2008-04-14,XLU,-0.001528,0.019497644
2008-04-15,XLU,0.010967,-0.035540815
2008-04-16,XLU,0.020938,-0.01334014
2008-04-17,XLU,0.001977,-0.028937243
2008-04-18,XLU,0.003206,-0.015611651
2008-04-21,XLU,-0.009095,-0.039552487
2008-04-22,XLU,-0.002977,-0.057255015
2008-04-23,XLU,0.001493,-0.028532105
2008-04-24,XLU,-0.000994,-0.0081637455
2008-04-25,XLU,0.003233,0.030233575
2008-04-28,XLU,-0.009668,-0.046245907
2008-04-29,XLU,0.004756,-0.033408396
2008-04-30,XLU,-0.006477,0.021231469
2008-05-01,XLU,0.011785,-0.0097416
2008-05-02,XLU,0.016605,-0.013499895
2008-05-05,XLU,-0.014383,0.009114071
2008-05-06,XLU,-0.000247,-0.03272508
2008-05-07,XLU,-0.015091,0.032345407
2008-05-08,XLU,0.002512,-0.010461812
2008-05-09,XLU,0.003257,0.011054276
2008-05-12,XLU,0.00974,-0.010493834
2008-05-13,XLU,-0.001484,-0.019897848
2008-05-14,XLU,0.003716,0.037650585
2008-05-15,XLU,-0.000987,-0.01926208
2008-05-16,XLU,0.007411,0.021874975
2008-05-19,XLU,0.01128,0.014861625
2008-05-20,XLU,0.006789,0.020916848
2008-05-21,XLU,-0.005058,0.008262273
2008-05-22,XLU,0.00581,-0.025168525
2008-05-23,XLU,-0.015403,0.029624775
2008-05-26,XLU,0.0,-0.0011660282
2008-05-27,XLU,0.005133,0.019578837
2008-05-28,XLU,0.00073,0.036608562
2008-05-29,XLU,0.010693,0.06310697
2008-05-30,XLU,-0.006732,0.039283812
2008-06-02,XLU,-0.007262,0.055328667
2008-06-03,XLU,-0.008778,0.034218792
2008-06-04,XLU,0.012054,0.052165758
2008-06-05,XLU,0.011911,0.018303325
2008-06-06,XLU,-0.026183,0.03316645
2008-06-09,XLU,0.01554,0.0070250263
2008-06-10,XLU,-0.000972,-0.02114625
2008-06-11,XLU,-0.000973,0.030128863
2008-06-12,XLU,-0.004137,0.038471665
2008-06-13,XLU,0.009042,0.04131479
2008-06-16,XLU,0.000969,-0.026189523
2008-06-17,XLU,0.005565,0.030021774
2008-06-18,XLU,-0.00385,0.04095618
2008-06-19,XLU,0.001208,0.005421508
2008-06-20,XLU,-0.011457,0.018692644
2008-06-23,XLU,0.012048,0.025585297
2008-06-24,XLU,-0.00826,0.028507143
2008-06-25,XLU,0.011759,0.049112342
2008-06-26,XLU,-0.029782,0.03838733
2008-06-27,XLU,-0.008485,0.024371764
2008-06-30,XLU,0.024415,0.03883602
2008-07-01,XLU,0.00516,0.0284421
2008-07-02,XLU,-0.002689,0.011514021
2008-07-03,XLU,-0.010294,0.05104568
2008-07-04,XLU,0.0,0.018740335
2008-07-07,XLU,-0.009906,0.02099216
2008-07-08,XLU,0.005253,-0.008844323
2008-07-09,XLU,0.011943,0.02703667
2008-07-10,XLU,0.002459,-0.014003008
2008-07-11,XLU,-0.007604,-0.004325701
2008-07-14,XLU,-0.00692,0.036847237
2008-07-15,XLU,-0.006969,0.020560203
2008-07-16,XLU,-0.0198,0.04020906
2008-07-17,XLU,-0.015853,0.039961714
2008-07-18,XLU,0.001039,0.019357163
2008-07-21,XLU,0.017649,-0.03305535
2008-07-22,XLU,-0.003315,-0.024700224
2008-07-23,XLU,-0.024309,0.032598436
2008-07-24,XLU,-0.001574,-0.03452837
2008-07-25,XLU,-0.012083,-0.019932883
2008-07-28,XLU,0.002393,0.014495021
2008-07-29,XLU,0.001326,0.02141585
2008-07-30,XLU,0.019603,-0.04697031
2008-07-31,XLU,-0.010652,-0.027096815
2008-08-01,XLU,-0.028624,0.012289924
2008-08-04,XLU,-0.010814,0.02743216
2008-08-05,XLU,0.008199,0.019452075
2008-08-06,XLU,0.005422,-0.011362017
2008-08-07,XLU,-0.000809,0.016073007
2008-08-08,XLU,0.002968,-0.02393294
2008-08-11,XLU,0.01103,-0.008659953
2008-08-12,XLU,-0.011708,-0.003212872
2008-08-13,XLU,0.0,-0.009327171
2008-08-14,XLU,-0.008616,-0.020091236
2008-08-15,XLU,0.003531,0.05930175
2008-08-18,XLU,0.001353,0.03735376
2008-08-19,XLU,0.005405,0.01489725
2008-08-20,XLU,0.003763,0.024511542
2008-08-21,XLU,0.009641,-0.014616863
2008-08-22,XLU,0.003979,-0.019997371
2008-08-25,XLU,-0.010568,0.013494208
2008-08-26,XLU,0.010948,-0.029877504
2008-08-27,XLU,0.007132,0.010274608
2008-08-28,XLU,0.001574,0.018452631
2008-08-29,XLU,-0.013878,0.013137635
2008-09-01,XLU,0.0,-0.0010808863
2008-09-02,XLU,-0.012215,0.0241274
2008-09-03,XLU,-0.01586,0.040006995
2008-09-04,XLU,-0.012565,0.017518131
2008-09-05,XLU,-0.021024,-0.007188991
2008-09-08,XLU,0.025148,-0.009952407
2008-09-09,XLU,-0.031422,0.013895104
2008-09-10,XLU,0.011098,-0.0201286
2008-09-11,XLU,0.007881,-0.0034378807
2008-09-12,XLU,0.01871,-0.018847115
2008-09-15,XLU,-0.034814,-0.018012522
2008-09-16,XLU,-0.015053,-0.02443419
2008-09-17,XLU,-0.048443,0.03402396
2008-09-18,XLU,0.036667,-0.026386568
2008-09-19,XLU,0.031872,0.010441236
2008-09-22,XLU,-0.024857,0.023010751
2008-09-23,XLU,-0.017287,0.035956886
2008-09-24,XLU,0.009243,-0.05222161
2008-09-25,XLU,0.019793,0.06729341
2008-09-26,XLU,0.00029,0.021822615
2008-09-29,XLU,-0.052418,0.0417603
2008-09-30,XLU,0.015587,-0.015553192
2008-10-01,XLU,-0.004213,0.034624532
2008-10-02,XLU,-0.014506,0.061455138
2008-10-03,XLU,-0.015026,0.029919261
2008-10-06,XLU,-0.048879,0.033329815
2008-10-07,XLU,-0.040917,0.032013208
2008-10-08,XLU,-0.017406,0.01754584
2008-10-09,XLU,-0.067385,0.040495716
2008-10-10,XLU,-0.040596,-0.034218863
2008-10-13,XLU,0.12073,-0.020301977
2008-10-14,XLU,-0.008313,-0.016499404
2008-10-15,XLU,-0.074397,-0.05313888
2008-10-16,XLU,0.029057,-0.056786604
2008-10-17,XLU,0.005134,-0.07111874
2008-10-20,XLU,0.084276,-0.034059234
2008-10-21,XLU,-0.031628,0.058452357
2008-10-22,XLU,-0.042391,-0.038327996
2008-10-23,XLU,0.023948,-0.017551148
2008-10-24,XLU,-0.026577,-0.056336768
2008-10-27,XLU,-0.038952,-0.071495764
2008-10-28,XLU,0.100758,-0.025749717
2008-10-29,XLU,-0.032003,-0.050899502
2008-10-30,XLU,0.055812,0.025250927
2008-10-31,XLU,-0.026599,-0.044445004
2008-11-03,XLU,0.010377,-0.021937545
2008-11-04,XLU,0.018829,-0.021051561
2008-11-05,XLU,-0.018481,-0.033377513
2008-11-06,XLU,-0.046902,-0.027464643
2008-11-07,XLU,0.043822,-0.030511567
2008-11-10,XLU,-0.024088,-0.058290504
2008-11-11,XLU,0.0,0.043870293
2008-11-12,XLU,-0.033145,-0.038759146
2008-11-13,XLU,0.075857,0.017127153
2008-11-14,XLU,-0.023729,0.05078382
2008-11-17,XLU,-0.001736,-0.044375125
2008-11-18,XLU,-0.010783,-0.045352314
2008-11-19,XLU,-0.021449,-0.08544274
2008-11-20,XLU,-0.058211,-0.09069275
2008-11-21,XLU,0.099962,-0.07205489
2008-11-24,XLU,0.010059,0.04832803
2008-11-25,XLU,0.019918,0.06804906
2008-11-26,XLU,-0.003367,0.03974999
2008-11-27,XLU,0.0,-0.035280563
2008-11-28,XLU,0.017568,0.01633849
2008-12-01,XLU,-0.066401,0.020808345
2008-12-02,XLU,0.02596,-0.09284809
2008-12-03,XLU,0.017331,-0.08582617
2008-12-04,XLU,-0.036116,-0.0816254
2008-12-05,XLU,0.006363,-0.07222349
2008-12-08,XLU,0.016157,-0.05022256
2008-12-09,XLU,-0.014172,-0.09106029
2008-12-10,XLU,0.015077,0.052674286
2008-12-11,XLU,-0.007945,0.001749487
2008-12-12,XLU,0.006267,0.0011511113
2008-12-15,XLU,-0.015571,-0.056032196
2008-12-16,XLU,0.034095,-0.037643734
2008-12-17,XLU,-0.030252,-0.04494841
2008-12-18,XLU,0.008412,-0.04837006
2008-12-19,XLU,0.005878,0.036054328
2008-12-22,XLU,-0.013296,-0.06823725
2008-12-23,XLU,-0.011433,-0.023430388
2008-12-24,XLU,0.005108,0.043446884
2008-12-25,XLU,0.0,-0.059236832
2008-12-26,XLU,0.002141,-0.035059944
2008-12-29,XLU,0.002137,-0.033300247
2008-12-30,XLU,0.015281,-0.00985351
2008-12-31,XLU,0.016101,-0.052072395
2008-04-01,XLY,0.044922,-0.06948586
2008-04-02,XLY,0.0,-0.10338727
2008-04-03,XLY,0.003115,-0.043369226
2008-04-04,XLY,-0.004658,-0.06375158
2008-04-07,XLY,-0.003744,-0.07203469
2008-04-08,XLY,-0.002192,-0.104468316
2008-04-09,XLY,-0.021971,-0.049603596
2008-04-10,XLY,0.01059,-0.08255244
2008-04-11,XLY,-0.018419,-0.026259324
2008-04-14,XLY,-0.007117,-0.06548352
2008-04-15,XLY,-0.001303,-0.10859059
2008-04-16,XLY,0.022186,-0.08926043
2008-04-17,XLY,0.004469,-0.07104929
2008-04-18,XLY,0.019066,0.004721058
2008-04-21,XLY,0.0,-0.021914462
2008-04-22,XLY,-0.014344,0.0112553155
2008-04-23,XLY,-0.000316,-0.11620059
2008-04-24,XLY,0.013924,-0.038689744
2008-04-25,XLY,0.009988,-0.1080964
2008-04-28,XLY,-0.001236,-0.04882544
2008-04-29,XLY,0.008045,-0.032998845
2008-04-30,XLY,-0.034684,0.0100374045
2008-05-01,XLY,0.057552,-0.058947798
2008-05-02,XLY,-0.002105,-0.06373706
2008-05-05,XLY,-0.011148,0.016131293
2008-05-06,XLY,0.004266,-0.016153038
2008-05-07,XLY,-0.018811,-0.019086597
2008-05-08,XLY,0.001546,-0.005521032
2008-05-09,XLY,-0.005866,-0.04191921
2008-05-12,XLY,0.020497,-0.029607406
2008-05-13,XLY,0.003652,0.04277903
2008-05-14,XLY,0.011219,-0.026206601
2008-05-15,XLY,0.009595,-0.04214458
2008-05-16,XLY,-0.006831,0.0056683584
2008-05-19,XLY,0.000299,0.037667222
2008-05-20,XLY,-0.015546,-0.050634697
2008-05-21,XLY,-0.021257,0.045846585
2008-05-22,XLY,-0.004344,0.038577665
2008-05-23,XLY,-0.012153,-0.0051630186
2008-05-26,XLY,0.0,-0.020943448
2008-05-27,XLY,0.007571,-0.021635992
2008-05-28,XLY,0.0,-0.034613132
2008-05-29,XLY,0.019411,-0.07716548
2008-05-30,XLY,-0.007678,-0.040372483
2008-06-02,XLY,-0.009904,0.04678067
2008-06-03,XLY,0.00125,-0.008425651
2008-06-04,XLY,0.005932,0.009040527
2008-06-05,XLY,0.013035,-0.08930567
2008-06-06,XLY,-0.042279,-0.017955132
2008-06-09,XLY,-0.00064,0.03481247
2008-06-10,XLY,0.003841,0.060238007
2008-06-11,XLY,-0.021046,0.0058544744
2008-06-12,XLY,0.008143,0.04947159
2008-06-13,XLY,0.024879,-0.035098944
2008-06-16,XLY,-0.003153,-0.0071135634
2008-06-17,XLY,-0.01012,0.015681649
2008-06-18,XLY,-0.022045,0.03402313
2008-06-19,XLY,0.012741,0.03869236
2008-06-20,XLY,-0.029296,-0.0388677
2008-06-23,XLY,-0.017345,-0.01522447
2008-06-24,XLY,0.004073,-0.07158819
2008-06-25,XLY,0.007437,-0.02739312
2008-06-26,XLY,-0.02349,-0.027818289
2008-06-27,XLY,-0.016838,-0.025129685
2008-06-30,XLY,-0.004544,0.008874553
2008-07-01,XLY,-0.01264,-0.013629345
2008-07-02,XLY,-0.011024,-0.03863953
2008-07-03,XLY,0.00863,0.029219424
2008-07-04,XLY,0.0,-0.042263914
2008-07-07,XLY,-0.011408,0.04928238
2008-07-08,XLY,0.025965,-0.040052358
2008-07-09,XLY,-0.02109,-0.029512065
2008-07-10,XLY,-0.017594,-0.0661758
2008-07-11,XLY,-0.020833,-0.043355152
2008-07-14,XLY,-0.005226,-0.055481385
2008-07-15,XLY,0.0,-0.07450304
2008-07-16,XLY,0.04015,-0.07107276
2008-07-17,XLY,0.00469,-0.08364131
2008-07-18,XLY,0.03088,-0.0743259
2008-07-21,XLY,-0.017764,0.018624775
2008-07-22,XLY,0.026596,0.015400108
2008-07-23,XLY,0.019344,-0.044766296
2008-07-24,XLY,-0.021349,0.036768228
2008-07-25,XLY,-0.015582,0.018938582
2008-07-28,XLY,-0.023567,0.055031907
2008-07-29,XLY,0.035663,-0.010225735
2008-07-30,XLY,-0.001044,0.033146642
2008-07-31,XLY,-0.006616,0.051545776
2008-08-01,XLY,-0.009814,0.028497202
2008-08-04,XLY,0.007434,-0.012121667
2008-08-05,XLY,0.044624,-0.016917564
2008-08-06,XLY,-0.005045,-0.014544673
2008-08-07,XLY,-0.019608,-0.021163154
2008-08-08,XLY,0.047586,-0.0030806148
2008-08-11,XLY,0.030612,-0.030654434
2008-08-12,XLY,-0.013095,-0.005073963
2008-08-13,XLY,-0.016181,-0.04172944
2008-08-14,XLY,0.015132,-0.044838663
2008-08-15,XLY,0.011666,0.013932435
2008-08-18,XLY,-0.016976,0.017815568
2008-08-19,XLY,-0.018573,0.0471361
2008-08-20,XLY,-0.012284,0.021744322
2008-08-21,XLY,0.008067,0.049399868
2008-08-22,XLY,0.023341,0.03176565
2008-08-25,XLY,-0.028022,-0.021431725
2008-08-26,XLY,0.00771,0.032101847
2008-08-27,XLY,0.002994,0.011875312
2008-08-28,XLY,0.023217,0.040667064
2008-08-29,XLY,-0.011345,0.010250273
2008-09-01,XLY,0.0,0.011179927
2008-09-02,XLY,0.019672,0.027549053
2008-09-03,XLY,0.005145,0.031204052
2008-09-04,XLY,-0.033269,-0.02323166
2008-09-05,XLY,0.001985,-0.04405459
2008-09-08,XLY,0.045244,0.06763523
2008-09-09,XLY,-0.018957,0.012179112
2008-09-10,XLY,-0.010306,0.032868538
2008-09-11,XLY,0.015295,0.02427386
2008-09-12,XLY,0.0,-0.0078910375
2008-09-15,XLY,-0.033654,0.026759958
2008-09-16,XLY,0.006634,0.0189926
2008-09-17,XLY,-0.039539,-0.033624914
2008-09-18,XLY,0.025729,0.009829721
2008-09-19,XLY,0.01353,-0.021237329
2008-09-22,XLY,-0.04106,0.012362606
2008-09-23,XLY,-0.014157,-0.010700934
2008-09-24,XLY,-0.003503,0.071551174
2008-09-25,XLY,0.017926,-0.04787146
2008-09-26,XLY,0.010014,0.02346444
2008-09-29,XLY,-0.066667,-0.06753105
2008-09-30,XLY,0.021978,0.06313259
2008-10-01,XLY,0.0,-0.022025535
2008-10-02,XLY,-0.036201,-0.049648855
2008-10-03,XLY,-0.034957,-0.047484968
2008-10-06,XLY,-0.028131,-0.012311979
2008-10-07,XLY,-0.064235,-0.042617857
2008-10-08,XLY,-0.019492,0.05499863
2008-10-09,XLY,-0.063526,0.05844942
2008-10-10,XLY,0.021227,0.034874566
2008-10-13,XLY,0.039313,-0.022908123
2008-10-14,XLY,0.006087,0.07014117
2008-10-15,XLY,-0.116249,-0.03276855
2008-10-16,XLY,0.066015,-0.03364945
2008-10-17,XLY,0.020184,-0.020705895
2008-10-20,XLY,0.005396,-0.029770758
2008-10-21,XLY,-0.011181,-0.06243589
2008-10-22,XLY,-0.068295,-0.023319017
2008-10-23,XLY,0.0,0.06264525
2008-10-24,XLY,-0.057282,0.046158537
2008-10-27,XLY,-0.014933,0.03554314
2008-10-28,XLY,0.097752,0.025068365
2008-10-29,XLY,0.020476,-0.044400193
2008-10-30,XLY,0.030331,0.018345756
2008-10-31,XLY,0.040761,0.037554156
2008-11-03,XLY,-0.028721,-0.02193405
2008-11-04,XLY,0.039427,-0.018390605
2008-11-05,XLY,-0.055172,0.017473988
2008-11-06,XLY,-0.05292,-0.010059866
2008-11-07,XLY,0.017341,-0.04970602
2008-11-10,XLY,-0.023201,0.03025762
2008-11-11,XLY,-0.034901,0.029849028
2008-11-12,XLY,-0.060773,-0.03761947
2008-11-13,XLY,0.078075,-0.030874357
2008-11-14,XLY,-0.048611,-0.046860494
2008-11-17,XLY,-0.028676,-0.043048948
2008-11-18,XLY,-0.004831,-0.038991563
2008-11-19,XLY,-0.064186,0.008689064
2008-11-20,XLY,-0.05879,-0.018586647
2008-11-21,XLY,0.068585,0.036086388
2008-11-24,XLY,0.07851,0.037719645
2008-11-25,XLY,0.012752,0.017139027
2008-11-26,XLY,0.058762,-0.04548802
2008-11-27,XLY,0.0,0.036371138
2008-11-28,XLY,0.015362,-0.04320467
2008-12-01,XLY,-0.08736,-0.03047051
2008-12-02,XLY,0.046524,-0.019863471
2008-12-03,XLY,0.035769,-0.0404869
2008-12-04,XLY,0.010853,0.018044617
2008-12-05,XLY,0.029283,0.027611325
2008-12-08,XLY,0.037458,-0.019205032
2008-12-09,XLY,-0.02011,0.047018737
2008-12-10,XLY,0.023321,-0.042127844
2008-12-11,XLY,-0.042388,-0.02185383
2008-12-12,XLY,-0.003332,-0.030911926
2008-12-15,XLY,-0.003343,0.051650304
2008-12-16,XLY,0.053186,-0.003839776
2008-12-17,XLY,0.00546,-0.034516376
2008-12-18,XLY,-0.028054,0.010409551
2008-12-19,XLY,-0.004083,0.018174188
2008-12-22,XLY,-0.026849,0.01721008
2008-12-23,XLY,-0.010649,-0.042803604
2008-12-24,XLY,0.007339,0.043765083
2008-12-25,XLY,0.0,-0.017794559
2008-12-26,XLY,0.01117,-0.017422872
2008-12-29,XLY,-0.019212,0.03801354
2008-12-30,XLY,0.037708,0.05443012
2008-12-31,XLY,0.017933,0.016361352
2008-04-01,XLP,0.012204,0.04488194
2008-04-02,XLP,0.000355,0.06163007
2008-04-03,XLP,-0.002836,-0.0075960187
2008-04-04,XLP,0.008532,-0.02107269
2008-04-07,XLP,-0.006345,0.14857875
2008-04-08,XLP,-0.000355,0.017244441
2008-04-09,XLP,-0.009936,0.057029802
2008-04-10,XLP,0.002509,0.048465606
2008-04-11,XLP,-0.006435,0.14177191
2008-04-14,XLP,-0.00036,0.10013965
2008-04-15,XLP,0.00612,0.10168495
2008-04-16,XLP,0.005725,0.06762695
2008-04-17,XLP,0.001423,0.09328008
2008-04-18,XLP,-0.00675,0.100421
2008-04-21,XLP,0.002861,0.123319514
2008-04-22,XLP,-0.006063,0.1321568
2008-04-23,XLP,0.006458,0.11000815
2008-04-24,XLP,0.001426,0.14466913
2008-04-25,XLP,-0.005696,0.1058173
2008-04-28,XLP,0.006087,0.034958463
2008-04-29,XLP,0.001068,-0.011252753
2008-04-30,XLP,-0.017064,0.055590466
2008-05-01,XLP,0.018083,0.06415316
2008-05-02,XLP,-0.00135,0.03379613
2008-05-05,XLP,-0.003628,-0.018142845
2008-05-06,XLP,0.006426,0.04416154
2008-05-07,XLP,-0.009578,0.075878605
2008-05-08,XLP,0.002865,0.032959096
2008-05-09,XLP,-0.005714,0.06049559
2008-05-12,XLP,0.011135,0.0110176485
2008-05-13,XLP,-0.003552,-0.041499954
2008-05-14,XLP,0.003922,-0.0050012204
2008-05-15,XLP,0.012074,0.03709453
2008-05-16,XLP,-0.000351,0.07855486
2008-05-19,XLP,0.005616,-0.026382659
2008-05-20,XLP,-0.015009,0.07647932
2008-05-21,XLP,-0.010276,0.058558896
2008-05-22,XLP,0.010741,-0.038317174
2008-05-23,XLP,-0.005313,0.00872241
2008-05-26,XLP,0.0,0.10382517
2008-05-27,XLP,0.002849,-0.015281362
2008-05-28,XLP,0.00142,0.085765116
2008-05-29,XLP,0.003901,0.068825915
2008-05-30,XLP,0.006358,-0.03438069
2008-06-02,XLP,-0.008775,-0.05569416
2008-06-03,XLP,0.005312,0.03644108
2008-06-04,XLP,-0.000704,-0.062354755
2008-06-05,XLP,0.010222,0.04389155
2008-06-06,XLP,-0.024773,0.05386759
2008-06-09,XLP,0.003578,0.08956053
2008-06-10,XLP,0.001783,0.07695907
2008-06-11,XLP,-0.005338,0.044450928
2008-06-12,XLP,0.006798,0.07816131
2008-06-13,XLP,-0.000711,0.047403734
2008-06-16,XLP,-0.010669,0.1316889
2008-06-17,XLP,-0.003235,-0.0038810207
2008-06-18,XLP,-0.011179,0.057602603
2008-06-19,XLP,0.003282,0.048713222
2008-06-20,XLP,-0.011304,0.026624495
2008-06-23,XLP,-0.003693,0.0783281
2008-06-24,XLP,0.003336,0.084718674
2008-06-25,XLP,0.022534,0.12782064
2008-06-26,XLP,-0.030347,0.056863096
2008-06-27,XLP,-0.010432,0.031044872
2008-06-30,XLP,0.007154,-0.0054409346
2008-07-01,XLP,-0.001122,0.03202227
2008-07-02,XLP,-0.001123,0.09421192
2008-07-03,XLP,-0.000749,0.08248968
2008-07-04,XLP,0.0,0.04385539
2008-07-07,XLP,0.010124,0.06282852
2008-07-08,XLP,0.012992,0.079009436
2008-07-09,XLP,-0.009894,0.05302446
2008-07-10,XLP,0.007402,0.061283123
2008-07-11,XLP,-0.010654,0.1077514
2008-07-14,XLP,0.000743,0.06248448
2008-07-15,XLP,-0.001855,0.08389583
2008-07-16,XLP,0.012639,0.10339141
2008-07-17,XLP,0.001836,0.03922031
2008-07-18,XLP,-0.016856,0.1057174
2008-07-21,XLP,-0.002236,0.03545516
2008-07-22,XLP,0.017557,0.09317905
2008-07-23,XLP,0.006975,0.041424155
2008-07-24,XLP,-0.006198,0.026135499
2008-07-25,XLP,-0.005503,0.040835723
2008-07-28,XLP,-0.008484,-0.014451412
2008-07-29,XLP,0.023438,-0.023333838
2008-07-30,XLP,0.011632,-0.07114335
2008-07-31,XLP,-0.015451,0.0296783
2008-08-01,XLP,-0.001825,0.073688604
2008-08-04,XLP,0.009141,0.023338787
2008-08-05,XLP,0.017391,0.04880975
2008-08-06,XLP,0.010684,0.11084311
2008-08-07,XLP,-0.01938,0.027703369
2008-08-08,XLP,0.020841,0.019591326
2008-08-11,XLP,0.0088,-0.0013867873
2008-08-12,XLP,0.006978,0.054014858
2008-08-13,XLP,-0.010049,0.05009114
2008-08-14,XLP,0.00455,0.034279224
2008-08-15,XLP,0.009756,-0.026859632
2008-08-18,XLP,-0.004141,-0.015439356
2008-08-19,XLP,-0.013514,0.051947575
2008-08-20,XLP,0.000351,-0.018829793
2008-08-21,XLP,-0.010885,0.051730398
2008-08-22,XLP,0.018104,0.06858881
2008-08-25,XLP,-0.016039,0.045031752
2008-08-26,XLP,-0.003898,0.09020513
2008-08-27,XLP,0.004625,0.054994248
2008-08-28,XLP,0.006374,0.07381025
2008-08-29,XLP,-0.009852,0.08622992
2008-09-01,XLP,0.0,0.12248159
2008-09-02,XLP,0.011016,0.03941447
2008-09-03,XLP,-0.007381,-0.023097804
2008-09-04,XLP,-0.006374,0.06319101
2008-09-05,XLP,0.009266,0.07085896
2008-09-08,XLP,0.021186,-0.014881681
2008-09-09,XLP,-0.005187,0.051143963
2008-09-10,XLP,0.006952,0.10663527
2008-09-11,XLP,0.004142,0.07132061
2008-09-12,XLP,0.002063,0.08895566
2008-09-15,XLP,-0.012007,0.07728317
2008-09-16,XLP,0.0,-0.036086913
2008-09-17,XLP,-0.035764,0.012041487
2008-09-18,XLP,0.006482,0.0735608
2008-09-19,XLP,-0.002182,0.07110604
2008-09-22,XLP,-0.005415,0.07456389
2008-09-23,XLP,-0.01343,0.0237148
2008-09-24,XLP,-0.00184,0.09971823
2008-09-25,XLP,0.024696,0.046746224
2008-09-26,XLP,-0.003597,-0.01681652
2008-09-29,XLP,-0.037545,0.042925764
2008-09-30,XLP,0.035259,0.044299256
2008-10-01,XLP,0.007246,0.037024476
2008-10-02,XLP,-0.01259,0.04471281
2008-10-03,XLP,-0.008015,0.026226526
2008-10-06,XLP,-0.029012,0.0591853
2008-10-07,XLP,-0.03177,0.09051135
2008-10-08,XLP,-0.027344,-0.0411349
2008-10-09,XLP,-0.060241,0.030095346
2008-10-10,XLP,0.008547,0.04778049
2008-10-13,XLP,0.04661,0.120735586
2008-10-14,XLP,0.002024,-0.013768119
2008-10-15,XLP,-0.034343,0.038920242
2008-10-16,XLP,0.009623,0.02621746
2008-10-17,XLP,0.00746,0.05157415
2008-10-20,XLP,0.008227,0.021504622
2008-10-21,XLP,-0.009384,0.050276212
2008-10-22,XLP,-0.015651,0.04873648
2008-10-23,XLP,0.004184,-0.036844056
2008-10-24,XLP,-0.05,0.0362195
2008-10-27,XLP,-0.025439,0.06039474
2008-10-28,XLP,0.068857,-0.029810162
2008-10-29,XLP,-0.019368,0.038702354
2008-10-30,XLP,0.042078,-0.040843565
2008-10-31,XLP,-0.00618,0.0250193
2008-11-03,XLP,0.01534,0.034630388
2008-11-04,XLP,0.0147,0.026504312
2008-11-05,XLP,-0.017706,-0.022715688
2008-11-06,XLP,-0.010651,-0.03603751
2008-11-07,XLP,0.004555,0.024219334
2008-11-10,XLP,0.002885,0.038000815
2008-11-11,XLP,-0.022606,-0.02704696
2008-11-12,XLP,-0.021447,-0.011602251
2008-11-13,XLP,0.039966,0.009631875
2008-11-14,XLP,-0.029752,-0.040890023
2008-11-17,XLP,-0.013203,0.06874561
2008-11-18,XLP,0.006905,0.06390784
2008-11-19,XLP,-0.025718,0.03569223
2008-11-20,XLP,-0.034756,0.068367146
2008-11-21,XLP,0.047858,0.070739426
2008-11-24,XLP,0.012614,0.06260428
2008-11-25,XLP,0.005584,0.04328084
2008-11-26,XLP,0.012815,0.110738285
2008-11-27,XLP,0.0,-0.007975219
2008-11-28,XLP,0.015183,0.055672873
2008-12-01,XLP,-0.055256,-0.021413567
2008-12-02,XLP,0.014512,0.11904137
2008-12-03,XLP,0.012137,0.079352364
2008-12-04,XLP,-0.012848,0.074085236
2008-12-05,XLP,0.0282,0.07061808
2008-12-08,XLP,0.005907,0.06848863
2008-12-09,XLP,-0.019295,0.07431386
2008-12-10,XLP,-0.000428,-0.0063848747
2008-12-11,XLP,-0.011125,0.045282874
2008-12-12,XLP,0.001298,-0.03377148
2008-12-15,XLP,-0.000864,-0.048183486
2008-12-16,XLP,0.023356,0.15750393
2008-12-17,XLP,-0.005072,0.07390208
2008-12-18,XLP,0.003398,0.07280901
2008-12-19,XLP,-0.008044,-0.060035817
2008-12-22,XLP,0.002583,0.039999492
2008-12-23,XLP,-0.008158,0.05546643
2008-12-24,XLP,0.008658,-0.09385778
2008-12-25,XLP,0.0,0.037043076
2008-12-26,XLP,0.000858,0.027213681
2008-12-29,XLP,-0.002144,-0.045023218
2008-12-30,XLP,0.0159,-0.010510007
2008-12-31,XLP,0.009729,0.06682016
2008-04-01,XLE,0.018769,0.08944249
2008-04-02,XLE,0.013917,-0.0035954132
2008-04-03,XLE,0.002353,-0.020376753
2008-04-04,XLE,0.008216,-0.032122172
2008-04-07,XLE,0.005303,-0.013060204
2008-04-08,XLE,0.011323,0.009514101
2008-04-09,XLE,0.001908,-0.03859483
2008-04-10,XLE,-0.001905,0.008358748
2008-04-11,XLE,-0.013995,-0.054659635
2008-04-14,XLE,0.022968,-0.012156731
2008-04-15,XLE,0.005298,0.01636603
2008-04-16,XLE,0.033877,-0.007430544
2008-04-17,XLE,-0.00085,-0.007228501
2008-04-18,XLE,0.015304,0.03716102
2008-04-21,XLE,0.011365,0.0471816
2008-04-22,XLE,0.000473,0.05560624
2008-04-23,XLE,-0.007803,0.022357173
2008-04-24,XLE,-0.026215,-0.04721857
2008-04-25,XLE,0.014195,-0.010824748
2008-04-28,XLE,0.001689,-0.013558573
2008-04-29,XLE,-0.022525,-0.057864197
2008-04-30,XLE,0.007394,0.0206542
2008-05-01,XLE,-0.021896,-0.04697111
2008-05-02,XLE,0.018884,0.03082585
2008-05-05,XLE,0.014484,0.0031676637
2008-05-06,XLE,0.026497,0.055099886
2008-05-07,XLE,-0.018623,-0.010204528
2008-05-08,XLE,0.020058,0.014924798
2008-05-09,XLE,-0.001884,-0.043699834
2008-05-12,XLE,-0.005544,-0.029848697
2008-05-13,XLE,0.01637,-0.047640517
2008-05-14,XLE,-0.011438,-0.012167151
2008-05-15,XLE,0.013223,-0.065138415
2008-05-16,XLE,0.036472,-0.000411621
2008-05-19,XLE,0.006183,-0.024126947
2008-05-20,XLE,0.009944,0.004073846
2008-05-21,XLE,-0.014825,-0.01777819
2008-05-22,XLE,-0.014599,0.0463371
2008-05-23,XLE,-0.01698,-0.03037342
2008-05-26,XLE,0.0,-0.04733307
2008-05-27,XLE,-0.006492,-0.024993137
2008-05-28,XLE,0.02112,-0.03970751
2008-05-29,XLE,-0.027311,-0.052255824
2008-05-30,XLE,0.010338,-0.031140992
2008-06-02,XLE,0.00593,-0.023503069
2008-06-03,XLE,-0.0215,-0.053514533
2008-06-04,XLE,-0.014885,0.0107039735
2008-06-05,XLE,0.052165,-0.049907442
2008-06-06,XLE,-0.019603,-0.077274196
2008-06-09,XLE,0.029412,-0.022494433
2008-06-10,XLE,-0.024619,-0.05027338
2008-06-11,XLE,0.006136,-0.044173397
2008-06-12,XLE,-0.01519,-0.024815783
2008-06-13,XLE,0.011919,-0.056985978
2008-06-16,XLE,0.00358,-0.019917373
2008-06-17,XLE,0.016569,-0.055192634
2008-06-18,XLE,0.003848,-0.04467591
2008-06-19,XLE,-0.024016,0.03383362
2008-06-20,XLE,-0.006719,-0.040446114
2008-06-23,XLE,0.039534,-0.08701086
2008-06-24,XLE,-0.018959,-0.0708052
2008-06-25,XLE,-0.003774,-0.0341763
2008-06-26,XLE,-0.007231,0.0044231433
2008-06-27,XLE,0.008787,0.020659724
2008-06-30,XLE,0.014097,0.0005078867
2008-07-01,XLE,0.004182,0.019725354
2008-07-02,XLE,-0.030163,-0.026763381
2008-07-03,XLE,-0.014738,-0.034191806
2008-07-04,XLE,0.0,0.008967439
2008-07-07,XLE,-0.025088,-0.026439726
2008-07-08,XLE,-0.016552,-0.04582358
2008-07-09,XLE,-0.019042,-0.008518052
2008-07-10,XLE,0.030683,-0.031295873
2008-07-11,XLE,-0.006075,-0.027397493
2008-07-14,XLE,0.006601,-0.056523692
2008-07-15,XLE,-0.042142,-0.047557984
2008-07-16,XLE,-0.025739,-0.02434958
2008-07-17,XLE,-0.016398,-0.023765653
2008-07-18,XLE,0.017465,-0.025183637
2008-07-21,XLE,0.029909,-0.028776858
2008-07-22,XLE,-0.033207,-0.015236567
2008-07-23,XLE,-0.036307,-0.007996222
2008-07-24,XLE,-0.002439,-0.016312998
2008-07-25,XLE,0.002717,-0.04154032
2008-07-28,XLE,0.003929,0.04840967
2008-07-29,XLE,-0.011876,-0.015692754
2008-07-30,XLE,0.059547,-0.040959157
2008-07-31,XLE,-0.04099,-0.017816471
2008-08-01,XLE,-0.000134,-0.043956738
2008-08-04,XLE,-0.047049,-0.047063746
2008-08-05,XLE,0.007476,0.0065054316
2008-08-06,XLE,0.022823,-0.041202527
2008-08-07,XLE,-0.011636,-0.055680547
2008-08-08,XLE,-0.016897,-0.09554924
2008-08-11,XLE,-0.000423,-0.056321956
2008-08-12,XLE,0.000564,-0.05562645
2008-08-13,XLE,0.035357,-0.062174674
2008-08-14,XLE,-0.018367,-0.06953311
2008-08-15,XLE,-0.018711,-0.06932203
2008-08-18,XLE,-0.012712,-0.042152036
2008-08-19,XLE,0.035908,0.023118356
2008-08-20,XLE,0.028863,-0.07225724
2008-08-21,XLE,0.025101,-0.018503798
2008-08-22,XLE,-0.022915,0.017109359
2008-08-25,XLE,-0.012999,-0.04836965
2008-08-26,XLE,0.020367,-0.042177964
2008-08-27,XLE,0.015835,-0.035911333
2008-08-28,XLE,-0.017553,0.022171656
2008-08-29,XLE,-0.004667,0.0022798593
2008-09-01,XLE,0.0,-0.051834904
2008-09-02,XLE,-0.054923,-0.015617055
2008-09-03,XLE,-0.003827,-0.021422124
2008-09-04,XLE,-0.022482,-0.05107927
2008-09-05,XLE,-0.004076,-0.046917144
2008-09-08,XLE,-0.006869,-0.047095105
2008-09-09,XLE,-0.069168,0.035035323
2008-09-10,XLE,0.039368,-0.02585206
2008-09-11,XLE,0.014299,0.018423025
2008-09-12,XLE,0.033743,-0.06273458
2008-09-15,XLE,-0.076599,-0.018670054
2008-09-16,XLE,0.042262,-0.015703185
2008-09-17,XLE,-0.020953,-0.043778542
2008-09-18,XLE,0.029869,0.018018255
2008-09-19,XLE,0.068397,0.010801437
2008-09-22,XLE,-0.017544,-0.036978394
2008-09-23,XLE,-0.033,-0.03731376
2008-09-24,XLE,0.002955,0.038413968
2008-09-25,XLE,0.024451,-0.05294311
2008-09-26,XLE,-0.0266,0.006929914
2008-09-29,XLE,-0.118907,-0.03274411
2008-09-30,XLE,0.06119,-0.022320839
2008-10-01,XLE,-0.01643,-0.01652207
2008-10-02,XLE,-0.057019,-0.058779746
2008-10-03,XLE,-0.011923,-0.08220106
2008-10-06,XLE,-0.053784,0.0054226355
2008-10-07,XLE,-0.054837,-0.03157608
2008-10-08,XLE,0.01889,-0.041060038
2008-10-09,XLE,-0.143965,-0.04355027
2008-10-10,XLE,-0.040884,-0.041735105
2008-10-13,XLE,0.164746,0.009708264
2008-10-14,XLE,0.001187,-0.029671183
2008-10-15,XLE,-0.144438,-0.048061278
2008-10-16,XLE,0.038106,-0.051481996
2008-10-17,XLE,0.022024,-0.010218967
2008-10-20,XLE,0.116456,0.01771648
2008-10-21,XLE,-0.045428,0.020353753
2008-10-22,XLE,-0.097222,0.012353246
2008-10-23,XLE,0.053167,0.03796726
2008-10-24,XLE,-0.062299,0.018056985
2008-10-27,XLE,-0.063918,0.008771426
2008-10-28,XLE,0.152472,0.03141255
2008-10-29,XLE,0.022085,0.008080502
2008-10-30,XLE,0.046125,-0.015819782
2008-10-31,XLE,0.020854,0.029059047
2008-11-03,XLE,-0.030934,0.009121292
2008-11-04,XLE,0.064445,-0.0070246053
2008-11-05,XLE,-0.0447,-0.041528694
2008-11-06,XLE,-0.060217,-0.057153724
2008-11-07,XLE,0.047269,-0.022657363
2008-11-10,XLE,0.00341,0.011497618
2008-11-11,XLE,-0.028788,-0.02706646
2008-11-12,XLE,-0.081927,-0.043498755
2008-11-13,XLE,0.117489,-0.02988
2008-11-14,XLE,-0.041533,-0.01759871
2008-11-17,XLE,-0.020724,-0.04341192
2008-11-18,XLE,0.028003,0.031222362
2008-11-19,XLE,-0.051778,0.013039
2008-11-20,XLE,-0.123684,0.02499664
2008-11-21,XLE,0.111612,0.049506307
2008-11-24,XLE,0.072265,0.022649325
2008-11-25,XLE,0.015956,-0.03623483
2008-11-26,XLE,0.056003,-0.008899494
2008-11-27,XLE,0.0,-0.01084488
2008-11-28,XLE,-0.016047,0.025364205
2008-12-01,XLE,-0.106404,0.033114027
2008-12-02,XLE,0.03383,0.05887301
2008-12-03,XLE,0.000646,0.03145669
2008-12-04,XLE,-0.069277,0.033704292
2008-12-05,XLE,0.020804,0.047573563
2008-12-08,XLE,0.044384,0.042029776
2008-12-09,XLE,0.009974,0.07504999
2008-12-10,XLE,0.051739,-0.039737735
2008-12-11,XLE,-0.004695,0.025915567
2008-12-12,XLE,-0.009844,-0.015067548
2008-12-15,XLE,-0.005799,0.026009707
2008-12-16,XLE,0.031042,-0.011349313
2008-12-17,XLE,-0.006466,-0.02069307
2008-12-18,XLE,-0.058165,0.010593588
2008-12-19,XLE,-0.001538,0.03703181
2008-12-22,XLE,-0.029783,0.027165841
2008-12-23,XLE,0.002241,-0.028432382
2008-12-24,XLE,-0.003801,0.035025798
2008-12-25,XLE,0.0,0.082542226
2008-12-26,XLE,0.013465,-0.007920596
2008-12-29,XLE,0.021922,0.042058025
2008-12-30,XLE,0.024269,0.11464512
2008-12-31,XLE,0.010578,0.013829354
2008-04-01,VIX,-0.12149942,0.02029036
2008-04-02,VIX,0.032533772,0.012594802
2008-04-03,VIX,-0.009434032,0.00874539
2008-04-04,VIX,-0.033292606,0.008215107
2008-04-07,VIX,-0.0013371966,0.0076387664
2008-04-08,VIX,-0.0026797694,0.013131149
2008-04-09,VIX,0.019925388,0.0057939854
2008-04-10,VIX,-0.037066087,0.010608783
2008-04-11,VIX,0.065163895,-0.006621563
2008-04-14,VIX,0.01522872,0.00094771147
2008-04-15,VIX,-0.044642605,0.0073761935
2008-04-16,VIX,-0.103995726,0.010613892
2008-04-17,VIX,-0.007824001,0.0056492174
2008-04-18,VIX,-0.011851991,0.007577399
2008-04-21,VIX,0.018213646,0.006381328
2008-04-22,VIX,0.017887834,0.010755324
2008-04-23,VIX,-0.029664222,0.011995636
2008-04-24,VIX,-0.009920716,0.0022167338
2008-04-25,VIX,-0.02370855,-0.0035033165
2008-04-28,VIX,0.0025490709,0.01230803
2008-04-29,VIX,0.030092541,0.00737905
2008-04-30,VIX,0.026811257,0.0039206184
2008-05-01,VIX,-0.09636894,0.004396445
2008-05-02,VIX,-0.03778107,0.0077552334
2008-05-05,VIX,0.038839832,0.016104434
2008-05-06,VIX,-0.03719103,0.016103854
2008-05-07,VIX,0.080169424,0.002032394
2008-05-08,VIX,-0.016867254,0.010685155
2008-05-09,VIX,0.0005153311,-0.0043134936
2008-05-12,VIX,-0.08715189,0.0013314934
2008-05-13,VIX,0.010623528,-0.002982598
2008-05-14,VIX,-0.017957835,0.0035919868
2008-05-15,VIX,-0.08013709,0.0030771845
2008-05-16,VIX,0.010375436,-0.002502575
2008-05-19,VIX,0.03226086,-0.0019085591
2008-05-20,VIX,0.032960486,0.0033723393
2008-05-21,VIX,0.05586191,-0.0076192613
2008-05-22,VIX,-0.029478118,-0.0020765038
2008-05-23,VIX,0.0798296,-0.0031247176
2008-05-26,VIX,0.0,-0.005984678
2008-05-27,VIX,0.0045930166,-0.0022632594
2008-05-28,VIX,-0.029451882,-0.0014405097
2008-05-29,VIX,-0.049996976,0.0037485657
2008-05-30,VIX,-0.017237013,0.0038265672
2008-06-02,VIX,0.10631351,0.009301726
2008-06-03,VIX,0.020464903,-0.0028177707
2008-06-04,VIX,0.027292142,0.009633524
2008-06-05,VIX,-0.110179804,0.0016179382
2008-06-06,VIX,0.23477717,-0.0012684747
2008-06-09,VIX,-0.018852316,-0.0020321242
2008-06-10,VIX,0.0025917941,0.00743937
2008-06-11,VIX,0.039751533,0.0031950816
2008-06-12,VIX,-0.033301286,0.0015430006
2008-06-13,VIX,-0.09479595,0.0024572932
2008-06-16,VIX,-0.012805487,-0.0016306142
2008-06-17,VIX,0.008555185,0.001230556
2008-06-18,VIX,0.05119864,0.0013672771
2008-06-19,VIX,-0.03012551,0.0018618086
2008-06-20,VIX,0.058059048,0.00482711
2008-06-23,VIX,-0.010107755,-0.00828514
2008-06-24,VIX,-0.009764835,0.0048973067
2008-06-25,VIX,-0.058786437,0.0012772987
2008-06-26,VIX,0.12396592,-0.001479773
2008-06-27,VIX,-0.020688938,0.0021496692
2008-06-30,VIX,0.021524359,-0.0059556533
2008-07-01,VIX,-0.012605209,0.0019165982
2008-07-02,VIX,0.09165176,-0.0021127397
2008-07-03,VIX,-0.044977996,0.0030943882
2008-07-04,VIX,0.0,0.00057551515
2008-07-07,VIX,0.03956212,-0.0017820387
2008-07-08,VIX,-0.10760422,0.0011360089
2008-07-09,VIX,0.086038984,-0.0029483354
2008-07-10,VIX,0.014167887,-0.00042010687
2008-07-11,VIX,0.07162065,-0.0001595648
2008-07-14,VIX,0.035379786,-0.0036125898
2008-07-15,VIX,0.0021045255,0.0009530107
2008-07-16,VIX,-0.12843877,-0.004544425
2008-07-17,VIX,-0.0035921012,0.0015487269
2008-07-18,VIX,-0.03914075,0.0039053194
2008-07-21,VIX,-0.042469226,-0.007908685
2008-07-22,VIX,-0.08460843,-0.0009386392
2008-07-23,VIX,0.006119106,0.0002663288
2008-07-24,VIX,0.09526752,-0.001179971
2008-07-25,VIX,-0.022870468,-0.0025877007
2008-07-28,VIX,0.05601804,0.004271933
2008-07-29,VIX,-0.095186375,-0.0038495206
2008-07-30,VIX,-0.037932392,-0.0040819095
2008-07-31,VIX,0.078409344,-0.004483199
2008-08-01,VIX,-0.016260521,-0.0071684304
2008-08-04,VIX,0.03995321,-0.0059765084
2008-08-05,VIX,-0.10540782,0.002513447
2008-08-06,VIX,-0.044000328,0.0036311557
2008-08-07,VIX,0.044473253,-0.0010976123
2008-08-08,VIX,-0.023440441,-0.004240992
2008-08-11,VIX,-0.026485119,0.0035993974
2008-08-12,VIX,0.05087074,-0.0027220605
2008-08-13,VIX,0.017790731,0.0023980201
2008-08-14,VIX,-0.057786427,0.0012781658
2008-08-15,VIX,-0.038080752,-0.007738767
2008-08-18,VIX,0.06906097,-0.0076447376
2008-08-19,VIX,0.014198061,-0.0043045827
2008-08-20,VIX,-0.04125285,-0.0035104249
2008-08-21,VIX,-0.029823285,-0.004829785
2008-08-22,VIX,-0.052302886,0.0048419796
2008-08-25,VIX,0.1087042,-0.0009633202
2008-08-26,VIX,-0.023155883,-0.0031254562
2008-08-27,VIX,-0.036277268,0.0019980958
2008-08-28,VIX,-0.016841428,-0.0027056022
2008-08-29,VIX,0.060897056,-0.013002856
2008-09-01,VIX,0.0,-0.007935047
2008-09-02,VIX,0.062872484,-0.008310873
2008-09-03,VIX,-0.025795994,-0.004560119
2008-09-04,VIX,0.11451124,-0.010709738
2008-09-05,VIX,-0.041203536,-0.00547592
2008-09-08,VIX,-0.018381262,-0.005369477
2008-09-09,VIX,0.11778303,-0.005991761
2008-09-10,VIX,-0.038012177,-0.015264691
2008-09-11,VIX,-0.005315899,-0.0024169376
2008-09-12,VIX,0.050760146,-0.00653477
2008-09-15,VIX,0.21138333,0.0007500194
2008-09-16,VIX,-0.04516897,0.0053385203
2008-09-17,VIX,0.17846374,0.003441898
2008-09-18,VIX,-0.09007817,0.0025417623
2008-09-19,VIX,-0.03161227,0.0012424528
2008-09-22,VIX,0.054017987,-0.003051033
2008-09-23,VIX,0.053771757,0.0026097486
2008-09-24,VIX,-0.014948805,0.00047409127
2008-09-25,VIX,-0.06972387,-0.0036372202
2008-09-26,VIX,0.056853674,-0.005065686
2008-09-29,VIX,0.29628056,0.005025108
2008-09-30,VIX,-0.17066036,-0.0054939254
2008-10-01,VIX,0.01060616,-0.009040478
2008-10-02,VIX,0.12830551,-0.00756775
2008-10-03,VIX,-0.0026548689,-0.0013893878
2008-10-06,VIX,0.14243603,0.00018073549
2008-10-07,VIX,0.030835697,-0.004382759
2008-10-08,VIX,0.06926606,-0.020421656
2008-10-09,VIX,0.10532575,-0.007242019
2008-10-10,VIX,0.0901484,-0.0039369306
2008-10-13,VIX,-0.24062935,-0.014311483
2008-10-14,VIX,0.002542682,-0.0039304798
2008-10-15,VIX,0.22802912,-0.0021555694
2008-10-16,VIX,-0.023967244,-0.007873569
2008-10-17,VIX,0.03944255,-0.0021296563
2008-10-20,VIX,-0.28347275,-0.007364653
2008-10-21,VIX,0.0026395188,-0.0037765175
2008-10-22,VIX,0.27111748,-0.005838568
2008-10-23,VIX,-0.026920505,-0.013462782
2008-10-24,VIX,0.15452987,-0.0021091513
2008-10-27,VIX,0.011684284,-0.00067769503
2008-10-28,VIX,-0.17868093,-0.002137143
2008-10-29,VIX,0.043828223,-0.010035391
2008-10-30,VIX,-0.10637749,0.0058581377
2008-10-31,VIX,-0.04903662,0.0121788625
2008-11-03,VIX,-0.109469056,0.0076124496
2008-11-04,VIX,-0.11748036,-0.0066724564
2008-11-05,VIX,0.13374089,-0.0031242326
2008-11-06,VIX,0.15456952,-0.0046292106
2008-11-07,VIX,-0.12673473,-0.017590923
2008-11-10,VIX,0.06687536,-0.004192663
2008-11-11,VIX,0.024049915,-0.0032290958
2008-11-12,VIX,0.07853918,-0.009082474
2008-11-13,VIX,-0.105093054,-0.012987941
2008-11-14,VIX,0.10283351,-0.008545766
2008-11-17,VIX,0.041937344,-0.0056186835
2008-11-18,VIX,-0.022078535,-0.0067970823
2008-11-19,VIX,0.093372926,-0.018388214
2008-11-20,VIX,0.085146815,-0.0025807046
2008-11-21,VIX,-0.10679062,-0.018430782
2008-11-24,VIX,-0.11616744,-0.014930396
2008-11-25,VIX,-0.060528025,-0.015790744
2008-11-26,VIX,-0.103355594,-0.0077743432
2008-11-27,VIX,0.0,-0.0024144324
2008-11-28,VIX,0.0065335985,-0.0059665204
2008-12-01,VIX,0.21456854,-0.0024478561
2008-12-02,VIX,-0.0841625,-0.006387354
2008-12-03,VIX,-0.03654408,-0.0016932761
2008-12-04,VIX,0.04696907,-0.00429419
2008-12-05,VIX,-0.06006499,-0.012731169
2008-12-08,VIX,-0.024321415,-0.008475628
2008-12-09,VIX,0.007155056,-0.008557332
2008-12-10,VIX,-0.055492252,-0.0057870597
2008-12-11,VIX,0.00089678064,-0.006870283
2008-12-12,VIX,-0.027259547,-0.0036310088
2008-12-15,VIX,0.044676017,-0.005437412
2008-12-16,VIX,-0.08049794,-0.011087767
2008-12-17,VIX,-0.049516033,-0.007011114
2008-12-18,VIX,-0.05146227,-0.010082383
2008-12-19,VIX,-0.052249882,0.0010936802
2008-12-22,VIX,-0.008269127,-0.009885786
2008-12-23,VIX,0.01027024,-0.0056796772
2008-12-24,VIX,-0.018155828,-0.0070680524
2008-12-25,VIX,0.0,-0.007269383
2008-12-26,VIX,-0.018952502,-0.002747312
2008-12-29,VIX,0.011915815,-0.013967801
2008-12-30,VIX,-0.05309326,-0.026061667
2008-12-31,VIX,-0.03994161,-0.0040283557
2008-04-01,AGG,-0.01086914,-0.02562336
2008-04-02,AGG,0.0004921502,-0.10205913
2008-04-03,AGG,-0.00019683102,-0.13051052
2008-04-04,AGG,0.008428943,-0.1689208
2008-04-07,AGG,-0.00011712573,-0.012516359
2008-04-08,AGG,-3.904496e-05,0.08061103
2008-04-09,AGG,0.0043441486,-0.0621765
2008-04-10,AGG,-0.003114964,-0.09618152
2008-04-11,AGG,0.0021425798,0.083144665
2008-04-14,AGG,-0.0011681108,0.06535694
2008-04-15,AGG,-0.005371369,-0.056363642
2008-04-16,AGG,-0.003629768,0.13016291
2008-04-17,AGG,-0.00019657952,-0.11703015
2008-04-18,AGG,0.0026505685,0.07514793
2008-04-21,AGG,0.00012744287,0.055763144
2008-04-22,AGG,0.0014399556,-0.018994695
2008-04-23,AGG,-0.0009793361,-0.04361174
2008-04-24,AGG,-0.0037302487,-0.11999346
2008-04-25,AGG,-0.0009839615,0.04921997
2008-04-28,AGG,0.002458091,-0.06757957
2008-04-29,AGG,0.0014719594,-0.07225374
2008-04-30,AGG,0.0060612173,0.06525423
2008-05-01,AGG,-0.0048852074,0.09835725
2008-05-02,AGG,-0.001666422,-0.04703658
2008-05-05,AGG,0.0003923492,0.09046712
2008-05-06,AGG,-0.0032414938,-0.023214076
2008-05-07,AGG,0.0028491446,0.15177351
2008-05-08,AGG,0.0025475225,0.12591742
2008-05-09,AGG,0.00039135115,-0.13348588
2008-05-12,AGG,-0.0017622875,0.103984974
2008-05-13,AGG,-0.005699701,0.06118099
2008-05-14,AGG,0.0014771778,0.23493253
2008-05-15,AGG,0.0052998457,0.05734669
2008-05-16,AGG,-0.002450141,0.112158656
2008-05-19,AGG,0.0016667488,-0.10838185
2008-05-20,AGG,0.0021528534,0.10323135
2008-05-21,AGG,-0.0013694612,0.13114151
2008-05-22,AGG,-0.005988924,0.10004702
2008-05-23,AGG,0.003833117,-0.20756511
2008-05-26,AGG,0.0,-0.06444315
2008-05-27,AGG,-0.0056072157,0.14896736
2008-05-28,AGG,-0.004647262,-0.092493504
2008-05-29,AGG,-0.0027788824,-0.1164873
2008-05-30,AGG,0.0035714323,-0.17065847
2008-06-02,AGG,-0.00019807863,-0.03305265
2008-06-03,AGG,0.0018801648,0.008988107
2008-06-04,AGG,-0.0035654192,0.12250938
2008-06-05,AGG,-0.0037076287,-0.026492132
2008-06-06,AGG,0.005590962,-0.18070114
2008-06-09,AGG,-0.005063302,0.054549847
2008-06-10,AGG,-0.0052891695,0.0014472917
2008-06-11,AGG,0.0013009345,-0.07777549
2008-06-12,AGG,-0.006215935,-0.036010798
2008-06-13,AGG,-0.002516991,0.043263037
2008-06-16,AGG,0.0011082566,0.059568778
2008-06-17,AGG,0.0034177757,-0.118307844
2008-06-18,AGG,0.0042058947,0.07567672
2008-06-19,AGG,-0.005109464,0.06313941
2008-06-20,AGG,0.0030587965,0.09962753
2008-06-23,AGG,-0.0013527395,-0.084120706
2008-06-24,AGG,0.0020234203,-0.1531729
2008-06-25,AGG,0.0004792111,-0.025484998
2008-06-26,AGG,0.0013004156,-0.2256598
2008-06-27,AGG,0.002394494,-0.03405108
2008-06-30,AGG,0.000498132,-0.123229735
2008-07-01,AGG,-0.007297478,-0.05389173
2008-07-02,AGG,-0.0012046985,-0.069415465
2008-07-03,AGG,0.0003013107,0.09325465
2008-07-04,AGG,0.0,0.06685255
2008-07-07,AGG,0.0034585635,0.21854654
2008-07-08,AGG,0.0039212485,-0.11831782
2008-07-09,AGG,0.0038691927,-0.15235417
2008-07-10,AGG,0.00092800986,-0.2210535
2008-07-11,AGG,-0.0056708106,0.19741972
2008-07-14,AGG,0.0014954392,-0.05761437
2008-07-15,AGG,0.003877708,-0.032171164
2008-07-16,AGG,-0.0076705064,-0.13860022
2008-07-17,AGG,-0.0044097085,-0.0080441255
2008-07-18,AGG,-0.005842668,0.10702397
2008-07-21,AGG,0.0040330766,-0.14214307
2008-07-22,AGG,-0.002216179,0.11270882
2008-07-23,AGG,0.0012094338,0.14693668
2008-07-24,AGG,0.006926,0.13249977
2008-07-25,AGG,-0.0051145875,0.20368233
2008-07-28,AGG,0.0045142276,-0.11325868
2008-07-29,AGG,-0.0012018029,-0.20943703
2008-07-30,AGG,0.0011017078,0.08923872
2008-07-31,AGG,0.0050921184,0.16834566
2008-08-01,AGG,-0.0051922235,-0.06305136
2008-08-04,AGG,-0.0029074159,-0.18635273
2008-08-05,AGG,-0.0017082857,0.17070687
2008-08-06,AGG,-0.0011069183,0.05894192
2008-08-07,AGG,0.005221944,-0.25323272
2008-08-08,AGG,-0.0015035336,-0.15391257
2008-08-11,AGG,-0.002510924,-0.18067148
2008-08-12,AGG,0.004214758,-0.14560255
2008-08-13,AGG,-0.001703834,0.039476696
2008-08-14,AGG,0.0024045699,-0.14272153
2008-08-15,AGG,0.0028988265,-0.12072985
2008-08-18,AGG,0.0016938334,-0.19506876
2008-08-19,AGG,-0.0007972098,0.08586776
2008-08-20,AGG,0.0015937845,0.14879449
2008-08-21,AGG,0.00019904459,-0.16216761
2008-08-22,AGG,-0.0010962321,-0.05662056
2008-08-25,AGG,0.003084502,0.1120384
2008-08-26,AGG,-0.0011924874,0.059170008
2008-08-27,AGG,0.0011924874,0.21829323
2008-08-28,AGG,0.00089343335,0.09008218
2008-08-29,AGG,-0.00029772244,0.10973918
2008-09-01,AGG,0.0,0.0898412
2008-09-02,AGG,-0.0005957109,-0.111517616
2008-09-03,AGG,-0.00019864918,-0.22406667
2008-09-04,AGG,0.0036686372,-0.10413274
2008-09-05,AGG,-0.0029735377,-0.15453856
2008-09-08,AGG,0.006234249,0.09489074
2008-09-09,AGG,0.004429359,0.112339325
2008-09-10,AGG,-0.00068772415,-0.21293247
2008-09-11,AGG,-0.0012784582,0.16289197
2008-09-12,AGG,-0.0040428,0.0401249
2008-09-15,AGG,0.0039443895,0.11339173
2008-09-16,AGG,-0.010188525,0.15295038
2008-09-17,AGG,0.0024824997,-0.11025252
2008-09-18,AGG,-0.0027808142,-0.07589269
2008-09-19,AGG,0.0044654007,0.09916037
2008-09-22,AGG,-0.015767217,-0.16574484
2008-09-23,AGG,-0.0015300374,-0.14848424
2008-09-24,AGG,0.0012282416,0.12380722
2008-09-25,AGG,-0.0018126894,-0.06742501
2008-09-26,AGG,-0.005052557,0.2315897
2008-09-29,AGG,-0.0045692315,-0.15121955
2008-09-30,AGG,0.00335281,0.08178332
2008-10-01,AGG,-0.011117458,-0.23023914
2008-10-02,AGG,0.0038898606,0.0800395
2008-10-03,AGG,0.007531842,-0.15463792
2008-10-06,AGG,0.00030415168,-0.17235135
2008-10-07,AGG,-0.020895977,0.064423256
2008-10-08,AGG,-0.020285096,0.12921415
2008-10-09,AGG,0.0023211658,-0.14662334
2008-10-10,AGG,-0.07084636,0.15760964
2008-10-13,AGG,0.037958167,0.06742095
2008-10-14,AGG,0.020801526,0.017782094
2008-10-15,AGG,0.015873348,-0.09037828
2008-10-16,AGG,-0.015830683,-0.05749427
2008-10-17,AGG,0.0035774405,0.06540925
2008-10-20,AGG,0.017697712,-0.03280774
2008-10-21,AGG,0.008732772,-0.10654054
2008-10-22,AGG,0.011526319,0.085260674
2008-10-23,AGG,-0.017756222,0.11245431
2008-10-24,AGG,-0.008472411,0.09426649
2008-10-27,AGG,-0.010029116,0.05710633
2008-10-28,AGG,0.0034952108,0.08457375
2008-10-29,AGG,0.018852673,0.047896188
2008-10-30,AGG,-0.0012458473,0.059596244
2008-10-31,AGG,-0.0031214259,0.017354498
2008-11-03,AGG,-0.020211214,0.08824559
2008-11-04,AGG,0.015929447,0.06832898
2008-11-05,AGG,0.015061308,-0.11538679
2008-11-06,AGG,-0.0041322373,-0.06999108
2008-11-07,AGG,0.0050596423,0.095913015
2008-11-10,AGG,-0.0064063044,-0.039609
2008-11-11,AGG,0.0075386325,-0.03012927
2008-11-12,AGG,-0.008679533,0.098017514
2008-11-13,AGG,0.0034188067,-0.1082503
2008-11-14,AGG,0.0029947872,-0.04353053
2008-11-17,AGG,0.0026773778,0.08908571
2008-11-18,AGG,-0.0014407742,0.12944278
2008-11-19,AGG,0.0028794755,0.069407694
2008-11-20,AGG,0.00020535989,-0.022062996
2008-11-21,AGG,-0.008040451,0.06354237
2008-11-24,AGG,-0.0001035036,0.06956858
2008-11-25,AGG,0.024639595,-0.07686889
2008-11-26,AGG,-0.003844991,-0.06864207
2008-11-27,AGG,0.0,-0.0804047
2008-11-28,AGG,-0.0019280538,0.069649525
2008-12-01,AGG,0.009905074,0.10409381
2008-12-02,AGG,0.0010052272,0.16379012
2008-12-03,AGG,0.00010046717,0.10194389
2008-12-04,AGG,0.0033097668,-0.04970405
2008-12-05,AGG,-0.0055223797,-0.05232246
2008-12-08,AGG,-0.0012996763,0.060009677
2008-12-09,AGG,0.009322182,-0.04981296
2008-12-10,AGG,-0.0017994606,0.07240259
2008-12-11,AGG,0.0051896325,-0.061318997
2008-12-12,AGG,0.00029858173,0.10303617
2008-12-15,AGG,0.0023854498,0.069038615
2008-12-16,AGG,0.0039631478,-0.023364665
2008-12-17,AGG,0.005325456,0.07658887
2008-12-18,AGG,0.006275146,0.10547589
2008-12-19,AGG,-0.0032307042,-0.15978532
2008-12-22,AGG,0.005378723,0.123710625
2008-12-23,AGG,0.009705987,0.09866611
2008-12-24,AGG,0.0047217626,-0.10455437
2008-12-25,AGG,0.0,0.09441511
2008-12-26,AGG,-0.003370411,0.065063305
2008-12-29,AGG,0.004043132,0.10025341
2008-12-30,AGG,0.00036500208,0.033793926
2008-12-31,AGG,0.0006912177,0.1545674
2008-04-01,DBC,-0.0056069675,0.009692072
2008-04-02,DBC,0.02936499,-0.0441382
2008-04-03,DBC,0.0054451535,-0.01035384
2008-04-04,DBC,0.0070346612,-0.054627575
2008-04-07,DBC,0.010726839,-0.059647765
2008-04-08,DBC,0.003993084,-0.02062999
2008-04-09,DBC,0.016598985,0.05741023
2008-04-10,DBC,-0.004452017,-0.033674795
2008-04-11,DBC,-0.0039447783,-0.031491995
2008-04-14,DBC,0.0068277577,0.0027943875
2008-04-15,DBC,0.011966844,0.006635243
2008-04-16,DBC,0.009522656,-0.0323485
2008-04-17,DBC,-0.0046213176,0.03615171
2008-04-18,DBC,0.00051453564,0.05502307
2008-04-21,DBC,0.0012851821,0.009915252
2008-04-22,DBC,0.0061459863,0.032115858
2008-04-23,DBC,-0.009490901,-0.040581133
2008-04-24,DBC,-0.01689449,-0.03633915
2008-04-25,DBC,0.018182319,-0.018603668
2008-04-28,DBC,0.002313923,-0.060510177
2008-04-29,DBC,-0.02443584,-0.05375099
2008-04-30,DBC,-0.001843804,0.060488354
2008-05-01,DBC,-0.023474004,-0.017349258
2008-05-02,DBC,0.025054615,0.03213439
2008-05-05,DBC,0.020581683,0.04520625
2008-05-06,DBC,0.013065384,-0.045099393
2008-05-07,DBC,0.0017800386,-0.028950438
2008-05-08,DBC,0.016129382,-0.019737856
2008-05-09,DBC,0.015381102,-0.015353658
2008-05-12,DBC,-0.017132634,-0.005914197
2008-05-13,DBC,0.005494519,0.06714603
2008-05-14,DBC,-0.016321769,-0.002192297
2008-05-15,DBC,0.011328001,-0.034818843
2008-05-16,DBC,0.014413768,-0.048550252
2008-05-19,DBC,0.0014792902,0.028375277
2008-05-20,DBC,0.013702196,-0.025111629
2008-05-21,DBC,0.028744495,0.025598852
2008-05-22,DBC,-0.014508519,0.04600793
2008-05-23,DBC,0.0019147923,0.022743236
2008-05-26,DBC,0.0,0.003813701
2008-05-27,DBC,-0.016150767,-0.06398494
2008-05-28,DBC,0.0062984703,-0.021355946
2008-05-29,DBC,-0.02766733,-0.057721116
2008-05-30,DBC,0.0066807126,-0.01744447
2008-06-02,DBC,0.013229002,-0.047429424
2008-06-03,DBC,-0.02388982,-0.035430662
2008-06-04,DBC,-0.0150680905,-0.047200773
2008-06-05,DBC,0.03725288,-0.031694654
2008-06-06,DBC,0.025275145,0.0036022787
2008-06-09,DBC,0.010169178,0.052570127
2008-06-10,DBC,-0.004008021,0.04278925
2008-06-11,DBC,0.03619045,-0.016472246
2008-06-12,DBC,-0.0002278683,0.01086069
2008-06-13,DBC,-0.006401485,-0.03854149
2008-06-16,DBC,-0.0009178523,0.10524066
2008-06-17,DBC,0.010050336,-0.012097485
2008-06-18,DBC,0.013544225,0.048799496
2008-06-19,DBC,-0.02359456,0.055423256
2008-06-20,DBC,0.006863445,0.029984761
2008-06-23,DBC,0.0070430827,0.0074513853
2008-06-24,DBC,0.00022637239,0.02034087
2008-06-25,DBC,-0.0038553171,0.013450622
2008-06-26,DBC,0.032635886,-0.031964567
2008-06-27,DBC,0.0026356264,-0.026039891
2008-06-30,DBC,-0.017926782,-0.0577902
2008-07-01,DBC,0.017487993,-0.016255949
2008-07-02,DBC,0.018911552,-0.03545562
2008-07-03,DBC,-0.000430756,0.009256423
2008-07-04,DBC,0.0,0.0755968
2008-07-07,DBC,-0.013664674,-0.00049167767
2008-07-08,DBC,-0.036925904,0.02448579
2008-07-09,DBC,-0.0006800408,0.02859896
2008-07-10,DBC,0.02684725,0.025815375
2008-07-11,DBC,0.013811466,0.0485443
2008-07-14,DBC,0.00043535046,-0.029021235
2008-07-15,DBC,-0.032289404,0.05614043
2008-07-16,DBC,-0.015402343,0.020456666
2008-07-17,DBC,-0.023791399,-0.020103594
2008-07-18,DBC,-0.017211318,-0.035090968
2008-07-21,DBC,0.0120554585,0.04601684
2008-07-22,DBC,-0.022093784,0.015025752
2008-07-23,DBC,-0.022838699,-0.02188398
2008-07-24,DBC,0.0007370102,0.04842492
2008-07-25,DBC,-0.012603652,-0.017365793
2008-07-28,DBC,0.004961558,0.088145286
2008-07-29,DBC,-0.011448607,0.024918966
2008-07-30,DBC,0.019581739,0.058689095
2008-07-31,DBC,-0.008380625,0.03338456
2008-08-01,DBC,-0.0112011125,0.002390101
2008-08-04,DBC,-0.033599496,-0.030298565
2008-08-05,DBC,-0.0070139267,-0.027590705
2008-08-06,DBC,-0.010745746,0.026733134
2008-08-07,DBC,0.005518343,-0.019824179
2008-08-08,DBC,-0.028440455,-0.024773426
2008-08-11,DBC,-0.0010790398,-0.023210954
2008-08-12,DBC,-0.008674492,-0.045740575
2008-08-13,DBC,0.032939114,-0.019527778
2008-08-14,DBC,-0.008731369,-0.029075716
2008-08-15,DBC,-0.013645696,-0.024306344
2008-08-18,DBC,0.005641385,0.023725593
2008-08-19,DBC,0.015417636,0.023048937
2008-08-20,DBC,0.0078823315,-0.04218318
2008-08-21,DBC,0.042025145,0.030928807
2008-08-22,DBC,-0.034464166,0.02336379
2008-08-25,DBC,-0.0057306746,0.022692172
2008-08-26,DBC,0.0005223296,-0.014874915
2008-08-27,DBC,0.009355578,0.04707349
2008-08-28,DBC,-0.019854361,0.081277475
2008-08-29,DBC,-0.003700771,0.058826692
2008-09-01,DBC,0.0,0.009331552
2008-09-02,DBC,-0.026296122,0.015389397
2008-09-03,DBC,-0.005725987,0.027040627
2008-09-04,DBC,-0.014321368,0.03179221
2008-09-05,DBC,-0.010036326,0.04388814
2008-09-08,DBC,-0.0022440401,0.057957888
2008-09-09,DBC,-0.03718964,0.07824077
2008-09-10,DBC,0.0014562402,0.016155224
2008-09-11,DBC,-0.008475865,-0.0068220347
2008-09-12,DBC,0.0067281225,-0.034184713
2008-09-15,DBC,-0.040154092,-0.034763783
2008-09-16,DBC,-0.020543417,0.09480595
2008-09-17,DBC,0.029606923,-0.0019394824
2008-09-18,DBC,0.0018028851,0.03284006
2008-09-19,DBC,0.032489568,0.030193917
2008-09-22,DBC,0.03399842,-0.035734072
2008-09-23,DBC,-0.009880109,-0.027916903
2008-09-24,DBC,-0.008260978,-0.02946551
2008-09-25,DBC,0.017298035,0.021664523
2008-09-26,DBC,-0.011877968,0.043026745
2008-09-29,DBC,-0.064026564,0.07606109
2008-09-30,DBC,0.027521929,-0.06314146
2008-10-01,DBC,-0.023586703,-0.024087738
2008-10-02,DBC,-0.05687411,0.009760626
2008-10-03,DBC,-0.023621872,0.046544172
2008-10-06,DBC,-0.043499663,-0.036691457
2008-10-07,DBC,0.0122367265,-0.04378744
2008-10-08,DBC,0.014422521,-0.07501222
2008-10-09,DBC,-0.047741763,-0.023805931
2008-10-10,DBC,-0.045373026,0.03260243
2008-10-13,DBC,0.05406722,0.143552
2008-10-14,DBC,-0.018522283,-0.045324918
2008-10-15,DBC,-0.04657041,0.079220936
2008-10-16,DBC,-0.019026875,0.08893478
2008-10-17,DBC,0.011236073,-0.04840656
2008-10-20,DBC,0.019912163,0.09900544
2008-10-21,DBC,-0.036435258,-0.04797027
2008-10-22,DBC,-0.048487294,0.063904025
2008-10-23,DBC,0.003966685,0.08865983
2008-10-24,DBC,-0.0408055,0.05829708
2008-10-27,DBC,-0.0074503655,-0.038333654
2008-10-28,DBC,0.02705083,-0.02985074
2008-10-29,DBC,0.05736058,0.07752483
2008-10-30,DBC,-0.042111486,-0.090234034
2008-10-31,DBC,0.0110892225,0.03510806
2008-11-03,DBC,-0.0110892225,0.037110128
2008-11-04,DBC,0.044399817,0.082984395
2008-11-05,DBC,-0.0262462,-0.06733844
2008-11-06,DBC,-0.044789575,-0.05226818
2008-11-07,DBC,0.0012262417,-0.0515377
2008-11-10,DBC,0.006514681,-0.0013395528
2008-11-11,DBC,-0.019258944,0.01026646
2008-11-12,DBC,-0.029815352,0.018108947
2008-11-13,DBC,0.018581616,0.052901153
2008-11-14,DBC,-0.0062959283,0.065050185
2008-11-17,DBC,-0.02299931,0.023291834
2008-11-18,DBC,-0.015194562,0.07394667
2008-11-19,DBC,-0.0114387525,-0.11308931
2008-11-20,DBC,-0.052225262,-0.102847904
2008-11-21,DBC,0.017102335,-0.047170013
2008-11-24,DBC,0.066484384,-0.033293545
2008-11-25,DBC,-0.034019854,-0.067302056
2008-11-26,DBC,0.031443637,0.008565244
2008-11-27,DBC,0.0,-0.10166396
2008-11-28,DBC,-0.044393137,0.08941985
2008-12-01,DBC,-0.03150226,0.090041585
2008-12-02,DBC,0.00046371436,-0.057413355
2008-12-03,DBC,-0.011657861,0.029733742
2008-12-04,DBC,-0.053962994,-0.00540048
2008-12-05,DBC,-0.02506397,0.053461716
2008-12-08,DBC,0.04515776,0.046765503
2008-12-09,DBC,-0.022075951,0.0344923
2008-12-10,DBC,0.029809196,0.061045755
2008-12-11,DBC,0.03128217,-0.048574142
2008-12-12,DBC,0.021694828,0.040862806
2008-12-15,DBC,-0.04434799,0.050864194
2008-12-16,DBC,0.014218249,0.11267486
2008-12-17,DBC,-0.013741036,-0.019340983
2008-12-18,DBC,-0.015384919,0.07247275
2008-12-19,DBC,-0.0068060546,-0.11022681
2008-12-22,DBC,-0.028640395,0.06038959
2008-12-23,DBC,0.0039477823,0.049686965
2008-12-24,DBC,-0.015621381,-0.0857649
2008-12-25,DBC,0.0,0.045451406
2008-12-26,DBC,0.015621381,0.025676947
2008-12-29,DBC,0.01093994,-0.041490376
2008-12-30,DBC,0.005917177,0.002613166
2008-12-31,DBC,0.040939983,0.059770446
2008-04-01,HYG,-0.0022235499,-0.058865465
2008-04-02,HYG,0.000518269,-0.0073917685
2008-04-03,HYG,-0.0017632116,-0.025683109
2008-04-04,HYG,0.0038336057,-0.02830036
2008-04-07,HYG,0.007931236,-0.05225693
2008-04-08,HYG,0.0033799387,-0.05653913
2008-04-09,HYG,-0.008729195,-0.07711898
2008-04-10,HYG,0.0036036074,-0.01538261
2008-04-11,HYG,-0.008048749,-0.010775943
2008-04-14,HYG,0.0035163963,0.003378126
2008-04-15,HYG,-0.00010324712,-0.064052075
2008-04-16,HYG,0.004352928,-0.08876519
2008-04-17,HYG,0.0010018367,-0.06803896
2008-04-18,HYG,0.006755399,-0.058197882
2008-04-21,HYG,-0.0016334868,-0.051678047
2008-04-22,HYG,0.0013274113,-0.049277306
2008-04-23,HYG,0.0040733255,-0.079267725
2008-04-24,HYG,0.00030483157,-0.0223538
2008-04-25,HYG,0.004763603,0.049464483
2008-04-28,HYG,0.0058473805,-0.038437773
2008-04-29,HYG,-0.0029194162,-0.059049062
2008-04-30,HYG,0.0010076583,0.02790611
2008-05-01,HYG,0.015291887,-0.038243525
2008-05-02,HYG,-0.010168565,0.02183789
2008-05-05,HYG,-0.0016044929,-0.117343925
2008-05-06,HYG,-0.007151161,-0.13441022
2008-05-07,HYG,0.0007073208,-0.010129493
2008-05-08,HYG,-0.002123465,-0.06819794
2008-05-09,HYG,0.002123465,0.04163041
2008-05-12,HYG,-0.0013139942,-0.03247744
2008-05-13,HYG,-0.00030347478,-0.02782138
2008-05-14,HYG,-0.0014174347,-0.07580384
2008-05-15,HYG,0.0026307816,-0.05998624
2008-05-16,HYG,0.0014137132,0.027900716
2008-05-19,HYG,0.003927695,0.050203353
2008-05-20,HYG,-0.0019115655,-0.049417175
2008-05-21,HYG,-0.0018143337,-0.04545741
2008-05-22,HYG,-0.0015144635,-0.048063822
2008-05-23,HYG,-0.0059792427,0.03241096
2008-05-26,HYG,0.0,0.039622247
2008-05-27,HYG,-0.0056062527,-0.065513864
2008-05-28,HYG,0.004894473,0.06142593
2008-05-29,HYG,-0.00096679816,-0.054654483
2008-05-30,HYG,5.0907423e-05,-0.03412287
2008-06-02,HYG,-0.014769499,0.016340457
2008-06-03,HYG,0.0007230285,0.067632034
2008-06-04,HYG,-0.0010330579,-0.03298739
2008-06-05,HYG,0.00433169,-0.038153097
2008-06-06,HYG,-0.0027309046,-0.034568194
2008-06-09,HYG,0.0031424698,-0.036619235
2008-06-10,HYG,0.00041139565,-0.03747132
2008-06-11,HYG,-0.00020567668,-0.020267596
2008-06-12,HYG,-0.0016469382,-0.012825676
2008-06-13,HYG,0.0044200104,-0.029450163
2008-06-16,HYG,-0.013942906,-0.01206513
2008-06-17,HYG,0.0017665095,0.0124319205
2008-06-18,HYG,0.0021778592,-0.044156004
2008-06-19,HYG,-0.006340373,-0.058581963
2008-06-20,HYG,-0.00396846,-0.0457496
2008-06-23,HYG,-0.0036701136,-0.015753087
2008-06-24,HYG,-0.004210976,-0.051240295
2008-06-25,HYG,0.003317626,-0.053500194
2008-06-26,HYG,-0.00786429,0.020818625
2008-06-27,HYG,-0.002759208,0.023539683
2008-06-30,HYG,-0.0010632643,-0.035220914
2008-07-01,HYG,-0.008010724,0.034433614
2008-07-02,HYG,-0.0007509521,0.030543571
2008-07-03,HYG,-0.00045621052,-0.04204785
2008-07-04,HYG,0.0,0.03171316
2008-07-07,HYG,0.00088539504,-0.035961702
2008-07-08,HYG,-0.0026854305,0.03024638
2008-07-09,HYG,-0.0034479077,0.030471643
2008-07-10,HYG,0.001294359,0.01562699
2008-07-11,HYG,-0.001294359,-0.073273204
2008-07-14,HYG,-0.0024314479,-0.01057696
2008-07-15,HYG,-0.015537999,0.007817269
2008-07-16,HYG,0.0032912812,0.015186368
2008-07-17,HYG,0.0029529196,-0.020429019
2008-07-18,HYG,0.0159258,-0.08962268
2008-07-21,HYG,0.004931928,-0.023180114
2008-07-22,HYG,0.0033633215,0.027286509
2008-07-23,HYG,-0.0026149387,-0.03196975
2008-07-24,HYG,0.0023484211,-0.02484997
2008-07-25,HYG,0.0021301531,0.006887806
2008-07-28,HYG,-0.0034104264,0.051007766
2008-07-29,HYG,0.00021349275,0.04693246
2008-07-30,HYG,0.00016008965,0.020785036
2008-07-31,HYG,0.0020788366,-0.054655746
2008-08-01,HYG,-0.011568252,-0.021903548
2008-08-04,HYG,-0.0069189467,-0.013696731
2008-08-05,HYG,0.007026676,-0.03593006
2008-08-06,HYG,-0.006701279,-0.056937426
2008-08-07,HYG,-0.0012479316,-0.045417257
2008-08-08,HYG,0.0017900252,-0.072513714
2008-08-11,HYG,-0.002822101,0.019896623
2008-08-12,HYG,0.0039054074,-0.028680723
2008-08-13,HYG,0.0015146601,-0.022630233
2008-08-14,HYG,0.0,-0.0070222323
2008-08-15,HYG,0.0023216272,-0.02540305
2008-08-18,HYG,-0.0023216272,0.013237844
2008-08-19,HYG,0.0019440551,-0.009136945
2008-08-20,HYG,-0.00021581957,0.010983904
2008-08-21,HYG,-0.0014580017,-0.04770674
2008-08-22,HYG,-0.0056903013,-0.027050387
2008-08-25,HYG,0.0054200673,-0.03497853
2008-08-26,HYG,-0.0054200673,0.037297565
2008-08-27,HYG,0.0010863662,-0.054326367
2008-08-28,HYG,0.001410514,-0.061384037
2008-08-29,HYG,0.0018415214,-0.033156414
2008-09-01,HYG,0.0,-0.02640786
2008-09-02,HYG,-0.006514681,0.0065326
2008-09-03,HYG,0.0032626456,-0.023581425
2008-09-04,HYG,0.0043337015,-0.024241365
2008-09-05,HYG,-0.00086523907,-0.020243635
2008-09-08,HYG,-0.0011909275,-0.068123244
2008-09-09,HYG,0.0021642689,-0.09331638
2008-09-10,HYG,-0.0055281697,-0.025909463
2008-09-11,HYG,0.0,-0.007369457
2008-09-12,HYG,0.0,-0.0768383
2008-09-15,HYG,-0.037431013,-0.056866314
2008-09-16,HYG,-0.023288723,-0.01577188
2008-09-17,HYG,-0.0619393,-0.017090693
2008-09-18,HYG,0.07593196,0.03775973
2008-09-19,HYG,0.012675588,-0.048997644
2008-09-22,HYG,-0.0009000901,0.055710394
2008-09-23,HYG,-0.009818417,-0.022723796
2008-09-24,HYG,0.008918643,-0.062169537
2008-09-25,HYG,-0.025792811,0.022431348
2008-09-26,HYG,-0.0034742362,-0.02794281
2008-09-29,HYG,-0.084441386,0.016576117
2008-09-30,HYG,0.034490455,0.05495157
2008-10-01,HYG,0.034142174,0.02234577
2008-10-02,HYG,-0.026367595,-0.036282245
2008-10-03,HYG,-0.003697534,-0.033149492
2008-10-06,HYG,-0.036927845,-0.032473616
2008-10-07,HYG,-0.017031424,0.011792673
2008-10-08,HYG,-0.04268781,-0.0077273212
2008-10-09,HYG,-0.023552794,0.037779767
2008-10-10,HYG,-0.06910539,0.033034235
2008-10-13,HYG,0.11579971,0.016065689
2008-10-14,HYG,0.006514681,-0.011164517
2008-10-15,HYG,-0.044603486,-0.069446415
2008-10-16,HYG,-0.03863697,0.041864123
2008-10-17,HYG,-0.0120697245,-0.0070539163
2008-10-20,HYG,0.019802628,0.010487427
2008-10-21,HYG,-0.005758847,-0.030754583
2008-10-22,HYG,-0.008345759,-0.03099908
2008-10-23,HYG,0.016762136,0.031199107
2008-10-24,HYG,-0.02532139,0.008410675
2008-10-27,HYG,-0.052198544,0.027376981
2008-10-28,HYG,0.011257155,-0.011827097
2008-10-29,HYG,0.044516653,-0.03838554
2008-10-30,HYG,0.027040092,-0.049780864
2008-10-31,HYG,0.0004167535,-0.0097768335
2008-11-03,HYG,-0.001528946,-0.05284774
2008-11-04,HYG,0.011202836,-0.037036374
2008-11-05,HYG,-0.008285965,-0.024310611
2008-11-06,HYG,-1.3869721e-05,-0.018454896
2008-11-07,HYG,0.010362358,-0.04420042
2008-11-10,HYG,0.00013725893,-0.0056161825
2008-11-11,HYG,-0.0017858375,-0.018423002
2008-11-12,HYG,-0.014263206,-0.05603866
2008-11-13,HYG,-0.005384064,-0.018796574
2008-11-14,HYG,-0.012203446,-0.026916945
2008-11-17,HYG,-0.015592906,-0.054147072
2008-11-18,HYG,-0.021274298,-0.045857083
2008-11-19,HYG,-0.034765262,-0.0347002
2008-11-20,HYG,-0.03380691,-0.017457213
2008-11-21,HYG,0.009887862,0.032360174
2008-11-24,HYG,0.0045189015,-0.04289252
2008-11-25,HYG,0.010362787,-0.020765753
2008-11-26,HYG,0.022968536,0.043729804
2008-11-27,HYG,0.0,0.024690114
2008-11-28,HYG,-0.0037664827,-0.015644575
2008-12-01,HYG,-0.031432252,-0.023619708
2008-12-02,HYG,0.0106903175,-0.01678921
2008-12-03,HYG,0.00015409508,-0.052068107
2008-12-04,HYG,-0.0058723707,0.026263284
2008-12-05,HYG,0.00046486405,0.051492833
2008-12-08,HYG,0.011551919,0.033159748
2008-12-09,HYG,-0.007532124,0.06454074
2008-12-10,HYG,-0.00077178364,-0.075493
2008-12-11,HYG,-0.007750775,0.05042364
2008-12-12,HYG,0.01375495,-0.07885727
2008-12-15,HYG,-0.0053095426,-0.026525028
2008-12-16,HYG,0.018482566,0.041544463
2008-12-17,HYG,0.025220854,0.009883404
2008-12-18,HYG,0.0564278,-0.09705728
2008-12-19,HYG,-0.0067236563,0.06429571
2008-12-22,HYG,0.039274767,-0.063616306
2008-12-23,HYG,0.014489119,-0.038909014
2008-12-24,HYG,-0.015841383,-0.016417978
2008-12-25,HYG,0.0,-0.051163256
2008-12-26,HYG,0.0189001,-0.022983905
2008-12-29,HYG,-0.00026560426,-0.04465762
2008-12-30,HYG,0.003050198,-0.03322387
2008-12-31,HYG,0.006467389,-0.034064744
2008-04-01,LQD,-0.0064848596,-0.05450121
2008-04-02,LQD,0.0017206772,-0.053052664
2008-04-03,LQD,0.00047744092,-0.054550715
2008-04-04,LQD,0.012051197,0.037415747
2008-04-07,LQD,0.0011312219,-0.17339073
2008-04-08,LQD,-0.0035676907,-0.039191056
2008-04-09,LQD,-0.0029543797,0.066574186
2008-04-10,LQD,0.00092891883,0.038435265
2008-04-11,LQD,0.0009659183,-0.15335324
2008-04-14,LQD,-0.0061713937,-0.17719825
2008-04-15,LQD,-0.0020974362,-0.0033625744
2008-04-16,LQD,-0.0057427417,-0.094239615
2008-04-17,LQD,0.0025883156,0.013844806
2008-04-18,LQD,0.004394352,-0.10900622
2008-04-21,LQD,-0.0032461362,-0.12635289
2008-04-22,LQD,-0.002201906,0.0150141865
2008-04-23,LQD,0.0030622033,0.040196136
2008-04-24,LQD,-0.0013385603,-0.0546844
2008-04-25,LQD,0.00047826295,-0.18184818
2008-04-28,LQD,0.0047700913,0.046724107
2008-04-29,LQD,0.0031358413,0.08397927
2008-04-30,LQD,0.0055821138,-0.14270715
2008-05-01,LQD,0.0015084381,-0.12515715
2008-05-02,LQD,-0.0058579156,0.016038103
2008-05-05,LQD,0.0014203875,0.033220142
2008-05-06,LQD,-0.00645531,0.06110804
2008-05-07,LQD,0.0026631174,-0.18034786
2008-05-08,LQD,0.004407068,0.0066625443
2008-05-09,LQD,4.7282443e-05,-0.09025948
2008-05-12,LQD,-0.0009082137,-0.103450984
2008-05-13,LQD,-0.005733177,0.052240428
2008-05-14,LQD,0.0005700422,-0.13775648
2008-05-15,LQD,0.0066385632,0.0274304
2008-05-16,LQD,-0.0013240025,-0.20152716
2008-05-19,LQD,0.00023088089,0.12278971
2008-05-20,LQD,0.0003367634,-0.118683286
2008-05-21,LQD,-0.0044076946,0.069492795
2008-05-22,LQD,-0.011032947,0.09067648
2008-05-23,LQD,0.004599912,0.10991622
2008-05-26,LQD,0.0,-0.13815501
2008-05-27,LQD,-0.006041735,-0.13949859
2008-05-28,LQD,-0.0064172377,0.105933435
2008-05-29,LQD,-0.0049009,0.024543095
2008-05-30,LQD,0.003980781,0.046088547
2008-06-02,LQD,-0.0011634673,0.07033304
2008-06-03,LQD,0.0038729715,-0.15571591
2008-06-04,LQD,-0.0030971763,-0.014243372
2008-06-05,LQD,-0.005345787,-0.1139917
2008-06-06,LQD,0.0049579646,0.08216128
2008-06-09,LQD,-0.00087315065,-0.08354931
2008-06-10,LQD,-0.0057429466,-0.023653872
2008-06-11,LQD,-0.00039054872,-0.017967105
2008-06-12,LQD,-0.008532391,-0.08546797
2008-06-13,LQD,-0.0052338047,-0.23683882
2008-06-16,LQD,0.0035580192,-0.022970174
2008-06-17,LQD,0.0032504338,-0.07809834
2008-06-18,LQD,0.005002708,-0.107484154
2008-06-19,LQD,-0.0051994035,0.09321094
2008-06-20,LQD,0.0005899705,-0.08116334
2008-06-23,LQD,-0.000393275,-0.054182943
2008-06-24,LQD,-0.00059020263,0.04262483
2008-06-25,LQD,0.00076719554,-0.05381868
2008-06-26,LQD,0.0008059048,0.04217379
2008-06-27,LQD,-0.0009828977,-0.0848251
2008-06-30,LQD,-0.0028558786,-0.13044518
2008-07-01,LQD,-0.0047449674,-0.12074215
2008-07-02,LQD,-0.00069385936,-0.0832372
2008-07-03,LQD,-0.0012898747,-0.15788533
2008-07-04,LQD,0.0,-0.107771195
2008-07-07,LQD,0.004655548,-0.23059486
2008-07-08,LQD,0.0054206015,0.0132003585
2008-07-09,LQD,0.00068779173,0.07516025
2008-07-10,LQD,-0.0057131755,0.08248857
2008-07-11,LQD,-0.0077350643,-0.1553386
2008-07-14,LQD,0.0004976362,-0.13021326
2008-07-15,LQD,-0.00019902478,-0.10131224
2008-07-16,LQD,-0.007893331,-0.0498719
2008-07-17,LQD,-0.003416402,-0.12700243
2008-07-18,LQD,-0.0018134197,-0.10090032
2008-07-21,LQD,0.0011085917,0.07593074
2008-07-22,LQD,0.006425725,0.009147694
2008-07-23,LQD,-0.0035089515,-0.0996654
2008-07-24,LQD,0.008799177,-0.16115622
2008-07-25,LQD,-0.0052902256,-0.13393205
2008-07-28,LQD,0.0057878615,0.10376726
2008-07-29,LQD,-0.0024906613,0.043116868
2008-07-30,LQD,0.0047766035,0.052807815
2008-07-31,LQD,0.006234866,-0.1383184
2008-08-01,LQD,-0.0082720835,-0.10752471
2008-08-04,LQD,0.00014920549,-0.07440408
2008-08-05,LQD,-0.004385972,-0.10746051
2008-08-06,LQD,0.0014973799,0.02662093
2008-08-07,LQD,0.008245217,0.17206614
2008-08-08,LQD,0.00094929204,0.059278846
2008-08-11,LQD,-0.004517185,0.0948164
2008-08-12,LQD,0.006038128,0.02951652
2008-08-13,LQD,-0.005244162,-0.13991223
2008-08-14,LQD,0.0028728535,-0.07428594
2008-08-15,LQD,0.002272616,-0.046936568
2008-08-18,LQD,0.0003947109,0.066577114
2008-08-19,LQD,-0.0015797792,-0.11970134
2008-08-20,LQD,9.8809345e-05,-0.14014924
2008-08-21,LQD,-0.00594591,0.04545664
2008-08-22,LQD,0.00039749578,0.08621358
2008-08-25,LQD,0.0064372593,-0.12755562
2008-08-26,LQD,0.0011838991,-0.22237855
2008-08-27,LQD,-0.0015788438,-0.16389182
2008-08-28,LQD,-0.00019753087,0.020047469
2008-08-29,LQD,-0.0019774577,-0.15318342
2008-09-01,LQD,0.0,-0.24201606
2008-09-02,LQD,-0.0005940006,-0.095134445
2008-09-03,LQD,0.001977643,0.1064441
2008-09-04,LQD,0.0002974457,-0.107380085
2008-09-05,LQD,-0.0010290839,0.02817538
2008-09-08,LQD,0.001720476,0.07644151
2008-09-09,LQD,0.0034498088,0.08859276
2008-09-10,LQD,-0.00039366205,0.027469812
2008-09-11,LQD,-0.0078067495,-0.16126166
2008-09-12,LQD,-0.007668215,-0.12738876
2008-09-15,LQD,-0.00742528,-0.19743012
2008-09-16,LQD,-0.0655529,0.04425723
2008-09-17,LQD,-0.046871368,-0.098629646
2008-09-18,LQD,0.01352219,-0.13350606
2008-09-19,LQD,0.03076492,-0.20870434
2008-09-22,LQD,0.0059124064,-0.07777042
2008-09-23,LQD,-0.010342691,-0.02308536
2008-09-24,LQD,-0.0026024738,0.031843077
2008-09-25,LQD,0.0043337015,-0.10166647
2008-09-26,LQD,-0.027398974,-0.06348237
2008-09-29,LQD,-0.095532425,-0.06897575
2008-09-30,LQD,0.09319637,-0.10211055
2008-10-01,LQD,0.0046666753,0.03149017
2008-10-02,LQD,-0.014628143,-0.043655045
2008-10-03,LQD,-0.00045004502,-0.030091593
2008-10-06,LQD,-0.011658969,0.014281867
2008-10-07,LQD,0.018521482,-0.05472648
2008-10-08,LQD,-0.0072001787,-0.056450803
2008-10-09,LQD,-0.026984723,-0.023796193
2008-10-10,LQD,-0.056685705,-0.068530396
2008-10-13,LQD,0.053616177,-0.036225803
2008-10-14,LQD,-0.015785186,-0.04422413
2008-10-15,LQD,0.0,0.07232721
2008-10-16,LQD,0.010434469,-0.058342103
2008-10-17,LQD,-0.008550565,-0.055327028
2008-10-20,LQD,0.030012101,0.030724503
2008-10-21,LQD,0.009882513,0.028709354
2008-10-22,LQD,-0.01159631,-0.038121328
2008-10-23,LQD,0.006269613,-0.043233927
2008-10-24,LQD,0.003992021,-0.04678499
2008-10-27,LQD,-0.0064951517,-0.04459945
2008-10-28,LQD,-0.0066293534,0.04339208
2008-10-29,LQD,0.016717283,0.03003079
2008-10-30,LQD,-0.007471169,-0.04517331
2008-10-31,LQD,-0.004098833,-0.011434639
2008-11-03,LQD,0.003189432,-0.040579554
2008-11-04,LQD,0.006800434,-0.023230778
2008-11-05,LQD,0.019242119,0.03440906
2008-11-06,LQD,0.0068298094,-0.030768916
2008-11-07,LQD,-0.0070514404,-0.0786024
2008-11-10,LQD,0.0004432133,-0.0022649353
2008-11-11,LQD,0.0032074351,-0.050065465
2008-11-12,LQD,-0.00022087245,-0.06189945
2008-11-13,LQD,-0.0068713557,0.03706445
2008-11-14,LQD,-0.00022244467,0.027518002
2008-11-17,LQD,0.007204243,-0.053607773
2008-11-18,LQD,0.0012140612,-0.009539444
2008-11-19,LQD,0.00154304,0.0244818
2008-11-20,LQD,-0.0109629575,0.022500526
2008-11-21,LQD,0.011513467,-0.08516155
2008-11-24,LQD,-0.004412583,0.019129133
2008-11-25,LQD,0.004742743,0.03510857
2008-11-26,LQD,-0.0052956874,-0.03779593
2008-11-27,LQD,0.0,0.0026394082
2008-11-28,LQD,-0.00288025,-0.037830044
2008-12-01,LQD,0.010484012,-0.025497338
2008-12-02,LQD,0.00754638,-0.038984805
2008-12-03,LQD,0.0069489963,-0.054022837
2008-12-04,LQD,0.00097334135,-0.051443644
2008-12-05,LQD,-0.006833369,-0.039812453
2008-12-08,LQD,0.010286486,-0.05627709
2008-12-09,LQD,0.006763674,-0.016961608
2008-12-10,LQD,0.002351182,0.025380034
2008-12-11,LQD,0.003410063,-0.0342497
2008-12-12,LQD,0.005410867,-0.06357739
2008-12-15,LQD,-0.00031747713,-0.020172643
2008-12-16,LQD,0.020325476,-0.082043245
2008-12-17,LQD,0.014722045,-0.057644974
2008-12-18,LQD,0.023932075,0.087837346
2008-12-19,LQD,-0.014978918,0.011102458
2008-12-22,LQD,0.011981014,0.0031762426
2008-12-23,LQD,0.0032972004,-0.15258078
2008-12-24,LQD,0.0024906613,0.04629929
2008-12-25,LQD,0.0,0.024431014
2008-12-26,LQD,0.0018887625,-0.17792898
2008-12-29,LQD,-0.0010930592,0.034528315
2008-12-30,LQD,0.008711201,0.06377271
2008-12-31,LQD,0.001870908,-0.05729095
2008-04-01,UUP,0.015504187,-0.020954357
2008-04-02,UUP,-0.009717391,-0.0012346541
2008-04-03,UUP,0.0035445318,-0.023209294
2008-04-04,UUP,-0.009782322,0.030645
2008-04-07,UUP,0.0071251015,-0.0092631
2008-04-08,UUP,0.0,-0.060224812
2008-04-09,UUP,-0.006674107,-0.04499539
2008-04-10,UUP,0.0044543506,-0.03774996
2008-04-11,UUP,-0.0035618916,-0.026971111
2008-04-14,UUP,0.0,-0.039163746
2008-04-15,UUP,0.0013371966,0.0056874272
2008-04-16,UUP,-0.009847886,-0.009880369
2008-04-17,UUP,0.005383593,0.021969065
2008-04-18,UUP,0.0066889883,-0.0062913424
2008-04-21,UUP,-0.0075842435,0.005763583
2008-04-22,UUP,-0.0035890571,-0.08867164
2008-04-23,UUP,0.0067189503,-0.029968495
2008-04-24,UUP,0.011098893,-0.02304693
2008-04-25,UUP,0.0026455042,-0.037277445
2008-04-28,UUP,-0.0013218772,-0.039891664
2008-04-29,UUP,0.0039604013,-0.025865804
2008-04-30,UUP,-0.0070515936,-0.04642085
2008-05-01,UUP,0.00836825,-0.035655454
2008-05-02,UUP,0.005249356,-0.06874223
2008-05-05,UUP,-0.0048108557,-0.108863324
2008-05-06,UUP,-0.0035133983,-0.040604204
2008-05-07,UUP,0.0066430857,-0.029051928
2008-05-08,UUP,-6.5557295e-05,-0.06026409
2008-05-09,UUP,-0.006581928,0.050392605
2008-05-12,UUP,-0.0013163139,-0.028923292
2008-05-13,UUP,0.0043956116,-0.0058257496
2008-05-14,UUP,0.0012273167,-0.03611515
2008-05-15,UUP,-0.00078881637,-0.02948204
2008-05-16,UUP,-0.009691706,-0.00013375728
2008-05-19,UUP,0.0052980254,-0.06176005
2008-05-20,UUP,-0.0101793315,-0.089391716
2008-05-21,UUP,-0.0071428875,-0.030155148
2008-05-22,UUP,0.0062528118,-0.094873264
2008-05-23,UUP,-0.0058048833,0.039301403
2008-05-26,UUP,0.0,0.03313338
2008-05-27,UUP,0.0058048833,0.028224606
2008-05-28,UUP,0.004442477,-0.05961428
2008-05-29,UUP,0.007947062,0.0036720138
2008-05-30,UUP,-0.0013201322,0.022815319
2008-06-02,UUP,-0.0013218772,-0.11594877
2008-06-03,UUP,0.005277057,-0.038387176
2008-06-04,UUP,0.0026281225,0.0034311013
2008-06-05,UUP,-0.004823513,-0.066138566
2008-06-06,UUP,-0.0116455695,-0.0063985176
2008-06-09,UUP,0.008563902,-0.023110054
2008-06-10,UUP,0.010526413,-0.12120036
2008-06-11,UUP,-0.006566012,-0.03397563
2008-06-12,UUP,0.008309691,-0.058784023
2008-06-13,UUP,0.0013057673,0.04994553
2008-06-16,UUP,-0.004359205,-0.10632344
2008-06-17,UUP,-0.0021867491,0.044724077
2008-06-18,UUP,-0.0008760404,-0.03228366
2008-06-19,UUP,0.0008760404,-0.07225396
2008-06-20,UUP,-0.006589086,-0.042659607
2008-06-23,UUP,0.0057130456,0.06795046
2008-06-24,UUP,-0.002632735,-0.05269733
2008-06-25,UUP,-0.0048447573,-0.0834251
2008-06-26,UUP,-0.006200197,-0.0017387605
2008-06-27,UUP,-0.0031145744,-0.025682688
2008-06-30,UUP,0.0022256854,0.10412641
2008-07-01,UUP,-0.00088967977,0.015742728
2008-07-02,UUP,-0.004907438,-0.0041025947
2008-07-03,UUP,0.00979091,-0.08634937
2008-07-04,UUP,0.0,-0.056624014
2008-07-07,UUP,-0.00088613207,-0.034075223
2008-07-08,UUP,0.004422829,-0.0452878
2008-07-09,UUP,-0.0070859464,-0.021945808
2008-07-10,UUP,-0.0008892842,-0.04725111
2008-07-11,UUP,-0.006694959,-0.08011252
2008-07-14,UUP,-0.0017929184,0.055764377
2008-07-15,UUP,-0.00089766615,-0.085616864
2008-07-16,UUP,0.0049272217,0.008648376
2008-07-17,UUP,0.0017857148,-0.02555105
2008-07-18,UUP,0.0,-0.061415337
2008-07-21,UUP,-0.003574624,0.028681649
2008-07-22,UUP,0.0071365153,-0.09780728
2008-07-23,UUP,0.003992021,-0.060287055
2008-07-24,UUP,-0.00088573963,-0.0722904
2008-07-25,UUP,0.0013283155,-0.053036798
2008-07-28,UUP,-0.0022148404,-0.047427688
2008-07-29,UUP,0.008390422,0.042721782
2008-07-30,UUP,-0.0008798945,-0.045945052
2008-07-31,UUP,0.0,-0.05653668
2008-08-01,UUP,0.0030762495,0.059249572
2008-08-04,UUP,0.0004386927,0.03404862
2008-08-05,UUP,0.007428481,-0.07121064
2008-08-06,UUP,0.0030428192,-0.112574436
2008-08-07,UUP,0.0051948167,-0.048688043
2008-08-08,UUP,0.01584955,0.027623734
2008-08-11,UUP,0.005509656,-0.024793986
2008-08-12,UUP,-0.0021155074,0.022899803
2008-08-13,UUP,0.0,-0.05419538
2008-08-14,UUP,0.0059121796,0.02789308
2008-08-15,UUP,0.0075503713,0.030813776
2008-08-18,UUP,-0.0029294852,-0.02962319
2008-08-19,UUP,-0.0046208864,-0.048249148
2008-08-20,UUP,0.0029430334,-0.03515002
2008-08-21,UUP,-0.011399743,0.0050621517
2008-08-22,UUP,0.0101395035,-0.06599067
2008-08-25,UUP,-0.00042043306,-0.020164046
2008-08-26,UUP,0.0058700377,-0.06251307
2008-08-27,UUP,-0.0029307117,-0.05691863
2008-08-28,UUP,0.0033486846,-0.075027026
2008-08-29,UUP,0.0004177982,0.05295715
2008-09-01,UUP,0.0,0.03147657
2008-09-02,UUP,0.009561495,0.07271266
2008-09-03,UUP,-0.0008278146,0.09404852
2008-09-04,UUP,0.007836708,0.08671397
2008-09-05,UUP,0.0036907976,0.007928663
2008-09-08,UUP,0.005307218,-0.032467954
2008-09-09,UUP,0.00040708325,-0.008016432
2008-09-10,UUP,0.006490895,0.06430794
2008-09-11,UUP,0.0028265717,-0.06908418
2008-09-12,UUP,-0.019133497,0.031250782
2008-09-15,UUP,-0.009083465,-0.032659728
2008-09-16,UUP,0.0144124385,-0.14571907
2008-09-17,UUP,-0.021906229,-0.04588889
2008-09-18,UUP,0.0041701477,-0.06378192
2008-09-19,UUP,-0.007938207,0.013718774
2008-09-22,UUP,-0.022911482,0.0696799
2008-09-23,UUP,0.0064171343,0.07847559
2008-09-24,UUP,0.0097603155,-0.0676335
2008-09-25,UUP,-0.0016906175,-0.055244863
2008-09-26,UUP,4.230029e-05,-0.06050627
2008-09-29,UUP,0.007543071,-0.027725752
2008-09-30,UUP,0.02569557,0.03413708
2008-10-01,UUP,0.004083305,0.079955265
2008-10-02,UUP,0.013759828,0.032651015
2008-10-03,UUP,-0.004031427,-0.033780936
2008-10-06,UUP,0.011838493,0.04749996
2008-10-07,UUP,-0.0070035304,0.021518003
2008-10-08,UUP,-0.0032180238,0.018602282
2008-10-09,UUP,0.0052240426,0.09197173
2008-10-10,UUP,0.0016019227,-0.024436405
2008-10-13,UUP,-0.00080064056,-0.034214165
2008-10-14,UUP,-0.0004005608,0.0515949
2008-10-15,UUP,0.011551612,0.018088115
2008-10-16,UUP,0.0051353066,0.056345396
2008-10-17,UUP,0.0015748035,0.071038015
2008-10-20,UUP,0.007837031,-0.056854587
2008-10-21,UUP,0.016260521,0.08045386
2008-10-22,UUP,0.0118344575,-0.036902044
2008-10-23,UUP,-0.0057088644,0.022894844
2008-10-24,UUP,0.025623105,-0.01369794
2008-10-27,UUP,0.0,0.037216388
2008-10-28,UUP,-0.011599756,-0.034872457
2008-10-29,UUP,-0.01631605,-0.06807361
2008-10-30,UUP,-0.0011483255,0.10730486
2008-10-31,UUP,0.01482635,0.041217603
2008-11-03,UUP,0.0048899115,0.045159604
2008-11-04,UUP,-0.02124558,-0.04429819
2008-11-05,UUP,0.0034424628,-4.2408774e-06
2008-11-06,UUP,0.0140446415,0.086047545
2008-11-07,UUP,-0.0022641518,0.036496684
2008-11-10,UUP,0.00075528707,0.036282293
2008-11-11,UUP,0.015358984,0.10079496
2008-11-12,UUP,0.0022279995,-0.02049347
2008-11-13,UUP,-0.016078118,0.029672949
2008-11-14,UUP,0.0082583055,-0.02937264
2008-11-17,UUP,-0.0007479432,-0.022918357
2008-11-18,UUP,0.002988422,-0.06414104
2008-11-19,UUP,0.003425681,-0.04996834
2008-11-20,UUP,0.006594815,-0.017887935
2008-11-21,UUP,-0.0048121507,0.08797542
2008-11-24,UUP,-0.024794659,0.060996134
2008-11-25,UUP,-0.011861628,0.008559591
2008-11-26,UUP,0.011100592,0.019316232
2008-11-27,UUP,0.0,0.062152997
2008-11-28,UUP,0.010602144,-0.07741236
2008-12-01,UUP,0.0056338175,-0.084085554
2008-12-02,UUP,-0.0056338175,-0.06720791
2008-12-03,UUP,0.0015054576,-0.01665424
2008-12-04,UUP,-0.0026360399,-0.036752656
2008-12-05,UUP,0.0041392343,-0.038271915
2008-12-08,UUP,-0.017042639,-0.050996847
2008-12-09,UUP,0.0026664191,-0.045407634
2008-12-10,UUP,-0.005726865,-0.068086
2008-12-11,UUP,-0.022472857,0.02886235
2008-12-12,UUP,-0.0023538654,0.047518324
2008-12-15,UUP,-0.024238769,0.021327568
2008-12-16,UUP,-0.024453208,0.060856413
2008-12-17,UUP,-0.012030845,-0.04929729
2008-12-18,UUP,0.016967094,0.013782044
2008-12-19,UUP,0.015149337,0.06870607
2008-12-22,UUP,-0.0005659996,-0.050427757
2008-12-23,UUP,-0.0007281848,-0.035244647
2008-12-24,UUP,-0.00040477637,0.037970796
2008-12-25,UUP,0.0,-0.082454324
2008-12-26,UUP,-0.005277057,0.03273857
2008-12-29,UUP,0.0048721167,-0.07056288
2008-12-30,UUP,-0.004465199,-0.04164611
2008-12-31,UUP,0.004465199,-0.024899201
